D 50808
C 8
S 50666,107394 540,561 585,602 4
S 52556,104324 540,558 573,614 1
S 55802,104776 540,571 582,605 3
S 52555,107422 540,556 558,585 4
S 107389,101354 555,583 584,603 4
S 104246,101070 544,587 588,608 3
S 274121,107410 540,564 576,611 4
S 52552,101427 540,571 572,573 4
S 50801,107387 540,557 558,588 5
S 93133,55998 542,567 579,609 2
S 93130,104428 541,569 570,576 2
S 265009,107411 556,571 573,614 1
S 93105,265008 540,575 582,606 2
S 93133,104761 540,573 574,591 5
S 52553,104771 540,562 584,603 1
S 107426,52543 559,583 584,615 3
S 107418,52539 564,579 580,613 3
S 101070,104777 546,576 581,607 4
S 107413,104422 552,592 593,602 2
S 104738,104270 547,591 592,614 2
S 50805,104431 540,560 561,575 1
S 56099,104781 540,571 585,602 2
S 50805,107414 540,566 567,585 5
S 107390,56150 558,580 581,608 2
S 101071,107415 540,582 583,591 1
S 266655,265011 542,571 578,609 4
S 50665,265015 540,559 560,582 4
S 104284,104760 544,589 590,605 4
S 55811,107388 543,559 560,587 3
S 50799,104768 540,565 572,615 3
S 93128,93379 548,564 576,611 5
S 107388,56128 547,592 593,603 4
S 50807,107388 540,560 561,591 4
S 55994,107413 544,565 566,582 4
S 55799,272867 542,559 572,615 2
S 107418,93545 553,591 592,614 1
S 107423,104310 558,585 586,613 1
S 265014,101355 550,575 584,604 2
S 55789,107415 542,557 561,582 5
S 56114,55996 540,567 573,614 3