D 143411
C 11
S 88184,142800 549,581 604,620 2
S 87843,71370 546,589 590,593 5
S 102753,88334 542,578 600,623 2
S 133325,116415 540,565 604,620 2
S 87861,135363 555,579 598,625 1
S 143399,87917 540,549 552,580 2
S 73170,256894 566,581 591,632 3
S 133196,74616 540,561 600,624 1
S 88237,103084 548,582 589,634 1
S 133323,117066 540,560 600,623 3
S 91807,133196 540,584 590,634 2
S 142777,73240 540,565 566,593 5
S 102754,91805 547,573 601,622 2
S 132608,103075 541,566 590,633 5
S 135362,133199 540,559 604,620 3
S 143397,91716 540,559 560,579 4
S 142478,71554 540,562 593,630 4
S 134385,134469 540,565 590,633 5
S 133323,71408 540,562 563,596 2
S 102797,74617 541,579 590,633 2
S 117081,133024 540,573 598,625 3
S 78730,133342 555,587 594,630 4
S 116089,87078 549,566 590,633 5
S 87861,142651 558,575 596,628 1
S 132828,256902 542,562 599,625 4
S 102799,71540 547,573 593,630 1
S 71370,264715 558,596 597,629 3
S 256897,87919 540,557 604,620 5
S 91817,71410 553,571 572,591 5
S 71372,103074 567,588 599,625 3
S 143400,116144 540,553 590,634 2
S 143395,142478 540,553 597,626 4
S 257021,133195 540,560 603,621 5
S 73171,116190 553,596 597,629 3
S 91738,257031 541,585 595,628 5
S 73225,88238 558,589 599,624 1
S 256902,142807 540,555 597,626 3
S 133307,71410 543,559 560,596 1
S 73241,102795 564,582 597,626 1
S 142778,79203 540,561 598,625 1