D 11409
C 9
S 6335,5762 550,568 590,626 5
S 8415,3138 540,577 589,628 2
S 3127,3140 552,592 593,631 2
S 3287,2990 550,590 593,623 5
S 20731,5767 540,564 591,626 5
S 3837,11396 547,583 586,631 3
S 2961,3701 554,597 600,616 1
S 5930,3286 549,575 601,616 5
S 3603,4296 548,591 595,621 4
S 8415,3772 541,567 568,585 5
S 3656,5763 548,588 591,625 3
S 8400,3266 540,577 597,620 1
S 11999,6347 540,567 568,571 4
S 11984,6428 540,558 559,576 5
S 8414,2990 540,576 594,623 4
S 2960,3856 558,591 598,619 1
S 6426,3286 541,571 572,580 4
S 11984,3279 540,568 569,585 3
S 3836,5768 543,588 596,621 2
S 5931,284363 549,576 577,589 3
S 2962,284091 565,585 586,631 2
S 3657,5753 548,588 589,627 2
S 284090,2961 550,584 587,630 1
S 6384,5768 540,580 599,617 1
S 3126,5793 560,583 592,625 2
S 3286,5765 561,580 595,621 5
S 2962,6038 560,591 596,620 5
S 8399,3279 540,573 574,584 5
S 2977,3283 562,586 587,631 1
S 11960,5751 540,558 590,626 3
S 12003,3125 540,563 564,593 2
S 8405,3003 540,575 576,595 3
S 11955,11398 540,552 591,626 5
S 3837,5753 542,587 601,616 4
S 11981,6336 540,557 558,571 1
S 11411,6091 540,550 592,624 2
S 8946,5930 540,572 573,584 2
S 2981,5763 562,583 595,622 2
S 3775,6044 550,583 592,625 1
S 3286,5752 555,585 587,630 2