D 158886
C 11
S 260289,158257 548,592 593,611 2
S 124536,139478 540,575 577,592 3
S 158859,152985 540,553 581,623 1
S 158330,151193 540,565 591,613 5
S 260206,158872 547,576 583,620 2
S 158886,158261 540,554 583,621 1
S 151839,158258 540,572 584,620 5
S 260206,158125 542,582 589,614 3
S 127429,150975 546,565 581,622 1
S 124570,255518 542,578 593,611 2
S 260159,152995 552,584 592,611 1
S 152616,260186 540,567 568,579 4
S 160152,124525 540,550 551,576 4
S 260244,158278 553,575 592,612 4
S 123336,151193 569,595 596,615 2
S 128250,158792 573,595 596,620 5
S 124073,152995 563,592 593,613 1
S 123994,153111 566,587 588,620 5
S 127428,157054 540,575 583,621 5
S 151682,158418 540,573 585,618 3
S 124534,152984 547,568 581,623 5
S 260206,153074 552,571 586,617 2
S 151895,151192 540,563 591,612 5
S 158861,153107 540,553 580,623 2
S 158330,260242 540,554 555,579 2
S 260175,260923 556,574 575,598 5
S 260190,158259 546,580 583,621 1
S 127429,158873 540,574 589,615 5
S 260406,158261 543,575 590,613 1
S 152615,260236 540,557 558,584 3
S 260193,153115 552,574 582,622 1
S 260243,158124 548,586 587,620 1
S 260186,153116 556,571 588,616 1
S 124026,153114 556,595 596,616 2
S 152563,124074 540,566 567,592 3
S 128213,153104 569,597 598,616 3
S 151897,158207 540,563 587,617 1
S 151897,124061 540,572 573,590 2
S 152555,158208 540,571 581,623 4
S 152564,128213 540,568 572,594 4