D 12022
C 10
S 8557,12017 540,567 605,624 2
S 8595,8016 540,567 568,581 1
S 8565,12029 540,573 597,631 4
S 8023,14460 557,573 574,592 1
S 12216,12571 540,557 558,570 4
S 281585,282853 558,585 603,626 4
S 7664,12635 548,587 592,637 1
S 12572,281585 542,576 577,582 5
S 12023,8578 540,554 604,624 1
S 12573,12226 549,569 594,634 4
S 8578,14460 540,574 575,590 3
S 8574,8083 540,564 593,635 4
S 8019,12220 551,578 596,632 2
S 14242,12035 556,593 601,628 4
S 12215,12536 540,560 561,574 5
S 12213,8192 540,564 565,568 1
S 12556,13981 542,578 605,624 2
S 8339,12185 540,575 601,628 5
S 12210,8574 540,568 606,623 4
S 12224,13985 540,562 563,579 4
S 7835,8346 545,587 605,624 1
S 7741,7661 549,591 599,629 3
S 8073,14461 554,569 594,634 5
S 8074,8019 547,577 598,630 3
S 7661,7659 556,579 604,625 1
S 14423,7645 554,599 603,626 5
S 7742,12027 558,583 594,634 4
S 7659,8574 554,580 595,633 3
S 12141,282828 540,551 607,622 2
S 282854,8595 542,584 599,629 1
S 7783,14260 548,589 601,628 1
S 8578,8575 540,567 593,635 3
S 14166,14242 564,582 601,627 1
S 12023,12490 540,550 551,575 1
S 14319,8282 561,591 599,630 4
S 12224,8576 540,564 601,627 3
S 14318,14260 563,590 604,625 2
S 12187,12193 540,554 593,636 4
S 14320,13989 559,595 601,628 4
S 7743,12218 560,580 606,623 4