D 9226
C 10
S 21812,27306 540,565 582,622 1
S 27411,26789 557,583 595,610 5
S 21866,11780 540,574 593,612 4
S 22075,27448 547,565 566,591 2
S 22651,26781 545,571 591,613 5
S 28541,21740 554,581 593,611 1
S 27250,21870 552,572 587,617 3
S 21679,278465 540,559 580,625 3
S 22090,21838 540,574 592,612 2
S 22133,27312 540,575 592,613 5
S 29857,26873 550,595 596,618 3
S 27410,280154 558,583 593,612 1
S 9227,22080 540,553 554,565 5
S 22076,27340 546,564 592,613 2
S 21696,280175 540,558 585,620 5
S 22676,21811 540,575 582,622 4
S 278759,26787 550,591 594,611 1
S 278462,21817 550,594 595,618 1
S 11780,27340 540,563 587,618 2
S 21742,278759 540,565 566,584 1
S 11526,27505 540,557 558,580 3
S 21838,27500 542,561 562,581 4
S 282610,20416 540,559 589,616 4
S 28534,26782 560,575 580,624 5
S 279267,21816 551,573 593,611 5
S 21733,28535 540,562 563,577 1
S 9238,22097 540,556 589,616 1
S 282607,27251 540,558 559,577 1
S 279262,22079 552,571 594,611 1
S 27491,22076 551,580 581,623 4
S 21680,28541 540,556 557,588 1
S 27409,26874 561,581 583,622 5
S 9288,27412 540,556 582,623 4
S 27460,27445 561,577 589,616 4
S 27492,22081 543,588 589,616 4
S 21703,28540 540,559 560,576 5
S 21735,278977 540,569 570,585 3
S 26751,27336 540,582 593,612 2
S 21742,22167 540,567 594,611 4
S 282610,22644 540,555 556,566 1