D 20407
C 10
S 36386,27347 543,559 608,633 3
S 74604,20388 563,590 608,633 2
S 73129,79118 564,584 600,642 4
S 36380,79202 540,564 570,587 2
S 56745,79202 546,580 581,598 2
S 87656,56749 570,590 602,639 5
S 29883,87799 540,556 605,636 4
S 36437,71570 540,570 571,592 4
S 79117,87666 563,594 603,638 5
S 20403,36380 540,553 613,629 5
S 71565,87804 551,595 596,603 5
S 61715,62065 542,585 609,633 1
S 19876,73129 540,556 604,638 4
S 79040,56680 565,591 599,642 1
S 20398,74608 540,553 566,585 5
S 30292,36825 540,563 600,641 2
S 30287,278757 540,571 602,640 3
S 36831,79114 540,575 607,634 5
S 87833,56761 565,598 599,643 3
S 29890,27442 540,564 608,634 3
S 37441,62308 545,564 610,632 5
S 62079,71111 549,582 604,637 3
S 61710,79053 557,572 573,590 1
S 71569,74603 554,590 600,642 3
S 39278,87815 549,569 570,603 3
S 30248,39329 540,569 570,577 4
S 71186,79114 558,581 612,629 4
S 20403,39269 540,551 552,575 5
S 87803,62075 563,603 604,638 5
S 87856,36431 571,594 610,632 2
S 19875,79116 540,557 607,634 2
S 20403,62096 540,547 606,636 4
S 19876,71567 540,552 562,583 2
S 73133,62308 565,584 606,635 2
S 36825,87095 541,567 568,596 5
S 62311,87806 553,583 584,594 1
S 61713,37430 542,586 600,641 1
S 37431,87805 542,572 576,591 5
S 62369,278468 545,587 611,631 2
S 62077,87806 554,576 577,602 3