D 192200
C 12
S 178403,165751 548,565 566,604 5
S 178892,170048 540,564 607,637 1
S 164733,253299 562,605 606,644 3
S 170291,167163 545,570 602,642 5
S 178436,170575 545,566 611,633 4
S 191966,165927 540,559 565,589 4
S 166130,167799 560,589 600,644 4
S 165929,166039 561,594 599,644 4
S 167468,165768 547,576 605,639 4
S 191992,253146 540,560 569,588 2
S 167469,253322 548,576 577,607 4
S 178890,164084 540,560 561,581 1
S 166894,167219 554,581 614,629 4
S 178905,165929 540,558 559,599 3
S 165751,182853 566,598 612,631 4
S 164497,167947 565,603 604,640 5
S 179504,165751 540,559 603,641 2
S 164734,164398 562,604 605,638 3
S 165769,165772 562,596 603,640 1
S 167479,166131 544,578 579,591 1
S 164154,164728 556,580 581,606 4
S 165917,182155 562,593 603,641 3
S 192067,165916 540,560 606,638 2
S 178441,178094 541,571 607,637 4
S 166119,191499 561,586 612,631 2
S 170291,164316 546,569 608,636 4
S 163981,164733 550,577 578,591 3
S 192063,164715 540,550 571,598 2
S 178395,191524 547,567 604,639 2
S 167143,165753 559,584 613,631 2
S 166128,179847 559,589 599,644 1
S 167143,253138 559,585 614,629 5
S 165762,167661 567,592 604,640 3
S 164079,165768 557,575 576,590 3
S 166129,182827 557,591 610,633 3
S 164529,164313 567,603 604,640 4
S 178899,167161 540,565 614,630 3
S 166131,167797 560,589 609,635 1
S 164319,167964 554,598 610,633 4
S 167158,182161 561,584 601,642 4