D 74008
C 11
S 18038,62679 572,595 606,646 1
S 56974,34582 552,567 610,642 5
S 62672,34558 540,577 611,641 1
S 56964,38379 544,579 609,643 5
S 34811,62671 556,588 603,648 2
S 38425,17887 547,583 606,646 2
S 56986,30747 542,577 616,635 5
S 56989,62679 551,566 607,645 1
S 62673,70462 543,565 604,647 4
S 38396,34579 544,589 617,635 3
S 18251,61300 570,590 615,637 4
S 73501,70462 540,552 616,636 1
S 73487,18095 540,558 566,598 2
S 61038,70893 540,578 617,635 5
S 18107,34808 567,595 614,638 5
S 18252,39707 565,594 607,645 4
S 30744,18254 557,598 615,637 4
S 34579,18247 557,591 613,639 4
S 280885,39752 576,594 607,644 5
S 38258,70791 548,590 617,635 2
S 70789,280883 540,558 612,639 2
S 18023,17653 570,598 615,636 1
S 73492,56977 540,553 603,648 3
S 38383,70792 559,575 615,636 5
S 56949,62721 547,577 616,636 4
S 74007,39707 540,553 554,583 5
S 73897,70844 540,559 618,633 1
S 280883,61175 573,597 608,643 1
S 38383,34814 550,584 610,641 1
S 61174,17937 540,572 573,595 4
S 18248,73890 559,600 613,639 2
S 56964,62721 551,571 603,648 5
S 62720,18253 540,571 611,640 5
S 61300,38256 545,566 611,641 4
S 73893,62673 540,562 612,640 1
S 70437,62720 540,573 607,644 2
S 39706,61181 545,582 618,634 3
S 70462,38386 540,564 565,586 2
S 38258,70400 558,580 603,648 2
S 73897,34582 540,551 612,639 2