D 43664
C 12
S 25200,43603 542,575 576,603 3
S 24983,25375 542,579 580,602 3
S 43587,42259 540,550 561,601 4
S 42274,25373 540,566 567,599 5
S 25229,25181 548,576 577,596 1
S 25228,42054 553,571 572,592 1
S 275921,42271 540,562 570,591 2
S 41849,25212 540,566 567,572 5
S 276083,25212 540,572 573,588 3
S 275907,25225 540,552 553,571 1
S 24979,25191 540,583 584,593 4
S 42096,275919 540,556 573,589 4
S 25220,25384 542,581 582,597 4
S 25317,25191 550,565 571,590 3
S 43662,275909 540,559 573,589 1
S 25223,42054 541,585 586,595 2
S 42052,41848 540,563 572,590 5
S 276286,25185 546,562 563,598 2
S 276284,42071 540,574 575,593 5
S 42048,43588 540,560 562,599 2
S 25201,42268 550,567 568,602 1
S 26190,25290 540,572 573,599 4
S 25374,25268 540,575 576,590 2
S 25224,25181 543,581 582,601 5
S 25290,26186 540,580 581,597 3
S 25296,43593 540,581 582,593 1
S 42052,25295 543,558 573,588 4
S 42266,25182 540,554 555,574 3
S 25200,43594 542,574 575,596 4
S 42233,25216 540,559 560,574 2
S 42106,26180 540,568 573,588 3
S 43664,42267 540,550 564,597 4
S 42045,26161 540,568 573,588 2
S 276062,25389 540,573 574,595 4
S 276063,25342 540,575 576,598 4
S 25227,25385 551,573 574,593 5
S 276060,43657 540,566 567,595 2
S 275919,43603 540,551 570,592 4
S 25231,25176 549,574 575,600 5
S 25201,25231 548,568 569,599 1