D 164299
C 11
S 180338,216726 541,559 638,673 5
S 170886,184222 540,560 637,673 1
S 166152,227874 540,562 638,673 4
S 166154,223224 540,560 646,664 5
S 170797,223853 540,564 572,599 3
S 228685,194823 575,616 647,664 1
S 209466,228686 547,590 591,606 3
S 177725,211472 540,569 644,666 3
S 166156,194787 540,551 552,583 2
S 209640,166044 554,584 640,671 2
S 216718,223310 559,599 647,664 3
S 170944,223779 540,557 569,598 2
S 211478,228341 551,596 633,677 2
S 228343,228339 569,610 634,676 4
S 170836,228343 540,566 641,670 1
S 180721,166175 540,567 640,671 1
S 180817,227875 546,565 638,672 2
S 166160,181592 540,559 560,575 1
S 216564,180721 557,598 643,667 4
S 170834,180335 540,556 642,668 3
S 223232,228301 566,596 597,611 3
S 180514,211581 540,567 639,672 2
S 227835,236119 571,605 636,674 2
S 180810,194813 540,571 645,665 2
S 227836,184510 579,596 636,675 1
S 228315,228685 572,615 635,676 2
S 228727,180533 583,611 639,672 5
S 228298,180690 584,600 634,677 4
S 180428,211364 540,563 564,580 3
S 180723,223840 541,566 642,668 5
S 166149,170934 540,561 634,677 5
S 180741,216601 541,565 645,666 5
S 236119,184476 581,603 647,663 5
S 180514,216574 540,562 634,676 1
S 170832,184493 540,555 645,666 5
S 169647,180349 540,570 645,665 5
S 228733,228683 584,612 642,669 3
S 227830,194813 581,596 635,675 2
S 211385,184351 552,594 643,667 5
S 169647,223854 540,569 570,608 3