D 145521
C 8
S 264612,262321 582,597 640,663 5
S 110313,263581 540,556 632,672 1
S 105635,144335 548,567 635,668 2
S 99273,145169 544,586 635,668 3
S 76721,114124 586,604 642,661 4
S 92290,144207 578,609 639,665 2
S 105385,76724 543,579 580,611 5
S 76290,263577 588,606 629,674 4
S 104080,76736 572,606 633,670 2
S 101550,104040 571,612 643,661 3
S 100802,144212 547,588 638,665 2
S 101378,145147 570,602 632,671 4
S 92287,108311 572,613 631,672 3
S 100355,101589 552,583 633,671 1
S 92286,104630 576,609 631,672 3
S 145466,100802 540,550 556,580 3
S 113609,145510 540,564 631,673 4
S 106696,264632 540,560 638,665 2
S 75794,108981 580,617 636,667 1
S 76717,104510 585,605 632,672 5
S 104070,104039 571,606 640,663 1
S 75779,76277 593,609 633,671 5
S 100357,104506 557,580 632,671 2
S 101152,109299 563,598 639,665 4
S 99246,101164 554,577 578,602 1
S 100359,101590 547,590 638,665 4
S 145465,76718 540,560 581,610 2
S 101513,145514 573,610 639,664 1
S 110058,76731 540,570 577,612 1
S 105727,114074 540,572 638,666 3
S 101132,114071 572,587 630,673 3
S 101345,75760 575,593 594,617 4
S 106701,92294 540,572 635,668 5
S 76292,262314 581,612 636,668 3
S 110406,75777 540,553 582,621 5
S 101378,145152 571,600 634,670 2
S 99275,75771 555,575 585,614 4
S 99233,76301 554,579 583,610 1
S 100802,107578 546,589 632,671 1
S 113558,76271 540,563 578,618 5