D 161404
C 11
S 125678,254103 578,621 684,707 3
S 68815,65395 596,633 634,646 5
S 65438,161875 607,645 673,717 2
S 68301,161933 606,631 685,706 1
S 82637,82617 600,624 674,716 3
S 162404,65377 562,603 615,643 3
S 68060,65372 605,637 687,704 2
S 162259,151709 562,607 682,708 1
S 82688,161403 594,627 684,707 3
S 68060,254127 613,628 675,715 5
S 126619,65423 593,612 615,639 5
S 160379,68302 564,606 607,638 4
S 200503,160479 552,574 687,703 4
S 161731,65381 541,565 622,637 3
S 160378,126619 573,596 677,713 3
S 204190,157647 540,576 582,597 3
S 199680,160470 559,597 682,709 3
S 200559,68781 561,582 675,715 3
S 65972,254104 602,647 682,708 3
S 68851,68065 594,631 686,704 5
S 200151,126617 562,588 683,708 3
S 200507,65437 544,585 616,635 4
S 65968,157137 616,631 687,703 1
S 161521,125679 540,565 677,714 3
S 82688,161875 595,626 680,710 3
S 66377,68060 604,643 677,713 2
S 162259,254135 567,603 682,709 3
S 82633,126343 601,621 684,707 1
S 65397,161774 615,643 674,716 5
S 200984,126113 560,577 583,614 3
S 200156,64450 562,585 680,710 5
S 126113,126579 581,616 684,706 4
S 161697,161874 543,558 679,711 2
S 82609,65420 592,622 623,637 4
S 254119,66374 575,603 615,634 1
S 65396,68055 613,646 680,710 4
S 126621,65396 594,611 619,640 2
S 204191,82617 540,577 675,715 4
S 200520,82618 557,574 602,618 2
S 254124,161401 576,598 683,708 4