D 56122
C 10
S 11800,48562 557,592 640,655 5
S 47734,4751 540,578 580,606 2
S 26493,283883 555,580 633,662 3
S 20925,11439 562,591 633,662 4
S 47742,21349 540,573 631,663 1
S 40655,5086 549,568 578,596 5
S 56196,26548 540,565 566,587 5
S 40655,40841 547,570 637,658 2
S 51532,29332 540,567 568,580 4
S 22948,283605 552,586 637,657 1
S 26493,5430 546,589 637,657 5
S 40655,5460 549,568 632,663 4
S 40672,50051 540,576 630,665 1
S 11807,283582 555,596 597,614 4
S 29332,27774 546,573 637,657 1
S 11793,5467 559,588 589,601 2
S 52504,29391 540,562 626,669 2
S 5462,47753 565,604 639,656 1
S 283878,11436 585,604 635,659 3
S 283871,56180 587,604 627,667 3
S 48607,283605 540,576 580,608 4
S 11235,283668 570,589 633,661 5
S 283871,11430 577,614 629,666 4
S 5052,27173 579,595 629,665 5
S 52502,28183 540,560 561,569 4
S 92823,40866 540,550 551,569 3
S 26490,283878 555,580 636,659 5
S 52505,20920 540,560 634,660 5
S 56193,5105 540,557 638,656 4
S 5465,279200 567,602 630,665 1
S 11813,21751 570,585 629,666 2
S 4728,5468 567,610 632,662 3
S 51492,27774 540,556 635,660 4
S 11241,47872 562,599 633,661 2
S 283871,5432 586,605 635,660 1
S 51453,22883 540,565 566,579 3
S 48563,26554 540,575 576,585 3
S 5465,48694 562,606 626,669 5
S 21584,5105 562,582 583,604 4
S 22811,5463 561,582 583,598 1