D 283343
C 8
S 42190,25373 569,602 669,706 4
S 24379,24576 558,573 676,698 4
S 5435,25183 540,563 679,695 3
S 273540,273541 592,627 671,704 1
S 45089,280304 583,612 673,701 1
S 43813,53306 582,604 670,704 2
S 279760,42160 550,569 575,595 2
S 25211,53297 553,594 678,696 3
S 5435,25201 540,553 673,702 5
S 45297,5431 578,611 676,698 2
S 25183,45089 568,585 677,698 4
S 21429,24369 543,566 665,710 4
S 25266,42503 559,586 587,607 5
S 24582,42348 561,577 578,598 2
S 53732,5454 593,631 672,703 3
S 283333,25386 540,563 673,702 5
S 25247,95393 562,580 599,629 1
S 95389,46784 601,625 676,699 3
S 45024,11186 583,609 677,697 5
S 273554,25186 587,630 679,696 5
S 45990,43814 583,617 672,702 4
S 42501,42152 579,598 678,696 2
S 45294,11215 585,605 667,707 5
S 283335,25319 540,555 568,583 3
S 42505,273541 575,604 676,698 3
S 283335,5430 540,550 666,708 4
S 273537,11192 589,631 671,703 2
S 9269,5430 542,558 678,696 2
S 280305,283341 542,563 676,699 4
S 95398,53321 597,631 667,707 1
S 46025,24379 593,609 677,698 1
S 45256,25239 586,611 678,696 3
S 45334,53424 573,615 674,701 2
S 53407,54668 593,622 676,698 1
S 25374,25294 558,599 669,706 5
S 24582,45090 547,591 592,607 4
S 5288,24162 540,569 570,580 2
S 24329,24181 550,577 668,706 5
S 23019,42477 541,571 572,608 2
S 21429,279766 544,565 672,702 4