D 270894
C 10
S 125557,199561 544,571 572,604 2
S 68607,157885 540,564 669,691 1
S 157383,201175 557,577 666,694 2
S 205514,202774 600,623 663,698 2
S 151713,199420 551,576 670,691 4
S 245195,125673 603,620 670,690 1
S 127404,200913 545,581 582,613 3
S 125550,202506 540,573 670,691 3
S 160234,126523 560,594 668,693 2
S 68684,162629 540,557 567,597 1
S 126128,270915 540,580 672,688 2
S 157884,157384 556,591 658,703 5
S 125555,245196 543,571 596,626 5
S 160237,160321 559,597 669,691 4
S 83913,160322 540,564 573,588 3
S 202756,160236 585,627 661,700 3
S 151709,245191 551,580 600,620 3
S 68397,160234 540,562 566,588 5
S 125561,202677 547,571 667,694 5
S 126129,202413 547,573 591,612 4
S 162629,201173 566,598 664,696 4
S 157653,201824 550,589 590,616 4
S 201134,270905 577,611 661,699 5
S 160224,157888 559,595 672,689 3
S 157650,157882 547,590 661,700 3
S 157653,83036 549,590 663,698 1
S 125436,202782 540,572 589,628 2
S 157649,83035 551,587 670,691 2
S 160218,200826 555,597 668,693 5
S 160237,157886 559,596 666,695 2
S 126129,126521 549,571 666,694 5
S 83581,125551 540,570 659,701 5
S 157883,157384 558,589 660,700 1
S 160328,83507 573,588 661,700 5
S 200917,125551 579,607 668,693 3
S 157145,201174 551,580 663,698 5
S 162631,205504 565,598 600,623 2
S 68681,199553 540,560 666,695 5
S 126343,125411 541,581 661,700 2
S 245192,127403 587,632 666,694 3