D 4340
C 9
S 6573,7767 540,568 569,591 5
S 8192,13977 550,577 597,628 5
S 7765,282888 559,591 595,629 4
S 282852,8065 545,588 597,627 2
S 5993,7784 540,556 557,593 1
S 5832,7743 540,559 594,631 3
S 12572,282888 541,582 602,622 5
S 8073,6573 552,577 599,625 4
S 4129,7972 540,570 598,627 1
S 12564,7783 552,572 592,632 2
S 7643,4129 551,589 599,625 1
S 8072,5952 557,572 604,620 4
S 4334,7644 540,550 551,591 4
S 283999,8293 540,551 602,623 2
S 12557,8064 549,575 593,631 2
S 5865,8015 540,567 568,581 2
S 8283,6597 548,564 591,634 3
S 281605,7666 564,591 603,621 2
S 281606,8014 568,586 599,625 1
S 4129,8024 540,566 567,586 2
S 8285,13975 545,567 600,625 5
S 12533,7766 544,582 590,634 1
S 282852,8212 557,576 600,624 3
S 4320,5938 540,558 597,628 4
S 5971,4332 540,568 592,632 4
S 6532,6572 542,561 597,628 3
S 7782,5866 557,591 602,622 4
S 281603,282858 560,594 596,629 1
S 7782,6595 566,582 601,623 3
S 8297,7645 540,572 590,635 2
S 12533,8206 541,585 591,634 1
S 13971,282853 567,586 590,634 3
S 4339,4317 540,548 597,628 2
S 12533,4320 546,580 599,625 5
S 5973,7661 540,566 597,627 1
S 8059,6532 548,583 598,627 4
S 7784,13978 564,584 601,623 2
S 12490,13976 541,577 598,627 5
S 8019,7978 550,587 602,622 1
S 5954,8191 540,562 563,585 4