D 127575
C 10
S 138997,139147 552,582 583,601 4
S 128799,128772 543,561 582,601 2
S 128773,128295 540,569 574,609 2
S 131723,127622 540,581 582,610 1
S 128617,131766 541,556 557,579 1
S 139153,128658 543,571 581,603 5
S 128601,128295 540,557 579,604 4
S 127623,128773 540,557 572,612 3
S 131729,128742 548,572 576,607 4
S 128774,131654 542,561 562,583 2
S 139172,131779 545,568 579,605 4
S 128052,139152 540,566 577,607 4
S 139199,139155 548,569 570,614 2
S 259239,131653 540,554 555,581 5
S 259236,123331 540,561 570,614 3
S 257436,139469 543,566 579,605 1
S 259237,131751 540,557 558,584 2
S 128741,131957 540,564 565,580 5
S 128777,139198 540,571 582,602 1
S 131720,128741 541,579 580,613 1
S 131961,128825 545,584 585,605 3
S 122721,128163 540,562 579,605 1
S 127586,132161 540,560 561,573 4
S 128601,131717 540,556 582,602 3
S 127782,131962 540,551 552,586 5
S 128771,139311 540,573 577,606 2
S 128626,139308 540,562 581,602 2
S 257473,128436 547,570 572,611 3
S 128004,131723 540,559 583,600 5
S 128508,139199 540,564 565,576 3
S 128006,139164 540,554 555,565 5
S 131957,128771 549,580 581,606 2
S 127581,128831 540,556 570,614 1
S 128004,131957 540,567 568,581 2
S 128603,128729 540,563 573,610 3
S 128836,127917 540,577 578,612 3
S 127582,139309 540,550 574,609 5
S 127913,128824 540,555 584,599 1
S 132174,124160 547,585 586,611 3
S 128625,138995 540,564 574,609 5