D 285040
C 12
S 9136,283543 545,588 616,656 1
S 597,280013 540,562 626,645 5
S 564,11260 540,557 558,591 5
S 232,21594 540,557 558,599 2
S 22948,5570 569,600 619,653 1
S 5568,22890 545,585 616,656 2
S 5073,3343 548,578 625,647 2
S 551,11258 540,567 568,585 1
S 11807,284251 559,590 613,658 4
S 3342,11240 540,567 618,654 2
S 11355,284140 562,579 626,645 5
S 26505,26503 571,602 618,653 5
S 11811,284139 564,584 616,655 1
S 26504,21589 576,597 621,650 5
S 5546,22870 547,580 621,651 1
S 22870,283544 559,604 621,651 3
S 285041,5069 540,559 614,657 1
S 11431,5573 559,586 613,658 4
S 595,3365 540,553 618,653 3
S 11235,284261 552,585 613,658 4
S 4351,11444 548,567 568,578 1
S 11805,26503 558,593 618,653 1
S 248,5572 540,565 566,581 2
S 3475,11260 540,577 624,647 3
S 11236,3478 553,584 614,658 2
S 3413,284265 540,574 615,656 4
S 4350,26504 547,569 570,606 5
S 22867,284250 568,594 622,649 1
S 22944,11807 570,603 623,649 2
S 548,280014 540,563 568,593 5
S 4350,22875 546,570 622,649 4
S 11499,11356 562,585 619,653 1
S 865,284251 540,565 617,655 5
S 21583,230 566,595 628,643 4
S 5570,21594 548,583 621,650 3
S 5568,22875 548,582 583,598 2
S 3459,547 546,568 618,653 3
S 5074,9137 544,580 627,645 3
S 4988,21586 540,583 614,657 1
S 284259,26504 540,564 577,595 1