D 139589
C 11
S 131723,128441 540,570 579,601 3
S 141833,140551 558,573 580,601 5
S 139303,140553 540,565 566,575 3
S 141806,128431 544,588 589,610 5
S 128772,128828 540,553 580,600 2
S 257121,140552 549,574 576,604 3
S 141255,139301 541,581 582,609 5
S 141147,140802 552,577 578,613 4
S 257473,141256 540,574 581,600 1
S 257120,141261 544,580 581,602 5
S 140819,141833 548,570 571,611 3
S 140567,128440 543,573 575,605 3
S 140802,141164 540,581 582,603 4
S 141191,139308 549,576 577,605 4
S 140825,257252 543,576 577,612 3
S 139173,141250 540,564 568,612 2
S 140549,139294 540,575 576,611 4
S 139152,141822 540,570 571,587 5
S 139303,139152 540,560 579,602 5
S 140547,140831 549,564 582,599 3
S 131743,139199 540,568 571,610 1
S 141804,141822 550,583 584,609 5
S 139164,257250 540,566 567,576 5
S 128825,131720 540,568 575,606 5
S 139304,141156 540,558 582,598 5
S 128776,139192 540,555 574,606 4
S 128718,141824 540,563 564,585 2
S 128737,141248 540,561 573,608 2
S 257122,140565 545,579 582,599 3
S 139174,128708 540,561 574,607 3
S 258557,141825 540,577 578,586 1
S 141826,128825 554,577 578,612 2
S 128726,139070 540,551 552,572 1
S 140550,139104 546,568 571,610 1
S 140551,139104 540,579 583,598 1
S 128776,141254 540,554 555,579 4
S 257121,141239 550,573 574,613 2
S 141147,128436 549,580 583,598 3
S 141191,128773 554,570 573,608 3
S 139571,141241 540,559 560,573 4