D 274397
C 11
S 80500,80515 554,596 597,629 1
S 80498,79669 556,595 596,629 4
S 56566,79455 540,550 589,631 3
S 73985,62266 548,571 597,624 4
S 48253,71379 540,559 560,568 2
S 79462,79697 548,589 592,628 1
S 62003,71670 540,561 601,619 4
S 80730,74160 555,597 599,621 5
S 80681,71453 554,597 601,620 1
S 74388,79548 550,575 592,629 1
S 80734,79622 557,595 596,630 4
S 71389,74026 540,570 595,625 5
S 61940,80729 540,563 564,597 2
S 80501,73489 567,583 596,625 1
S 79617,71668 550,595 596,631 4
S 71589,270066 540,566 601,620 4
S 269903,73880 540,576 599,622 5
S 80514,71364 553,597 598,623 3
S 74259,79450 559,574 588,632 5
S 79548,62230 562,579 599,621 3
S 80505,62245 565,583 597,624 3
S 74317,270153 549,581 596,625 3
S 62265,79618 540,558 597,624 2
S 74256,71379 551,584 595,626 3
S 73982,61941 545,573 600,620 3
S 74002,79454 550,571 592,629 4
S 73981,79697 540,579 580,583 2
S 48222,74345 540,555 556,580 5
S 79550,73347 563,578 590,631 4
S 71384,62004 540,571 599,621 4
S 269026,270153 554,592 603,618 2
S 271869,85659 540,564 598,623 2
S 71402,71453 540,568 601,619 1
S 85651,73363 547,591 598,622 3
S 71367,74259 542,562 563,589 2
S 71454,85651 542,567 568,584 5
S 80729,73361 564,587 602,619 5
S 79697,79458 565,582 594,627 3
S 74002,74183 540,582 588,632 2
S 73982,74262 548,570 592,628 4