D 36010
C 10
S 39707,38153 540,574 603,639 3
S 60135,35225 563,595 600,642 5
S 60113,38168 560,601 611,630 4
S 39750,34865 540,576 602,640 2
S 60942,57553 540,581 582,598 4
S 59463,34933 577,597 606,635 2
S 36017,35245 540,563 583,603 5
S 38016,35186 540,555 577,606 5
S 60114,34933 570,591 612,630 2
S 39748,34710 542,568 603,639 1
S 57038,35816 542,572 611,630 5
S 60486,38169 563,582 608,633 1
S 60487,38235 552,592 599,642 1
S 38993,272633 540,564 570,612 1
S 60915,38235 549,584 604,638 1
S 60936,60356 544,577 578,593 3
S 62863,35204 547,579 613,629 4
S 60489,34401 550,592 608,634 5
S 39630,34785 540,562 612,629 2
S 60781,38153 549,591 600,642 5
S 38824,34861 540,562 608,633 3
S 39706,60454 545,563 564,591 4
S 38039,35209 540,562 611,631 2
S 35243,277516 579,608 609,641 5
S 38019,38169 540,562 602,639 4
S 60130,34707 565,595 600,641 2
S 38825,38234 540,568 599,643 1
S 57014,38232 540,576 605,636 1
S 60454,34406 565,583 609,632 2
S 36018,60454 540,558 562,586 4
S 36000,34956 540,554 603,638 2
S 60933,34835 546,581 598,643 1
S 277409,277519 540,564 604,638 1
S 39748,34718 540,571 599,642 4
S 272630,35201 578,600 613,628 1
S 60915,34712 559,575 604,637 3
S 60395,34403 556,599 600,643 1
S 35244,34940 576,611 612,640 1
S 60939,38234 547,573 609,632 5
S 59908,34405 569,600 603,638 1