D 120587
C 9
S 103198,120637 558,581 595,622 2
S 120771,116065 540,564 598,619 3
S 120606,101965 540,562 563,596 2
S 103190,117638 549,590 591,629 2
S 120532,120638 540,558 589,628 5
S 116949,116066 545,582 593,624 3
S 103198,120822 555,584 591,626 1
S 120610,118467 540,566 567,577 3
S 118726,116057 540,572 591,626 4
S 116443,120645 554,577 595,623 5
S 118360,118438 542,577 589,628 4
S 130924,102623 542,567 568,581 4
S 120597,118580 540,560 561,582 3
S 101944,118467 564,587 595,622 2
S 101791,264873 568,587 592,625 4
S 102380,120772 564,583 595,623 1
S 118706,130718 540,579 588,630 1
S 118295,101806 547,577 593,625 1
S 101962,101791 567,589 590,631 1
S 120607,118468 540,564 565,576 3
S 118573,118371 541,579 591,626 5
S 118456,120647 550,567 589,628 2
S 102630,120773 558,586 590,627 4
S 118281,116097 549,576 587,630 3
S 120618,120619 540,556 601,616 5
S 103198,102607 552,586 601,616 5
S 101959,101794 570,585 587,630 4
S 120766,120819 540,561 599,618 5
S 118550,116849 551,567 601,616 4
S 102387,118469 557,592 594,623 2
S 102674,130707 559,582 595,623 1
S 118549,130717 540,580 589,628 4
S 101949,264873 555,597 598,631 5
S 116951,103167 546,582 595,623 3
S 120587,118228 540,556 595,623 3
S 118336,101955 547,575 576,595 3
S 102674,130709 563,578 596,621 1
S 130755,102333 540,568 569,583 5
S 264690,130761 553,584 596,621 4
S 102666,102680 550,591 599,618 1