D 19548
C 11
S 37892,37924 552,573 574,609 4
S 19926,36265 540,557 558,564 5
S 36606,37903 550,568 574,605 2
S 38807,37924 547,585 586,606 5
S 19862,30422 540,555 575,604 1
S 37920,19542 545,581 582,612 4
S 38812,30335 550,581 582,610 1
S 19862,36602 540,563 576,602 2
S 30391,38800 540,573 574,580 3
S 38808,30424 545,587 588,599 2
S 278373,37899 544,559 560,580 5
S 38798,30394 559,577 580,598 2
S 19543,36276 540,558 559,575 3
S 19638,37940 540,551 552,578 1
S 36275,37900 547,568 580,599 2
S 19556,30422 540,551 552,574 3
S 36603,36231 545,573 574,605 3
S 19543,277369 540,554 568,610 1
S 277368,20290 542,567 574,605 1
S 37891,37812 545,580 581,611 4
S 29905,37898 540,559 560,577 2
S 19639,37812 540,555 556,578 5
S 29936,30389 540,568 578,600 2
S 36232,38802 540,572 573,587 5
S 277044,36314 550,571 573,605 1
S 29923,38810 540,565 566,577 1
S 36314,38797 540,577 578,586 1
S 29928,19950 540,559 578,600 1
S 30334,36603 541,562 579,599 3
S 38802,278373 557,578 579,608 1
S 38822,19542 555,574 575,611 1
S 38745,37902 561,577 581,597 3
S 38960,29935 548,582 583,603 4
S 37920,30418 551,574 575,607 2
S 277371,36106 540,576 578,600 5
S 38800,19891 556,580 581,598 1
S 36263,278372 540,573 581,598 2
S 20305,19554 540,563 569,609 1
S 29905,38532 540,564 565,582 1
S 277044,19858 540,581 582,610 3