D 143056
C 8
S 143080,136518 540,576 577,594 5
S 143746,114724 540,554 577,593 4
S 136510,114810 540,579 580,596 3
S 143766,114777 540,571 572,608 5
S 171924,133906 540,559 576,595 4
S 143051,114774 540,571 572,603 5
S 114810,136519 547,588 589,593 4
S 133624,115073 554,572 573,601 2
S 133677,136443 551,572 577,593 5
S 136509,114776 547,568 569,606 4
S 133910,136490 548,572 573,599 5
S 143686,114815 540,567 568,584 3
S 136944,114814 544,570 576,595 4
S 148765,133910 540,570 572,598 5
S 143768,133914 540,572 573,608 4
S 114780,114815 549,590 591,608 1
S 114775,136934 547,589 590,608 2
S 171922,133914 540,561 562,579 4
S 143051,114814 542,566 567,605 2
S 143740,133913 540,557 572,599 5
S 136508,114725 540,577 578,591 3
S 171922,133912 540,569 570,581 2
S 148712,133913 540,563 564,580 4
S 133668,115073 545,580 581,601 4
S 115233,114779 556,572 573,600 2
S 143737,136931 540,549 563,608 4
S 143746,136515 540,553 566,605 4
S 143050,115234 540,574 575,605 5
S 114811,114724 558,577 578,602 3
S 143739,136944 540,557 558,566 5
S 133628,114778 553,572 576,595 1
S 171998,133907 540,558 559,572 2
S 114911,133777 544,588 589,603 4
S 115236,133641 551,578 579,594 4
S 114659,115073 552,581 582,600 5
S 143762,114781 540,557 574,597 4
S 114723,136935 556,585 586,598 3
S 133677,133910 540,584 585,595 1
S 136435,114783 540,577 578,600 5
S 171923,114912 540,569 570,601 4