D 83148
C 10
S 125416,127478 541,568 569,592 4
S 126130,152682 546,579 628,671 2
S 255483,126859 560,578 636,663 2
S 83516,151194 540,568 569,607 5
S 125439,83580 541,571 627,672 1
S 153347,152434 577,612 641,658 1
S 127871,152305 571,603 628,671 3
S 125509,153051 540,579 640,660 1
S 153345,255242 577,613 640,660 5
S 125550,151407 548,568 569,584 2
S 259306,153347 563,581 582,610 1
S 151249,151439 562,597 629,671 1
S 125551,255373 545,572 628,671 2
S 125410,83515 543,563 640,660 3
S 83912,152372 542,562 629,670 3
S 83046,151156 540,567 637,662 3
S 83515,83905 540,555 637,662 4
S 127884,152712 574,602 628,671 2
S 151393,126123 559,580 633,667 5
S 124482,151961 551,596 639,660 1
S 83150,127757 540,561 567,603 1
S 83151,125410 540,552 636,664 4
S 83580,152708 543,559 632,668 4
S 126342,83515 544,584 630,669 4
S 127884,83579 569,607 633,667 1
S 127680,152707 567,585 631,669 3
S 153340,125436 586,605 640,660 1
S 127754,152683 562,606 636,663 2
S 83151,153355 540,548 633,666 1
S 151125,83085 580,601 629,671 5
S 125508,151161 547,567 627,672 3
S 126126,151172 543,581 634,666 2
S 153361,152376 581,606 632,667 2
S 125550,127755 540,580 581,600 3
S 127731,151935 563,602 638,661 3
S 125438,255481 548,563 564,580 1
S 83082,126124 540,557 633,667 1
S 153355,153355 585,606 628,671 3
S 83065,83074 540,566 630,670 5
S 125560,83076 540,583 634,665 2