D 95148
C 10
S 107432,100382 543,572 573,604 1
S 98699,104997 540,561 562,563 4
S 100627,107451 540,562 573,596 1
S 107411,98672 547,571 572,597 2
S 98676,104862 540,551 574,595 4
S 100572,108426 540,561 566,603 3
S 108425,107430 552,570 571,597 3
S 108930,99149 548,580 581,599 2
S 98683,100532 540,562 567,602 2
S 104986,104950 540,567 568,607 2
S 100386,104946 540,553 572,597 2
S 104927,99183 540,567 574,595 3
S 98721,104995 540,562 572,597 5
S 104992,104907 544,564 571,598 3
S 98680,104986 540,556 569,600 5
S 100578,108423 540,564 565,573 2
S 98717,98676 540,555 574,595 4
S 104997,104979 540,573 576,592 4
S 104923,108438 540,571 572,602 2
S 104922,98657 542,562 576,593 2
S 107424,99156 550,566 567,604 5
S 100690,104980 543,558 562,607 5
S 104928,98672 540,570 571,603 1
S 107397,107453 545,574 575,607 1
S 98711,98668 540,560 567,601 2
S 100380,104804 540,556 557,568 5
S 107410,98720 541,576 577,602 5
S 104993,100531 545,564 568,600 3
S 98690,104802 540,551 573,596 1
S 104923,108426 540,572 574,594 3
S 98693,104982 540,558 559,573 5
S 100695,104993 540,561 565,603 5
S 98721,100533 540,566 567,603 4
S 100404,108438 540,554 555,572 2
S 98662,104887 540,549 564,605 3
S 107430,98668 546,569 570,599 2
S 107371,104992 547,565 567,602 3
S 98687,104801 540,565 569,599 4
S 107380,100528 545,570 573,595 3
S 108918,99174 549,576 577,594 2