D 195658
C 12
S 88264,177883 560,602 605,640 5
S 91636,183642 560,590 611,634 4
S 102857,166211 558,599 615,631 1
S 137530,118551 544,588 606,639 1
S 183217,154913 540,560 561,573 3
S 141850,135101 551,572 613,632 3
S 166695,132381 540,576 577,579 1
S 154983,91647 540,579 580,593 1
S 118477,165953 550,590 612,633 1
S 164313,91646 544,569 613,632 3
S 91653,117689 563,593 601,644 4
S 141791,118611 554,571 610,636 2
S 166165,194254 540,572 605,641 4
S 116717,137545 555,593 608,637 1
S 170668,194144 542,558 606,639 2
S 91651,135046 558,596 614,631 5
S 180192,181863 540,568 612,633 5
S 117542,177866 558,588 604,641 4
S 191291,116747 540,553 563,586 2
S 168021,137588 544,559 560,580 4
S 102860,194154 566,590 615,631 3
S 169950,118611 540,570 608,638 4
S 154904,177874 547,572 607,639 3
S 164224,180238 540,576 601,645 2
S 154938,116744 547,571 572,596 1
S 141722,154904 540,585 601,645 1
S 164316,91652 540,579 580,598 5
S 195658,88263 540,557 612,633 2
S 141045,177782 546,579 608,638 3
S 177975,183622 540,572 601,645 5
S 138606,91667 554,573 614,631 5
S 183106,135077 540,553 607,639 5
S 137964,118363 545,586 607,638 5
S 88299,183155 559,602 605,640 1
S 168021,137529 540,568 569,585 3
S 183563,132376 540,563 564,578 2
S 130803,165921 554,583 613,633 4
S 117710,177781 554,591 603,642 3
S 180207,166017 540,556 603,642 1
S 169948,116703 542,560 563,587 4