D 49216
C 12
S 275311,49621 595,620 623,668 2
S 48820,44794 540,570 595,616 1
S 42269,52907 571,602 634,656 2
S 42132,43885 562,605 606,616 4
S 24542,43909 548,578 586,606 3
S 44811,49621 585,625 626,668 3
S 43576,52925 572,609 628,663 5
S 44881,52728 583,623 637,653 4
S 43841,44227 586,601 628,662 2
S 44821,52908 583,627 629,661 3
S 275311,44270 592,623 637,653 3
S 24540,44224 545,580 581,618 5
S 25175,52908 559,594 625,666 5
S 48895,49366 540,561 623,668 1
S 49307,45009 540,556 634,657 3
S 24630,42110 562,577 578,600 2
S 276469,52954 541,572 636,654 4
S 24558,25317 546,581 582,594 2
S 42267,44880 572,602 603,626 3
S 44899,49329 585,619 624,666 4
S 47463,25267 540,576 577,580 5
S 49269,44895 540,551 625,665 2
S 43873,49502 575,615 634,657 2
S 41584,52956 566,594 633,658 1
S 25211,45012 554,591 637,654 1
S 49265,273769 540,559 634,657 5
S 43531,44812 580,606 607,615 5
S 49219,44810 540,569 591,620 4
S 44278,49337 581,618 629,661 4
S 47439,49503 540,567 624,666 3
S 43550,44228 576,608 631,659 3
S 42272,49369 572,603 626,664 2
S 47509,44879 540,573 633,658 1
S 43893,52887 584,608 623,668 2
S 25182,44241 568,584 632,658 3
S 49259,24656 540,557 558,577 4
S 24583,26180 550,573 574,587 5
S 41575,43550 571,590 591,603 3
S 24620,44894 546,575 590,614 2
S 43557,273779 577,607 637,653 4