D 152502
C 11
S 127632,152806 541,564 613,639 3
S 61255,85358 567,602 614,637 3
S 124164,152229 540,571 610,642 1
S 70095,63315 561,592 607,645 2
S 123475,79830 540,579 607,645 5
S 152485,123440 540,562 618,634 2
S 63346,152334 564,594 606,645 5
S 63315,81496 569,594 609,643 2
S 123405,81679 547,576 604,648 5
S 255268,63360 540,553 614,637 2
S 79772,152488 556,588 612,639 5
S 70094,152236 563,589 609,642 3
S 79821,63360 549,591 615,636 4
S 124092,124152 542,571 610,642 4
S 79772,152478 560,584 606,646 2
S 61283,70095 565,602 611,640 4
S 70082,127725 564,588 614,637 1
S 124086,70095 540,576 577,597 3
S 63345,81496 567,592 616,635 1
S 81678,268664 550,577 607,644 5
S 70082,124161 556,595 616,635 4
S 127736,63386 540,568 607,645 5
S 152227,70096 540,568 569,595 5
S 152500,268664 540,549 605,647 5
S 123468,81330 544,574 610,642 5
S 79799,123475 555,588 604,648 3
S 123479,124153 540,579 615,636 4
S 79770,85356 562,582 606,646 2
S 81293,79747 549,581 613,638 4
S 152459,79797 540,561 607,645 4
S 151243,81292 540,563 564,584 3
S 79797,63307 560,582 613,639 4
S 70073,123352 558,590 605,646 1
S 63390,79735 565,589 617,635 5
S 70074,124152 566,583 605,646 1
S 127631,81329 545,561 562,580 5
S 63357,63307 558,599 603,648 4
S 123443,63315 540,578 610,641 3
S 127736,152479 543,559 611,640 5
S 124091,61288 543,569 616,635 5