D 190238
C 10
S 211714,240793 553,598 599,608 1
S 211659,211659 566,593 594,613 2
S 176486,176256 540,563 564,583 4
S 211635,185214 569,595 596,613 3
S 211626,211631 565,595 596,607 4
S 185213,185229 540,564 581,604 1
S 176419,211313 540,564 565,603 1
S 240886,194897 571,594 595,614 2
S 185213,211713 540,566 567,583 1
S 176344,240794 544,571 572,597 4
S 176417,176258 540,565 566,577 1
S 211256,211261 559,597 598,606 3
S 190152,211743 540,565 566,581 4
S 211631,185229 573,588 589,610 2
S 190152,240794 540,557 569,588 5
S 176419,176267 540,559 560,577 1
S 240887,211627 569,596 597,605 3
S 176266,211256 551,576 577,610 2
S 185054,176344 540,562 563,573 5
S 211313,190202 571,592 593,604 4
S 176380,176293 542,558 559,581 2
S 176256,250881 543,559 560,588 3
S 176418,211262 557,575 585,600 3
S 176345,211262 550,565 573,612 4
S 176381,211626 548,584 585,596 2
S 176298,211314 544,580 581,611 4
S 250881,176345 540,563 564,566 4
S 185055,211635 550,587 588,593 5
S 185056,176263 540,554 555,582 2
S 176301,211632 545,564 572,589 5
S 176486,211258 549,588 589,615 5
S 176321,211714 546,568 569,595 2
S 176294,211714 547,579 580,596 1
S 176307,211262 547,575 576,613 4
S 185053,211260 540,565 573,613 4
S 250884,211635 540,558 571,614 3
S 185214,211627 552,591 592,603 2
S 190150,211259 550,591 592,602 4
S 190884,190237 559,586 587,615 1
S 185214,240886 540,566 581,605 4