D 127204
C 9
S 126338,162878 540,562 604,623 2
S 151466,125676 540,575 598,630 1
S 152577,160095 550,567 593,634 1
S 151411,151712 540,570 596,631 4
S 159517,151712 564,584 593,634 1
S 152632,162802 552,572 606,621 5
S 162908,126343 559,595 596,634 5
S 151438,151898 540,573 596,632 5
S 126650,127405 540,559 605,623 4
S 152576,162807 548,568 599,628 1
S 152646,126341 541,585 601,626 2
S 151839,151710 545,565 591,636 2
S 151839,158086 544,566 602,625 1
S 152648,158086 542,585 591,636 5
S 152623,126687 540,583 595,633 5
S 152577,151682 540,580 598,629 3
S 162906,158062 568,585 598,629 3
S 158599,151894 556,582 600,628 3
S 151465,158592 540,574 575,581 1
S 159500,158772 556,589 605,623 5
S 158593,152617 561,576 593,635 2
S 158600,160093 555,583 593,635 5
S 152634,162803 554,571 605,623 3
S 162905,151709 560,592 598,629 2
S 152627,159534 553,569 570,591 5
S 158455,160091 554,578 591,636 1
S 162902,159508 564,591 603,624 3
S 126652,125671 540,561 603,625 1
S 152623,160079 540,583 584,598 5
S 151839,255261 540,577 598,630 4
S 158593,255259 560,578 594,633 5
S 151712,152551 540,567 594,634 2
S 158601,159508 557,582 593,634 2
S 151711,162876 542,560 605,622 1
S 158600,151709 554,584 601,626 5
S 151838,152618 542,567 594,634 4
S 158121,127402 556,573 601,626 5
S 126676,152554 540,559 560,571 2
S 158584,160092 548,585 595,632 4
S 162905,162808 557,594 595,633 1