D 99843
C 9
S 10306,97311 611,631 679,694 3
S 44908,26191 573,588 677,697 3
S 53800,44822 540,580 581,592 3
S 99829,23756 540,558 678,696 3
S 263135,43851 540,559 569,606 3
S 44913,23852 559,602 667,707 2
S 42325,23752 586,603 674,700 1
S 99824,23361 540,560 602,622 3
S 42212,10883 574,616 617,632 2
S 44886,279894 558,597 668,706 4
S 23957,47053 595,617 674,700 2
S 46302,47045 555,587 675,698 4
S 23958,98473 590,623 666,708 2
S 10317,10313 600,640 672,701 2
S 54617,44794 545,564 565,597 2
S 23936,23960 593,617 664,709 1
S 23359,23752 599,626 668,706 3
S 10778,95355 599,637 679,695 1
S 44745,23750 563,580 592,623 5
S 279894,45409 594,622 673,700 2
S 10837,97311 604,629 679,695 2
S 46678,42514 551,572 577,612 2
S 263145,10857 544,560 671,702 1
S 263136,44743 540,563 564,582 4
S 42326,98454 575,615 669,705 4
S 10764,266416 605,634 677,696 4
S 54264,25378 540,578 585,621 1
S 23363,47046 604,620 672,701 1
S 44210,42414 566,602 675,699 2
S 23965,95355 596,619 671,703 5
S 43852,10883 574,600 667,706 2
S 44823,54846 557,594 677,696 1
S 54268,43623 540,578 579,606 4
S 42511,45395 571,616 666,708 5
S 276286,95354 583,619 670,704 3
S 41584,47049 589,609 668,705 3
S 10786,97325 608,626 666,708 2
S 43863,23933 570,606 607,612 4
S 99607,10836 540,570 677,696 3
S 99815,10881 540,562 599,629 3