D 116294
C 10
S 90556,90998 546,581 582,614 3
S 91073,116795 543,568 587,607 4
S 116709,116107 540,565 589,605 4
S 91544,89693 540,572 584,609 3
S 91086,267786 541,571 585,608 1
S 86571,85907 558,575 578,616 5
S 117807,91591 540,572 586,608 1
S 85910,262112 551,586 587,608 2
S 91070,91513 544,565 586,608 1
S 262076,116543 540,564 580,613 3
S 267786,116242 558,584 585,614 3
S 89687,267786 547,583 584,617 4
S 116892,91544 540,562 574,619 4
S 267044,91544 541,586 587,617 1
S 117807,90178 540,572 584,610 4
S 117000,117804 540,567 586,607 3
S 89704,90830 557,576 582,611 5
S 90721,262111 542,582 588,606 4
S 91540,90726 540,576 587,606 3
S 116375,116730 540,558 574,619 4
S 91073,262077 542,569 580,614 4
S 91073,91080 540,577 583,610 3
S 117001,267787 540,554 555,588 2
S 262079,91543 540,567 589,605 1
S 85859,90828 557,582 585,608 5
S 89687,90997 544,586 587,609 4
S 91088,85906 540,576 582,612 3
S 116413,90678 540,553 554,579 5
S 91544,91089 540,575 587,606 3
S 117762,90719 544,561 586,608 5
S 117090,90786 540,557 579,614 2
S 116892,267043 540,566 567,577 5
S 116539,91092 540,568 579,615 5
S 90720,90722 542,583 584,612 3
S 117008,262094 540,557 579,614 4
S 91078,91093 545,566 577,617 3
S 117762,267043 540,569 579,615 2
S 89585,116225 546,575 579,614 2
S 117022,116709 540,558 588,605 2
S 262061,86572 540,558 581,612 4