D 52472
C 9
S 61762,51641 551,587 590,605 4
S 52268,52217 540,564 581,615 1
S 72285,51867 540,572 578,617 5
S 52306,61801 540,565 566,587 3
S 51944,51831 540,578 590,606 2
S 48285,61717 545,578 583,612 3
S 61741,56600 547,589 590,613 4
S 48287,52388 554,570 580,616 1
S 72271,61717 541,566 586,609 1
S 52308,48285 541,559 560,583 4
S 61776,51707 559,575 580,616 3
S 61743,51642 561,576 589,606 5
S 48284,52213 553,570 585,610 1
S 72247,52355 540,576 579,617 3
S 56633,51822 551,583 584,618 3
S 61736,51227 551,585 588,607 4
S 56268,61868 540,557 585,610 3
S 56603,52386 552,579 580,617 1
S 48208,51203 552,576 577,618 3
S 51854,48259 541,580 585,610 2
S 72312,56603 544,568 576,619 2
S 72285,51208 542,567 584,611 4
S 56373,51848 546,569 580,615 2
S 72338,61801 547,569 577,618 1
S 52246,56763 540,572 573,591 4
S 56611,56601 547,584 587,609 4
S 61717,56602 560,580 581,620 2
S 72274,56603 542,565 581,615 5
S 52328,52212 540,558 579,617 1
S 52464,52250 540,554 555,571 3
S 52453,61867 540,553 576,620 2
S 52445,51919 540,558 585,610 5
S 48287,274078 545,579 589,607 3
S 56762,51918 560,582 584,611 4
S 56283,51941 540,567 581,614 2
S 52307,48237 540,572 585,610 4
S 48216,56602 543,582 590,606 1
S 52307,61766 540,562 583,613 5
S 72247,51196 540,576 586,610 4
S 61777,51826 553,581 582,618 4