D 106132
C 12
S 106715,106754 542,561 631,649 1
S 264127,144759 540,557 558,594 4
S 114018,109608 547,589 632,648 2
S 172820,105629 573,592 631,650 5
S 144758,109722 555,597 626,654 5
S 105898,105704 540,552 631,649 4
S 176525,108661 578,604 620,661 3
S 106013,105691 540,564 627,654 5
S 106582,144541 540,560 561,585 1
S 176401,172823 579,599 622,658 2
S 148493,109624 569,589 632,649 2
S 175858,175829 566,604 621,660 1
S 176406,108762 577,603 620,661 3
S 105914,144766 540,567 625,655 2
S 113940,143993 548,579 580,593 3
S 109762,108750 542,577 621,660 1
S 106011,113938 540,561 562,584 1
S 148479,105936 562,595 629,652 4
S 144143,176403 559,579 581,599 5
S 113974,105734 557,572 622,659 3
S 144124,176002 555,592 593,604 5
S 113989,176030 556,576 619,661 2
S 175826,172861 571,596 624,657 5
S 144122,108727 558,590 625,656 5
S 105897,108717 540,555 621,660 5
S 109836,105735 540,577 618,663 4
S 113995,148492 545,589 590,591 3
S 176546,109624 570,613 621,660 3
S 109844,176198 540,578 621,660 1
S 172772,105729 561,602 619,661 4
S 176402,105898 568,610 628,652 5
S 109744,114220 551,571 631,650 3
S 114021,109722 553,584 632,648 3
S 175828,107196 575,592 628,652 4
S 105897,144145 540,563 564,592 4
S 109930,109504 540,571 631,650 4
S 113815,105703 551,569 628,653 2
S 109836,144137 546,571 572,584 5
S 114004,144102 553,581 627,654 1
S 144107,108755 566,583 632,649 3