D 107508
C 12
S 94561,101179 553,582 583,614 5
S 94653,94467 553,577 584,610 5
S 273156,54900 560,580 581,618 1
S 101120,98802 540,567 589,605 3
S 95070,273140 554,571 574,619 1
S 95018,99059 542,584 586,607 2
S 94489,94998 540,577 578,619 5
S 101126,95071 540,566 578,615 5
S 101169,94999 540,567 568,575 2
S 94584,97416 544,589 590,609 1
S 104332,101204 540,555 588,606 5
S 104715,94586 540,558 585,609 1
S 95075,97417 540,585 586,611 1
S 94998,94651 541,586 587,613 1
S 94666,94943 556,572 589,605 3
S 104331,101117 540,559 577,617 5
S 94503,94587 541,580 581,613 4
S 273155,101208 558,581 589,605 3
S 101027,101179 540,561 582,611 2
S 107503,54899 540,549 588,606 1
S 101173,53140 540,568 569,585 1
S 97519,98949 540,569 587,607 4
S 273162,94652 554,587 588,606 2
S 107502,97416 540,553 554,566 1
S 94483,95000 548,564 583,611 3
S 104716,101170 540,562 587,606 4
S 97480,97485 540,567 580,614 3
S 54896,98752 545,590 591,610 2
S 98776,97499 547,567 574,619 2
S 98780,104430 545,568 577,617 3
S 97410,101119 540,570 578,615 4
S 101171,94489 540,568 576,618 2
S 94502,273141 545,575 576,582 2
S 97480,101026 541,565 574,619 2
S 97480,104716 540,575 579,614 2
S 95000,94652 555,571 579,615 2
S 54896,104442 558,578 579,617 1
S 94592,98949 548,584 585,614 2
S 107506,94585 540,555 575,619 1
S 273142,101185 563,578 579,618 5