D 238737
C 8
S 233353,210744 540,563 584,611 5
S 221762,220221 552,573 580,615 3
S 233353,222631 540,553 580,615 1
S 221600,222319 553,576 583,612 5
S 220219,221635 553,587 588,611 2
S 233294,222312 540,552 576,618 4
S 233357,221765 540,552 553,577 4
S 232269,238730 540,558 585,609 1
S 221039,222324 560,575 584,610 1
S 221044,238734 547,585 587,608 4
S 219855,210716 540,562 577,617 5
S 222228,221761 550,569 579,615 3
S 222487,221624 540,566 580,615 2
S 222628,219585 546,569 584,610 2
S 220220,222637 550,590 591,610 1
S 222541,221614 540,569 570,585 1
S 222228,222632 545,574 584,611 4
S 233351,217203 540,553 587,607 1
S 221601,219561 553,575 576,619 1
S 219798,222620 540,561 562,568 2
S 233352,230869 540,555 556,571 2
S 233297,221039 540,556 557,582 1
S 230870,221627 540,574 588,606 5
S 220219,220996 550,589 590,618 5
S 222554,222248 540,574 587,607 5
S 233286,219560 540,556 575,619 2
S 222529,221774 540,560 561,577 5
S 233353,221038 540,560 575,620 5
S 221773,219667 542,579 586,608 2
S 220218,219803 561,577 588,606 3
S 232268,219802 540,569 585,609 4
S 221607,219801 547,584 585,620 5
S 221762,210741 550,575 586,609 2
S 222558,221771 541,568 580,614 3
S 222468,221613 540,570 571,578 5
S 233418,221638 540,549 550,582 1
S 220538,222249 555,581 584,610 4
S 222541,220538 540,567 576,619 5
S 238725,219586 540,554 584,611 4
S 220553,220999 551,587 588,613 3