D 87079
C 8
S 79199,29891 540,555 613,639 1
S 74602,19010 540,554 618,633 1
S 19024,39349 561,606 614,638 4
S 20347,29895 557,592 613,639 5
S 37439,20315 549,579 612,639 3
S 20347,30288 560,588 618,633 2
S 78730,79118 540,553 618,633 1
S 78729,56749 540,561 611,640 2
S 19950,20354 564,587 611,640 2
S 79199,56745 540,562 615,637 5
S 62064,19014 540,570 571,607 3
S 19195,19654 564,599 610,642 2
S 62064,39270 544,564 616,636 4
S 62083,30248 544,560 616,635 4
S 56748,20357 540,573 574,582 2
S 87082,56694 540,554 555,572 3
S 30302,37429 547,590 616,636 1
S 19239,73127 563,596 617,634 1
S 19362,20358 561,597 608,643 4
S 19017,74601 570,597 611,640 4
S 36375,19655 552,584 605,646 1
S 19849,19233 568,589 617,634 3
S 87080,74619 540,551 613,638 3
S 73131,30244 540,561 562,593 2
S 87082,36432 540,551 555,576 3
S 20355,37617 565,582 606,645 4
S 79200,73131 540,559 607,645 1
S 19660,37438 562,597 606,645 2
S 79201,37438 540,558 559,586 5
S 19894,36395 568,586 617,634 2
S 39276,19946 540,580 581,593 4
S 20355,56761 565,581 610,641 1
S 87082,56692 540,556 557,571 1
S 79197,71110 540,556 614,638 3
S 56692,36437 543,570 617,635 3
S 39349,37614 547,569 604,647 1
S 62095,73133 541,564 610,641 4
S 20354,29891 564,584 614,637 2
S 30288,62307 554,585 608,644 4
S 56761,20345 547,562 608,643 4