D 48183
C 8
S 56366,118873 540,563 577,592 5
S 75600,130233 540,568 624,655 5
S 48168,77541 540,557 558,578 1
S 150104,129494 581,614 628,650 4
S 130400,86875 571,599 622,657 3
S 132071,132110 585,602 631,648 5
S 131614,90883 577,607 631,647 2
S 131613,73123 572,610 632,647 4
S 72204,87602 542,559 625,653 3
S 91636,131530 561,592 617,662 4
S 75928,131762 540,572 628,650 1
S 76529,88968 540,580 621,657 5
S 131603,150098 571,613 624,655 2
S 76540,74619 541,576 629,649 4
S 77677,130077 558,575 576,607 4
S 116552,48284 565,586 624,654 2
S 56361,118853 540,571 572,595 1
S 77638,48285 552,580 624,654 3
S 48149,117877 540,557 559,604 3
S 269314,129010 553,571 617,661 1
S 131536,71616 575,607 629,650 1
S 102756,131762 565,581 582,603 3
S 102921,129477 556,593 631,648 5
S 102794,131757 565,581 583,603 5
S 140396,78726 582,610 619,660 3
S 131536,86872 581,602 625,653 5
S 48153,131759 540,550 578,607 3
S 77546,72605 549,581 623,655 1
S 102810,89549 566,583 629,650 3
S 77635,130095 558,574 575,608 1
S 51942,77542 540,559 560,577 3
S 116695,131612 562,591 592,612 1
S 130095,56557 570,603 624,655 3
S 116561,130128 553,597 629,650 2
S 91541,79220 565,593 619,659 4
S 48283,78587 540,567 568,582 2
S 76571,130015 546,576 630,649 4
S 117780,86873 568,588 623,655 4
S 48165,88441 540,551 562,577 4
S 132109,79106 586,602 625,654 2