D 261075
C 8
S 270501,63772 540,569 632,658 4
S 57566,123524 555,582 627,662 5
S 31088,17290 565,610 631,658 3
S 17300,60111 580,606 632,658 3
S 67446,80168 540,566 625,664 4
S 66614,31105 540,579 626,663 2
S 67446,66651 543,561 629,660 2
S 67447,32262 540,569 635,654 3
S 17331,57518 574,605 626,664 3
S 271049,123510 540,570 624,666 1
S 57566,34016 560,577 631,658 4
S 32163,32518 567,592 633,657 2
S 32161,80305 563,595 635,654 5
S 17295,60061 573,614 624,666 2
S 81869,57578 540,565 566,585 4
S 32075,123508 571,599 635,654 1
S 123363,35083 540,557 637,653 3
S 63835,57515 543,572 627,663 2
S 268621,57509 540,566 629,661 3
S 63832,32523 544,573 630,660 4
S 32162,32518 559,600 630,660 2
S 59334,30993 551,586 587,609 4
S 271047,35248 540,563 624,665 1
S 123574,35266 540,554 629,661 2
S 268624,17296 540,555 579,607 2
S 31107,123509 569,602 625,664 3
S 32020,32258 574,595 624,665 1
S 32748,57517 559,591 627,662 3
S 17231,57518 577,607 625,664 5
S 17300,17225 571,614 628,662 2
S 81880,35087 540,561 632,658 4
S 123506,17295 540,561 622,667 1
S 57581,17299 552,593 634,656 5
S 59920,35005 547,577 630,660 2
S 268624,35147 540,566 629,661 4
S 60020,17299 548,572 577,609 3
S 67422,32518 540,562 625,664 4
S 59938,60065 550,574 633,656 1
S 32165,35083 563,598 623,667 2
S 17325,80334 576,607 636,653 4