D 190804
C 11
S 185462,99753 540,568 587,607 2
S 110262,190350 562,600 634,675 5
S 105895,106584 572,613 635,673 1
S 110151,175830 570,603 638,671 3
S 172596,113988 542,570 641,667 5
S 110265,175831 561,601 635,673 3
S 190525,110205 540,558 574,592 4
S 105855,109961 575,611 645,663 4
S 190340,145650 540,563 564,597 3
S 147757,113895 557,587 640,669 3
S 148311,190749 550,589 639,670 3
S 110134,190327 576,592 646,662 2
S 185460,190730 543,562 640,668 3
S 106502,190325 580,597 642,667 5
S 147698,110150 554,594 595,602 1
S 190353,173202 540,555 556,579 2
S 106185,176385 577,606 646,663 1
S 99761,176385 580,614 638,671 3
S 190526,175995 540,556 641,667 3
S 172600,99883 547,568 582,608 1
S 190749,99756 540,550 635,673 5
S 190732,109931 540,551 639,669 1
S 99914,144768 571,616 642,667 5
S 110263,172861 572,590 646,663 5
S 172597,106582 540,578 636,672 3
S 99868,113980 587,604 644,665 3
S 106490,190337 580,598 633,675 1
S 148432,106184 557,572 573,612 1
S 145649,109741 558,593 640,669 3
S 175775,145649 546,566 567,587 1
S 99884,144108 586,604 643,665 4
S 145088,106573 564,585 641,667 5
S 110234,176252 565,599 642,667 1
S 173057,175829 553,571 636,673 2
S 185464,148506 546,561 633,675 4
S 110147,113990 578,594 634,674 3
S 190282,264042 540,566 571,607 4
S 110206,175856 561,604 632,676 5
S 106212,99888 567,612 637,671 5
S 190747,172996 540,559 560,583 3