D 16472
C 11
S 16492,18003 540,554 564,589 2
S 16450,7847 540,553 681,707 1
S 13450,16416 596,611 680,708 5
S 30944,13457 556,586 589,614 2
S 31744,13055 540,572 588,605 4
S 13219,17231 602,617 678,710 2
S 8349,7666 595,632 672,717 2
S 31777,278029 540,566 567,581 1
S 30955,8571 554,583 596,633 1
S 32170,17229 543,585 681,708 5
S 13492,17018 581,619 683,706 3
S 16476,17014 540,548 684,705 3
S 280914,6572 571,599 672,717 3
S 12973,13214 570,615 616,619 5
S 18005,281874 563,592 679,709 4
S 17879,13177 571,594 599,614 2
S 13930,16460 573,604 680,709 3
S 13455,14725 592,613 672,716 5
S 32195,8228 546,587 682,706 4
S 8377,6519 608,628 674,714 3
S 13394,8282 588,622 680,708 3
S 30954,16274 557,581 677,712 3
S 13454,16384 581,624 678,710 2
S 18070,8373 558,592 602,632 1
S 13467,16229 581,620 680,708 2
S 13390,8298 589,619 679,710 1
S 13293,6552 589,623 673,715 2
S 31800,12533 540,563 685,703 1
S 12954,8294 584,604 685,704 2
S 32120,17861 552,572 573,597 4
S 31575,18070 540,580 581,589 5
S 32124,14640 552,573 680,709 1
S 17687,8282 568,607 685,704 3
S 18023,6518 559,599 685,704 2
S 8577,16386 606,621 674,714 1
S 13394,7847 583,628 673,715 1
S 17684,17049 568,606 681,708 1
S 13076,12461 588,611 612,624 3
S 30938,12536 564,583 684,704 1
S 18000,281874 565,588 684,704 5