D 114052
C 12
S 109098,134331 543,564 565,585 3
S 114444,114531 540,584 598,624 3
S 114518,108241 546,579 599,622 4
S 109351,262321 540,561 591,631 4
S 114072,134313 540,563 594,627 5
S 109027,135315 550,569 570,595 1
S 135248,134330 561,589 599,622 4
S 134482,109238 552,593 594,631 5
S 114522,134314 541,586 601,620 5
S 134499,134447 559,593 594,629 3
S 109065,114198 546,577 588,633 2
S 134494,109025 567,587 594,627 1
S 109019,108976 540,576 599,623 1
S 109088,114534 542,570 603,619 5
S 258206,134307 561,595 603,618 3
S 109170,114495 540,570 600,621 1
S 109436,109095 540,560 561,563 1
S 109037,114081 546,575 589,633 2
S 114444,134472 542,581 592,630 3
S 134364,109238 554,586 603,618 2
S 109028,114069 550,568 601,620 1
S 109065,114074 541,581 598,624 4
S 258204,263580 556,599 600,627 3
S 114518,108971 554,572 602,620 4
S 134444,262314 554,599 600,624 3
S 109380,114120 540,558 599,622 2
S 109030,258205 551,569 570,591 3
S 134477,109028 552,591 600,621 3
S 114057,109228 540,550 551,572 2
S 134446,134313 564,591 597,625 4
S 135249,134381 560,590 601,621 3
S 109166,134361 540,570 602,620 5
S 109171,108993 540,571 597,625 1
S 114059,114443 540,552 553,580 2
S 134478,109065 561,581 597,624 1
S 134366,134330 553,586 602,619 1
S 135238,134361 561,590 597,624 3
S 263608,258204 540,577 578,596 2
S 134439,134307 554,599 600,631 4
S 115709,134446 542,587 593,628 2