D 200266
C 8
S 205556,206699 550,587 588,590 1
S 206700,200261 558,603 618,647 5
S 200937,205564 544,561 619,646 3
S 200933,200234 540,576 613,651 2
S 206702,200057 564,595 620,644 1
S 201895,200053 543,581 617,647 1
S 207404,200261 570,592 613,652 1
S 205558,207680 559,578 579,596 1
S 207406,202118 561,603 611,653 4
S 207732,207677 567,601 613,651 5
S 202147,200871 542,577 610,654 3
S 200675,206691 540,563 624,641 4
S 206708,200865 559,597 619,646 4
S 206562,200025 566,585 613,651 1
S 200230,205933 540,556 562,581 2
S 200937,205935 543,563 564,581 1
S 200710,200551 540,572 624,640 3
S 201440,208240 540,573 574,597 2
S 200551,200264 540,569 623,641 4
S 206493,202114 566,582 622,642 5
S 206555,200866 560,595 616,648 2
S 200562,207731 540,565 615,649 4
S 205935,201437 555,588 613,651 5
S 201892,200264 550,571 613,652 3
S 208239,206534 567,606 610,654 3
S 201887,199180 540,578 580,596 4
S 207732,206698 570,598 611,654 3
S 205562,207731 557,578 579,601 2
S 200560,201883 540,561 562,579 2
S 200234,205853 540,567 610,655 4
S 206704,205556 567,591 622,642 5
S 205564,208228 556,578 611,653 1
S 200561,201432 540,564 620,644 4
S 205556,206191 555,583 584,591 4
S 202117,200563 551,578 618,647 1
S 205564,201852 549,585 623,641 3
S 200057,205853 540,560 561,581 4
S 201445,207680 540,579 580,599 5
S 200563,206653 540,561 613,651 3
S 206701,207404 565,595 621,643 2