D 99608
C 10
S 256482,105545 544,578 583,621 3
S 145150,107068 549,585 586,597 5
S 109720,105545 560,590 591,624 4
S 145251,98351 553,576 583,621 1
S 106482,105470 540,571 594,609 4
S 108701,106830 562,586 587,621 5
S 106187,113788 540,564 565,584 5
S 145253,99537 555,574 582,621 1
S 99607,108644 540,559 569,587 5
S 110375,105777 540,580 581,622 1
S 145299,105389 547,580 581,622 2
S 108646,105429 557,599 600,616 2
S 145255,106872 548,580 585,619 1
S 145142,105385 548,585 590,613 3
S 256512,106895 540,584 585,623 5
S 107072,106861 558,602 603,622 3
S 105894,99541 540,564 593,610 2
S 109733,105404 556,592 593,614 4
S 106187,107069 540,564 572,588 4
S 106484,145227 546,563 564,583 1
S 110373,107037 540,578 594,609 1
S 145297,106859 543,583 584,620 2
S 106214,99543 540,569 594,610 1
S 99879,109747 540,560 561,593 1
S 108730,99609 564,591 594,610 2
S 105857,105530 540,567 591,613 4
S 106184,106900 540,565 584,620 1
S 99592,107037 540,552 588,615 2
S 144342,105281 556,584 591,612 1
S 99607,105427 540,562 584,620 1
S 263444,99540 562,591 594,609 5
S 110351,105516 540,576 588,616 3
S 99670,105543 540,564 587,617 1
S 145229,107036 551,580 589,614 5
S 145141,106859 554,579 582,621 4
S 99811,106788 540,563 582,621 2
S 108748,105294 562,591 592,619 2
S 256477,106830 547,572 585,618 4
S 109718,98302 563,589 590,619 5
S 256483,106830 540,583 591,613 4