D 42483
C 10
S 106186,145274 568,601 631,674 4
S 45329,106482 540,569 570,610 2
S 265390,45684 548,587 643,662 4
S 145327,106619 580,606 632,673 5
S 42489,94686 540,549 633,672 1
S 99772,146603 570,592 593,614 1
S 265394,145273 560,577 632,672 1
S 146157,106701 589,609 643,662 5
S 98422,106615 564,591 635,670 1
S 146776,47056 575,620 632,673 2
S 274906,95360 540,573 574,594 5
S 146610,106622 578,615 630,674 5
S 97307,43711 552,594 642,662 4
S 146153,106702 579,621 637,668 4
S 145569,47053 575,614 642,662 5
S 264046,105450 568,606 634,671 2
S 110404,99307 568,613 641,664 1
S 46952,53047 540,573 634,671 3
S 98409,98606 570,586 632,672 3
S 266425,54900 555,578 641,663 3
S 265390,42512 546,589 637,668 3
S 146614,42508 583,610 640,664 4
S 98408,45437 566,591 630,674 1
S 99878,146162 575,590 631,674 3
S 256518,110202 577,607 631,673 5
S 106484,43786 581,596 641,664 3
S 53223,106144 548,571 572,598 3
S 99686,110286 563,597 633,671 5
S 95358,106705 563,580 632,672 1
S 46952,146596 540,577 585,607 5
S 99687,146161 570,590 635,669 3
S 98472,43787 562,589 644,661 5
S 146609,110202 589,605 640,664 3
S 98407,145301 563,593 637,667 2
S 54833,94682 542,584 643,661 3
S 146775,43784 588,607 633,672 3
S 266425,99563 548,585 586,589 5
S 146757,99316 584,612 640,665 4
S 146596,45748 588,604 632,673 5
S 46922,146616 550,569 586,608 4