D 116650
C 8
S 149106,116632 554,571 574,590 2
S 134449,102925 542,562 574,591 1
S 143427,116522 548,576 577,592 2
S 256899,116940 540,577 578,599 3
S 142474,143430 549,567 568,601 3
S 116941,117490 540,555 569,595 1
S 143428,116941 554,571 572,593 3
S 257031,133213 540,576 577,602 5
S 142745,258479 540,581 582,590 1
S 133232,133301 540,570 571,603 4
S 116907,116627 540,555 570,595 3
S 256933,117488 540,571 572,601 5
S 132852,134392 540,570 572,593 2
S 116914,143422 540,562 563,579 3
S 256893,143384 540,578 579,593 5
S 142777,116632 545,574 575,597 2
S 116844,142478 540,551 552,570 2
S 132450,134391 540,561 565,599 1
S 116845,256934 540,557 558,566 4
S 143404,142597 553,568 573,592 2
S 134411,116915 542,561 569,596 4
S 133235,132946 540,565 573,591 5
S 256932,132937 540,569 570,597 5
S 102925,256902 540,557 570,594 4
S 142475,132920 545,570 571,597 5
S 116523,116634 540,552 561,603 5
S 149105,116906 543,581 582,601 4
S 142745,143430 543,575 576,593 5
S 149105,143414 541,584 585,598 5
S 116634,134396 540,560 561,572 5
S 116943,132918 540,566 567,601 1
S 142475,142797 545,571 575,590 2
S 262077,132925 540,565 566,602 2
S 134390,116863 540,571 572,592 1
S 132461,117485 540,569 570,601 2
S 133236,116943 540,565 566,605 2
S 256892,142799 540,574 575,598 4
S 256896,256934 540,576 577,597 3
S 116842,149106 540,559 560,580 1
S 132852,256930 540,563 564,604 1