D 10355
C 10
S 75994,24199 568,610 616,658 4
S 27914,28046 540,572 626,648 5
S 40652,75905 542,583 584,601 1
S 29331,51621 549,574 620,653 3
S 48555,29313 559,576 614,659 3
S 23134,28121 540,568 614,659 3
S 75687,23151 564,602 624,650 3
S 47890,56262 548,586 626,647 3
S 29313,51621 552,568 569,587 1
S 51572,10372 560,593 625,649 4
S 24184,56292 544,559 619,654 1
S 75841,40655 573,595 620,653 2
S 28117,24186 550,565 623,650 5
S 24184,10721 540,565 616,657 4
S 10381,28031 540,549 619,654 2
S 75908,10940 574,603 622,652 3
S 10381,50518 540,562 564,580 1
S 50149,10381 561,578 624,650 2
S 56292,28177 569,596 625,649 2
S 75835,48610 566,601 615,658 3
S 27992,75879 543,564 616,658 5
S 28177,75895 548,572 573,604 5
S 28176,47751 546,573 621,652 5
S 52354,52359 558,600 626,648 4
S 24183,29322 541,562 629,645 4
S 10719,50978 540,560 620,653 3
S 24170,50977 540,565 624,650 4
S 51576,47879 570,585 614,659 1
S 28176,51278 549,570 626,647 4
S 51279,52359 562,588 622,651 5
S 279781,10936 540,573 625,649 2
S 75669,24196 573,598 615,659 2
S 50516,40869 559,585 626,648 2
S 28116,10371 543,572 627,647 1
S 50149,48563 549,590 623,650 4
S 75669,51285 571,600 624,649 2
S 10367,40652 540,551 552,582 3
S 24170,29313 541,563 626,647 3
S 24171,51571 543,560 626,647 1
S 26449,56263 541,570 571,601 5