D 151997
C 9
S 158412,128785 540,564 635,678 3
S 250548,79327 550,586 640,673 3
S 90219,89687 584,623 634,679 2
S 90488,87422 578,621 649,664 2
S 151957,128741 540,562 634,679 2
S 140039,128729 580,602 644,670 5
S 159716,140024 556,595 596,601 1
S 150643,128431 567,606 639,674 3
S 179334,255068 553,571 572,605 1
S 150575,128428 566,608 647,666 3
S 152006,128643 540,563 649,664 1
S 158892,90181 543,564 641,672 1
S 90435,128273 588,613 639,674 5
S 179273,159246 548,583 584,597 2
S 179352,120468 546,583 642,672 3
S 152503,250548 540,552 559,577 3
S 90174,128275 593,617 638,676 2
S 158798,89689 542,562 588,623 2
S 159193,87251 556,601 602,620 3
S 152627,140024 540,565 574,606 5
S 179208,153716 540,578 579,591 3
S 78964,128088 594,627 637,677 3
S 179329,119247 541,581 648,665 5
S 140026,152371 568,612 645,669 5
S 150446,79326 580,595 596,625 3
S 179328,119836 540,578 586,604 1
S 179256,179064 550,565 566,588 1
S 158892,119792 540,569 638,675 5
S 119827,87412 587,604 605,624 5
S 159878,140022 551,596 597,602 3
S 119796,128766 588,604 638,676 1
S 158893,140022 541,566 578,601 3
S 153773,261670 566,599 648,665 1
S 179273,159076 545,586 587,596 4
S 90401,90463 587,617 640,674 1
S 151995,159881 540,555 562,586 2
S 153714,152435 570,597 637,677 3
S 192537,159077 544,577 578,590 1
S 158017,87436 540,566 599,616 4
S 159076,152051 562,600 641,672 5