D 217650
C 12
S 232380,219918 553,585 587,622 5
S 217496,217532 540,553 593,615 4
S 217648,232695 540,551 556,584 3
S 217532,232834 540,560 562,579 1
S 231027,232382 547,582 585,623 2
S 197048,233088 540,559 560,585 1
S 217648,219514 540,554 587,621 2
S 233130,217498 560,587 588,624 3
S 217642,219601 540,554 555,568 2
S 219517,222419 540,568 592,617 2
S 219600,233131 547,563 564,584 1
S 219594,233134 540,577 578,582 2
S 222481,233091 540,576 590,619 2
S 217643,222481 540,553 554,568 4
S 231023,217498 550,579 595,614 2
S 219582,238712 540,574 596,613 2
S 222556,232236 548,574 584,624 5
S 231038,219518 549,583 594,615 3
S 231027,219242 542,587 588,624 3
S 232208,219517 552,584 594,615 5
S 219543,232202 540,572 573,580 3
S 219517,232216 540,563 582,626 1
S 230965,232380 554,573 586,623 3
S 219918,219251 540,575 582,626 4
S 239379,230974 540,557 558,581 1
S 239380,230970 540,557 558,573 2
S 222472,219916 549,567 587,621 1
S 230970,219918 555,570 582,626 1
S 217640,232695 540,548 596,613 2
S 232833,219251 554,589 590,624 2
S 222424,222502 540,577 587,621 4
S 217647,232222 540,551 588,620 1
S 219581,232834 541,566 587,621 4
S 217647,219249 540,558 593,615 2
S 197046,222424 540,562 587,622 2
S 219555,232831 542,560 592,616 4
S 219588,231035 547,562 563,585 2
S 232363,219255 560,577 591,618 2
S 230972,238712 547,578 594,614 5
S 219506,233088 540,566 567,580 4