D 118428
C 10
S 167940,182194 551,582 606,636 3
S 170038,138682 558,576 605,636 4
S 170035,178277 547,586 602,640 2
S 167162,149880 547,575 604,637 3
S 178094,192194 550,588 589,601 4
S 138554,192142 540,564 565,599 5
S 167226,149759 545,579 611,630 3
S 167939,192135 552,581 608,633 5
S 154934,182855 540,576 577,586 3
S 193226,140964 570,589 613,628 5
S 166131,179848 551,568 569,577 2
S 118553,155547 540,562 609,632 2
S 138606,192133 540,570 612,630 4
S 154923,192052 543,567 603,639 5
S 170575,192169 547,588 589,590 2
S 193210,182288 572,591 602,639 4
S 164306,192201 541,577 578,590 3
S 135077,170046 540,561 562,581 3
S 118553,149757 540,551 606,636 5
S 118363,191524 540,564 566,591 2
S 170575,131281 558,577 608,633 5
S 179848,155196 549,590 602,639 5
S 118400,167161 540,551 552,579 3
S 164227,155958 542,572 606,636 3
S 166699,140959 553,568 606,635 5
S 154933,170046 540,576 577,585 4
S 167660,192133 543,582 609,633 1
S 135045,164236 540,558 559,575 4
S 170048,118500 556,580 609,633 1
S 138653,167559 540,569 600,641 3
S 191525,182835 567,589 609,632 2
S 118209,178155 540,550 606,636 5
S 138051,192053 540,565 608,633 3
S 170038,132314 545,588 612,630 2
S 182853,178278 558,590 610,631 1
S 164313,149860 544,574 613,628 3
S 134692,182155 540,560 561,584 4
S 170032,170112 547,587 601,641 5
S 192191,118690 566,593 610,631 4
S 118561,167944 540,563 564,588 3