D 247889
C 9
S 183170,248169 567,583 601,625 2
S 193692,197271 540,560 591,635 1
S 197174,183672 550,567 597,630 2
S 193926,197110 543,581 595,631 5
S 193691,183920 540,558 568,587 3
S 193080,191285 540,548 594,633 3
S 183492,183680 553,577 604,623 3
S 191284,193875 553,587 604,623 3
S 183930,183492 556,601 604,622 3
S 197979,183929 540,555 556,600 5
S 197231,198023 540,578 593,633 4
S 184132,193879 561,590 594,633 4
S 183916,183488 559,597 599,627 3
S 183499,198040 546,585 602,625 4
S 198017,193737 540,556 606,621 2
S 197645,183646 541,559 567,582 3
S 183536,197280 555,582 602,625 5
S 191285,183492 554,586 595,631 4
S 197280,193078 540,569 604,622 2
S 191259,183533 555,589 606,621 3
S 198016,193881 540,565 566,569 5
S 193924,193739 543,584 596,631 2
S 197174,184124 545,571 591,635 1
S 193919,183691 542,583 584,590 2
S 197283,183932 540,575 600,627 4
S 191252,197173 551,590 595,631 4
S 193889,197643 540,584 606,621 1
S 183607,183930 565,580 596,630 4
S 197176,191254 545,571 572,584 5
S 193730,191286 540,571 572,590 5
S 184133,197174 563,589 595,631 4
S 193710,191249 540,556 602,624 4
S 191257,193696 553,590 597,629 5
S 198041,191259 540,553 563,581 3
S 198022,198016 540,564 602,624 4
S 197643,193736 540,569 593,634 3
S 191251,198046 553,588 600,626 2
S 183488,197624 555,573 598,628 3
S 197281,197267 540,570 605,621 3
S 197979,193740 540,562 598,628 1