D 91469
C 9
S 91430,117871 540,561 562,568 1
S 91509,117865 540,557 558,576 1
S 118826,261787 540,550 551,574 2
S 117774,117824 540,562 563,571 5
S 117787,91543 540,560 561,583 1
S 117785,116583 540,563 564,582 4
S 117828,116614 540,552 553,576 3
S 91633,116605 540,558 559,574 2
S 117825,118816 540,561 562,577 4
S 91436,117762 540,553 554,583 4
S 266892,117879 541,559 560,568 3
S 91543,116616 540,562 563,576 5
S 91431,102894 540,556 557,568 3
S 116604,118817 540,564 565,573 2
S 118827,261812 540,563 564,578 1
S 261754,117775 540,560 561,578 4
S 91430,91635 540,554 555,573 3
S 266889,117869 541,559 560,577 5
S 261825,117873 540,560 561,579 5
S 116692,117802 541,557 558,574 3
S 91468,261812 540,557 558,579 2
S 117827,117828 540,566 567,572 2
S 266895,91544 540,563 564,576 1
S 117784,116584 540,560 561,570 2
S 266892,91451 542,557 558,573 4
S 116604,117823 540,565 566,583 4
S 91430,102892 540,549 550,563 1
S 91631,91544 540,568 569,572 2
S 261825,117778 540,561 562,569 1
S 266881,117880 540,569 570,583 2
S 266889,91636 540,562 563,577 4
S 91537,116711 540,564 565,573 3
S 266879,117821 542,558 559,570 1
S 91433,116604 540,555 556,570 3
S 116689,117828 540,566 567,580 2
S 116691,118819 540,565 566,580 2
S 91537,117760 540,556 557,583 2
S 116704,261812 540,560 561,571 4
S 266896,261812 540,561 562,583 3
S 266879,117878 540,571 572,581 4