D 211186
C 8
S 194531,181344 541,566 581,623 5
S 211074,171069 540,554 555,577 1
S 211034,171108 540,554 584,620 4
S 165723,177561 555,584 585,622 5
S 180858,209562 548,569 593,610 4
S 209569,211082 540,568 591,612 5
S 209401,168600 540,564 565,586 4
S 168866,194760 557,574 581,622 5
S 209607,165723 540,562 591,613 4
S 168857,181586 546,588 589,616 2
S 209810,209393 540,565 591,613 5
S 209605,253165 540,561 587,617 3
S 177563,209418 541,580 593,610 1
S 171032,181477 549,577 587,617 1
S 209562,191057 540,556 590,613 2
S 180858,165726 547,570 571,591 2
S 171032,209564 541,584 590,614 3
S 211188,169460 540,560 582,621 1
S 184209,169459 542,568 589,615 3
S 177562,194759 540,581 582,624 2
S 209606,180859 540,562 594,609 2
S 177525,168948 543,577 594,609 3
S 253179,209403 563,581 591,612 3
S 209400,194758 540,565 586,617 1
S 165723,194546 557,582 588,616 3
S 211033,168955 540,557 558,586 5
S 211079,209813 540,559 594,610 5
S 211158,194757 540,552 590,613 1
S 171039,168867 547,579 586,617 4
S 211034,253165 540,557 583,621 5
S 209417,209565 541,559 581,623 3
S 209784,171069 540,563 564,580 4
S 169472,194524 549,579 581,623 4
S 253179,184225 551,593 594,617 2
S 181344,194755 540,580 581,622 4
S 181476,211139 540,575 591,613 1
S 180855,253165 545,572 573,592 4
S 177560,181343 540,581 582,622 4
S 165728,165723 563,578 590,614 5
S 211154,171038 540,556 557,582 1