D 50100
C 11
S 50072,40175 540,552 606,637 3
S 51682,51682 540,564 600,643 1
S 51821,40240 544,560 610,632 1
S 276848,48284 571,591 600,642 1
S 51707,37384 540,563 564,588 5
S 48268,37690 551,570 571,587 1
S 50506,39169 540,552 564,588 4
S 51824,51921 541,564 613,630 3
S 39177,40330 561,589 601,641 5
S 38625,39309 572,590 610,633 2
S 50536,51822 540,562 599,644 5
S 38621,38569 567,596 600,643 3
S 51918,39193 546,567 568,581 1
S 51226,40330 540,563 614,629 1
S 39193,51675 555,592 611,631 4
S 37730,51854 557,598 608,635 3
S 52218,40330 540,567 602,640 5
S 48310,52219 549,567 600,643 5
S 40190,51918 553,577 601,641 3
S 276848,50113 570,591 607,635 2
S 38620,51834 564,600 603,639 5
S 38625,48201 564,599 603,639 1
S 38592,40175 570,587 604,638 1
S 52146,37677 540,572 611,631 3
S 50472,37723 540,555 564,590 3
S 38642,51827 569,591 605,638 1
S 51675,40236 540,562 563,583 5
S 50099,38647 540,563 570,588 1
S 40293,38646 545,580 581,601 1
S 50986,48297 540,565 566,581 2
S 51915,37630 542,571 609,634 2
S 51835,48294 540,578 611,632 2
S 52217,37701 540,571 572,591 4
S 38642,48287 571,589 602,640 4
S 51707,37697 540,568 569,583 1
S 51821,37403 540,573 610,633 3
S 50060,37732 540,553 571,586 1
S 39269,37403 554,588 612,631 2
S 40409,37674 549,573 606,636 5
S 51826,50509 540,574 600,643 5