D 176068
C 8
S 176059,196158 540,553 557,600 3
S 196358,209253 562,598 623,638 3
S 176058,210219 540,556 569,601 1
S 247579,176864 551,589 609,652 5
S 184509,209254 556,573 574,599 1
S 196167,177058 570,588 608,653 3
S 195487,196394 554,599 621,640 4
S 241054,184590 574,596 613,647 5
S 172471,194555 540,557 617,644 4
S 209259,184592 577,597 622,639 4
S 177014,209117 540,571 572,599 3
S 181034,210208 549,564 571,599 5
S 190993,172444 548,577 610,650 2
S 184589,196288 540,580 612,649 5
S 184579,210197 543,575 576,605 4
S 195290,176604 564,579 609,651 5
S 172471,195278 540,555 557,586 1
S 184592,195318 540,576 615,645 3
S 196157,176132 567,589 608,652 4
S 176587,177066 540,562 613,648 5
S 194708,196287 550,588 612,648 1
S 177066,195308 545,568 569,594 3
S 177023,176109 540,566 617,643 5
S 184547,196392 551,574 575,597 1
S 176607,194710 540,572 620,641 4
S 172446,196370 540,555 615,646 1
S 175921,184528 540,552 553,585 1
S 194563,194710 555,581 614,647 3
S 196158,172348 568,589 622,639 2
S 172349,184593 540,565 566,567 4
S 184546,210212 541,584 585,600 5
S 172351,196391 540,556 614,646 5
S 194707,209233 560,578 579,593 2
S 241054,194705 576,594 621,640 2
S 196359,177057 560,600 616,645 1
S 190990,177020 547,577 618,642 3
S 210195,191042 577,596 620,641 2
S 195289,196358 564,580 609,651 4
S 184453,196359 554,571 610,650 5
S 184582,172353 545,572 620,640 1