D 113071
C 9
S 45296,53321 574,604 627,661 3
S 45294,45990 580,598 628,659 3
S 112244,97600 540,559 560,577 5
S 43813,95438 578,605 625,662 1
S 98211,46083 540,578 621,666 4
S 110830,110830 540,575 623,664 4
S 112572,53322 540,556 636,651 5
S 112528,43638 540,552 572,615 5
S 97604,53409 544,575 576,587 1
S 45085,43699 567,607 622,666 5
S 98198,54634 549,568 622,666 1
S 98198,45316 550,567 571,610 4
S 273552,112243 560,587 627,661 3
S 53306,45312 569,587 627,661 4
S 112557,46787 540,569 573,588 3
S 45099,112071 566,603 627,660 2
S 54557,45291 557,580 581,597 1
S 97583,46783 551,572 626,661 1
S 54557,45294 554,584 585,608 4
S 54627,54624 545,587 628,660 2
S 97195,97600 549,578 635,652 1
S 97596,46783 543,578 579,590 4
S 112533,273522 540,556 562,581 3
S 46783,53298 560,600 636,651 2
S 54556,112532 556,581 622,666 3
S 110861,54627 540,575 576,580 1
S 54563,45981 556,586 627,660 2
S 112576,54557 540,553 560,577 1
S 46787,273551 565,596 634,653 3
S 112065,53409 540,562 634,654 4
S 112857,53424 540,557 633,655 4
S 46082,112257 565,598 631,657 5
S 45089,95440 571,600 626,661 3
S 53298,98238 570,587 634,654 4
S 97197,98249 550,578 631,656 5
S 53307,45314 566,590 636,651 1
S 110830,46025 540,573 574,593 5
S 53322,110883 568,585 621,666 3
S 112534,112531 540,561 626,661 4
S 54555,45024 555,581 633,655 5