D 234921
C 12
S 219204,199161 560,587 637,682 3
S 222546,219619 545,583 640,678 1
S 219636,222467 560,580 646,673 2
S 218830,219227 566,591 637,682 5
S 232960,222554 540,553 650,669 5
S 232959,222424 540,562 641,678 2
S 219638,222558 552,589 640,678 5
S 218996,206148 560,589 640,678 4
S 206165,219641 585,600 644,674 1
S 232173,232889 540,574 643,676 4
S 218536,247058 572,590 639,679 1
S 218394,218357 562,601 647,671 2
S 232168,217941 540,574 575,604 4
S 222554,199158 541,584 640,678 5
S 218355,230881 565,600 646,673 1
S 218535,222552 560,601 646,673 2
S 218815,218814 559,599 638,680 3
S 218815,222425 565,593 647,672 5
S 218886,234660 557,598 639,679 3
S 222621,231088 543,579 637,681 5
S 218882,219229 558,597 641,677 3
S 232450,230875 540,564 646,673 4
S 222558,207741 547,577 578,606 5
S 208229,199178 580,596 649,669 2
S 232630,217933 540,569 570,605 1
S 245135,219625 588,613 647,672 1
S 218394,232152 570,593 645,674 5
S 206147,219638 575,610 648,671 3
S 219638,218395 555,587 646,673 1
S 222487,218997 547,584 642,677 2
S 218994,206167 553,595 647,671 3
S 231055,207753 540,580 581,601 5
S 218815,231118 563,595 643,675 1
S 208226,245132 570,605 651,667 1
S 208223,234660 578,594 649,669 1
S 218881,219642 564,590 643,676 3
S 232456,219227 540,563 564,589 1
S 208381,232888 579,594 641,677 4
S 208381,218814 564,608 651,667 3
S 222555,218358 540,584 585,590 2