D 53230
C 10
S 53551,10901 540,552 564,597 5
S 276081,46984 543,588 606,635 1
S 47040,276107 540,559 560,577 1
S 45481,23965 542,565 566,592 4
S 53221,276109 540,549 605,636 5
S 45698,23932 540,567 602,639 1
S 23309,23754 565,594 607,633 2
S 53551,45409 540,562 563,568 3
S 41553,276111 551,569 602,638 2
S 24840,23261 561,582 613,628 3
S 23308,45684 567,592 605,636 5
S 23852,41554 559,587 605,636 4
S 52981,23314 540,567 612,628 2
S 47045,23853 540,560 611,629 2
S 276124,10829 555,572 605,636 2
S 45396,53223 543,570 605,635 2
S 23936,23853 552,589 602,638 5
S 23930,23364 559,580 603,638 2
S 41553,46956 540,581 612,628 5
S 23935,10899 554,587 588,591 3
S 45474,276095 545,564 612,629 3
S 42403,46899 542,575 602,639 5
S 23385,41558 560,596 609,632 2
S 43757,23634 540,579 599,642 5
S 23310,23260 566,592 609,632 4
S 23965,46977 553,594 606,635 2
S 25378,46898 550,586 608,632 4
S 276094,23726 553,576 599,642 5
S 10901,23312 564,597 608,632 3
S 276092,276152 550,579 600,640 2
S 276094,23932 550,579 608,633 2
S 52995,45416 540,561 607,633 2
S 10828,23932 574,590 603,637 5
S 23309,45417 566,593 607,633 1
S 276286,23725 558,575 608,633 1
S 23360,276091 565,593 601,639 2
S 23364,23934 561,595 600,640 2
S 23725,41548 562,590 610,630 3
S 46922,23631 540,562 563,594 2
S 42409,45484 541,576 608,632 1