D 67127
C 12
S 66576,66572 540,568 569,595 3
S 67684,67953 566,587 588,603 2
S 66991,66487 563,586 587,606 3
S 67002,68149 540,564 576,601 5
S 67155,66480 540,555 617,632 3
S 67129,66485 540,558 602,646 4
S 68194,67257 578,596 615,633 1
S 66616,67909 554,589 590,602 3
S 67074,66539 540,560 610,638 4
S 69661,66534 544,561 612,636 5
S 69692,68198 547,585 586,601 1
S 66781,68201 540,575 578,598 1
S 69770,67780 547,567 568,589 2
S 66781,66428 546,581 616,632 4
S 69689,66469 542,566 608,641 5
S 66490,67199 578,603 610,638 3
S 69814,67604 544,579 603,646 4
S 66572,66424 552,594 611,637 4
S 63932,68155 540,550 567,610 3
S 67128,66482 540,550 582,602 5
S 69736,68039 543,585 586,615 5
S 66472,67328 578,606 608,640 3
S 66841,67767 550,586 587,595 5
S 67689,66425 558,594 608,641 1
S 66783,66989 547,582 583,594 2
S 67639,66545 570,591 609,639 2
S 69871,66445 547,572 577,608 3
S 67501,270993 567,585 614,635 1
S 67760,66539 556,597 608,640 1
S 68935,66533 576,592 614,634 3
S 66467,68194 574,612 615,634 3
S 68197,67186 576,597 611,638 4
S 66628,66533 557,585 613,635 3
S 68029,68193 589,607 617,632 4
S 66843,67612 540,572 611,638 5
S 67956,67175 582,598 610,638 1
S 67909,67327 575,590 614,634 2
S 66577,66437 540,566 616,633 2
S 69771,66426 555,572 575,615 4
S 66572,66427 561,585 588,603 4