D 202327
C 10
S 202226,217961 540,560 561,593 5
S 202219,234395 540,568 664,683 2
S 202311,205933 540,553 664,684 1
S 218395,201892 568,592 654,693 5
S 219637,218537 583,600 666,682 5
S 218827,219854 564,600 601,615 4
S 202211,206370 540,562 563,576 5
S 219638,245097 572,611 666,681 3
S 238725,206021 588,609 663,684 4
S 218815,218993 567,597 657,691 2
S 202299,206377 540,566 567,583 3
S 206375,234396 557,581 658,689 5
S 206707,207418 549,576 662,685 1
S 233773,218355 589,619 658,689 3
S 202222,218815 540,555 571,593 4
S 202511,206379 540,562 663,684 5
S 233780,234396 593,617 654,694 5
S 233294,233933 578,622 653,694 4
S 219641,205852 571,610 665,682 5
S 218841,202514 573,596 661,686 2
S 246392,205935 540,558 652,695 1
S 218355,219637 566,591 592,610 5
S 205967,219615 546,564 664,683 4
S 233773,202320 594,614 651,696 2
S 205967,217942 546,565 661,687 5
S 219843,207606 584,605 654,694 3
S 202299,233825 540,561 666,681 3
S 202510,219617 540,550 652,695 5
S 218538,233353 567,593 594,623 2
S 206703,218829 549,579 653,695 5
S 206379,218815 558,580 581,600 1
S 218813,206372 566,597 658,690 5
S 218914,202321 572,598 659,688 4
S 219843,233988 576,614 615,620 5
S 206379,219216 556,583 584,604 2
S 219216,218841 573,606 657,690 4
S 202225,217941 540,564 566,589 3
S 205554,217970 540,575 662,685 1
S 233294,218538 591,609 659,688 4
S 206559,206020 547,574 653,695 2