D 281900
C 8
S 12610,30717 540,558 596,631 4
S 34287,34329 556,578 591,636 2
S 30719,12925 546,582 594,632 2
S 34296,34319 549,588 595,631 5
S 18540,12954 546,571 603,624 2
S 34096,13008 569,586 594,633 2
S 34103,12536 554,592 599,628 3
S 30607,34363 553,570 571,588 2
S 18503,34329 540,577 591,636 5
S 34098,278237 567,584 600,626 1
S 34266,12579 557,578 593,633 1
S 278235,278238 549,572 605,622 1
S 12604,18482 540,558 559,578 1
S 34097,13030 561,593 594,634 5
S 278291,12770 541,578 599,628 4
S 34308,278240 557,579 599,627 4
S 278236,30742 551,570 602,624 4
S 12539,34377 540,550 602,625 4
S 18549,18379 541,577 601,625 1
S 12780,34266 540,563 592,634 1
S 12777,34097 540,554 562,592 4
S 12763,30607 540,553 554,577 3
S 278238,18362 540,581 604,623 4
S 18368,18367 546,564 592,635 5
S 18539,12666 542,574 598,629 1
S 12652,13018 540,565 601,625 3
S 30697,34231 555,571 598,629 4
S 13910,34100 546,563 564,590 4
S 12608,12770 540,558 592,635 2
S 278229,30686 545,578 595,631 4
S 18379,34376 540,575 598,628 3
S 18369,12777 540,577 604,622 2
S 12585,18539 540,559 591,635 2
S 34097,34099 559,595 596,635 1
S 18500,34376 540,580 600,626 1
S 18370,13030 540,574 598,628 1
S 13903,34099 540,569 570,593 2
S 8156,34392 540,567 593,633 1
S 18367,278239 545,564 600,626 2
S 30692,278286 546,577 595,631 3