D 171617
C 12
S 154824,142173 553,568 578,621 5
S 140869,132188 556,586 590,610 1
S 171615,171177 540,551 589,610 4
S 253341,138040 540,581 588,612 4
S 168430,138876 540,572 588,612 5
S 141255,138080 559,580 584,616 2
S 169324,165090 540,567 585,615 2
S 171198,165083 540,559 581,619 5
S 252323,171168 540,563 589,610 1
S 141898,138080 551,576 585,615 5
S 171539,137757 540,555 588,612 3
S 169305,140970 540,567 568,579 4
S 139011,137590 551,592 593,622 2
S 168352,168488 542,567 583,617 2
S 171193,132165 540,568 569,590 2
S 141868,164814 548,579 580,621 1
S 171613,168351 540,549 550,563 3
S 141834,171166 557,574 587,613 3
S 141834,137537 543,587 588,618 1
S 252326,154794 540,563 564,580 5
S 169017,138748 540,567 583,616 1
S 141848,132158 556,573 588,611 2
S 171189,149550 540,571 580,619 2
S 141250,137762 550,589 590,613 5
S 141826,137884 554,576 585,614 4
S 132168,137850 552,595 596,619 4
S 164733,132165 545,567 568,581 3
S 141151,142151 552,581 591,609 4
S 169324,138521 541,558 578,621 5
S 171201,137631 540,567 586,614 3
S 141256,132194 553,587 588,615 5
S 168539,149549 541,564 587,612 5
S 171195,154635 540,570 571,583 1
S 171547,257704 540,560 590,610 5
S 168358,131951 540,572 577,622 3
S 140873,137631 559,581 587,613 2
S 141107,138080 557,575 578,622 5
S 132172,169273 561,585 588,611 3
S 141897,164933 543,583 584,615 2
S 171193,154821 540,561 562,583 3