D 179395
C 11
S 179385,128065 540,559 560,583 5
S 122526,158731 562,578 580,619 5
S 153254,122509 540,574 575,583 3
S 151201,179071 543,580 582,617 2
S 162807,128070 540,568 569,586 5
S 162807,153167 540,561 582,617 2
S 158661,122638 540,569 588,610 2
S 128088,128048 550,574 585,613 4
S 254493,122679 540,578 579,588 3
S 123039,122547 562,581 590,608 3
S 179034,128063 540,569 570,577 4
S 158519,122642 544,564 565,575 4
S 158933,158531 540,571 585,614 1
S 179370,122623 540,553 577,621 3
S 128068,253713 555,575 585,614 5
S 162804,158531 540,570 588,611 2
S 162807,127882 540,556 557,572 3
S 153242,253713 540,577 578,621 3
S 151201,179070 542,582 583,621 2
S 122560,153244 549,591 592,613 3
S 158669,122508 540,574 575,580 5
S 122641,158564 547,585 589,609 5
S 151199,128008 548,575 579,620 5
S 153254,122513 545,567 582,617 3
S 157025,122516 540,573 574,586 1
S 158932,158738 540,570 579,619 4
S 128088,259209 546,577 583,616 5
S 179391,122622 540,551 586,612 1
S 122560,158531 550,590 591,620 5
S 158661,128182 544,559 560,574 3
S 179129,127991 540,553 587,611 3
S 162808,128001 540,567 588,611 4
S 158672,123069 543,562 563,583 5
S 153002,153002 552,567 591,608 3
S 122525,259208 550,590 591,618 4
S 179388,127883 540,550 551,575 5
S 128066,157024 549,579 584,614 4
S 152999,157025 540,581 591,607 1
S 157025,158521 540,571 585,613 3
S 122641,157026 549,584 585,619 4