D 259793
C 11
S 125054,157646 540,560 561,594 4
S 157649,125217 554,589 590,621 4
S 127403,126682 546,586 592,619 5
S 254430,126343 565,583 587,623 3
S 259792,125263 540,562 588,623 2
S 259893,125254 541,558 589,622 3
S 125029,125674 540,566 593,618 1
S 157647,126817 549,594 595,619 1
S 259616,125266 540,558 583,627 3
S 259893,126342 540,572 573,583 4
S 127235,126537 547,570 585,625 1
S 124922,157424 540,559 560,591 5
S 125026,157145 540,572 573,576 3
S 127288,125208 546,565 597,614 1
S 259661,125266 540,554 592,619 2
S 125054,126124 540,566 586,624 5
S 259889,259570 540,560 596,615 1
S 157452,126537 562,585 589,621 2
S 125052,126122 540,571 572,583 5
S 157140,125677 549,591 595,616 1
S 157383,126122 549,589 596,615 4
S 157452,126682 557,591 594,617 3
S 259805,157382 540,551 588,623 1
S 259656,126123 540,562 595,616 4
S 125681,126130 550,575 597,614 2
S 254428,126809 562,585 598,613 3
S 157142,125676 559,579 589,621 5
S 126617,259569 541,582 591,619 1
S 126616,157142 554,570 584,626 2
S 126614,259790 548,574 584,626 5
S 126121,125671 552,575 598,613 4
S 254426,151714 557,588 589,625 3
S 127285,157140 540,574 575,580 2
S 254427,126340 557,588 591,620 5
S 151711,157137 547,589 590,625 5
S 259640,125271 540,559 587,623 1
S 126121,125208 541,586 587,624 1
S 151710,125232 558,577 588,623 1
S 127293,125263 543,567 584,627 1
S 126130,125670 546,582 585,625 5