D 210322
C 11
S 181507,209141 542,587 588,626 1
S 210195,248240 540,557 558,565 2
S 191108,181610 543,576 592,618 1
S 171227,195314 562,582 594,616 2
S 191099,196161 543,573 583,628 4
S 184040,209120 548,571 584,626 5
S 210544,248240 540,550 587,624 5
S 191142,169150 540,577 590,620 4
S 191110,195523 544,574 596,615 4
S 180823,191098 558,579 592,619 2
S 177536,191166 560,579 592,618 3
S 194648,171250 540,568 591,620 5
S 181350,191112 553,578 584,627 4
S 183811,209118 550,572 591,619 5
S 195311,184026 540,568 584,626 3
S 196161,196391 540,561 595,616 4
S 171233,195523 562,583 591,619 4
S 210303,196358 540,550 594,616 5
S 194644,191145 540,575 591,620 3
S 196368,171537 540,558 587,623 2
S 194440,171565 543,567 568,586 4
S 171228,195308 553,591 594,617 2
S 196266,184319 540,558 593,618 2
S 210252,247550 540,562 585,626 2
S 210196,209130 540,554 591,620 4
S 210307,184282 540,559 596,614 2
S 209263,249613 540,566 592,618 3
S 196159,191163 540,556 590,621 3
S 194662,209179 540,565 595,615 1
S 191100,169153 540,581 589,621 4
S 191141,184225 540,578 595,616 4
S 171549,184234 557,586 589,621 3
S 194449,180840 540,574 575,582 2
S 194422,195302 545,565 586,624 1
S 171234,184289 565,581 587,624 4
S 195416,195523 540,569 589,621 4
S 196391,171277 540,567 589,622 2
S 210218,180833 540,554 558,577 4
S 194646,169152 543,564 598,613 2
S 180844,194643 552,582 589,622 4