D 233915
C 11
S 219568,199125 565,595 644,660 2
S 218922,208219 565,606 630,673 4
S 230817,233351 554,578 635,669 1
S 198024,233786 585,622 636,667 4
S 231104,193091 543,585 634,670 3
S 219226,233370 570,595 638,665 4
S 231053,199121 553,584 585,618 1
S 231037,238158 540,562 563,584 5
S 222643,218915 546,568 573,598 5
S 222688,222254 551,571 572,582 4
S 192938,217940 588,622 642,661 2
S 222317,199171 556,594 643,660 2
S 198127,218839 586,619 637,666 5
S 233936,199119 540,563 584,616 5
S 219576,192804 568,588 630,673 1
S 218538,218355 577,603 638,665 3
S 230872,219205 540,570 571,597 2
S 199125,218923 588,614 633,671 3
S 208224,234191 580,612 630,674 5
S 217941,193093 582,603 641,662 1
S 232215,231111 540,566 567,576 5
S 222225,233297 540,577 636,667 1
S 199123,233769 585,616 633,671 5
S 230821,219583 549,571 572,585 5
S 222308,217940 566,586 635,668 2
S 218814,198128 568,610 611,612 3
S 230847,219842 558,581 636,668 4
S 217941,199124 573,612 634,670 2
S 222324,192932 551,596 639,664 1
S 230904,218997 540,564 632,672 1
S 218832,217934 571,605 637,666 1
S 219205,219876 572,594 637,666 3
S 193092,219855 588,619 640,663 1
S 219568,218357 569,591 592,613 1
S 218393,219643 573,610 642,661 5
S 230822,219840 542,579 641,663 4
S 219576,233836 556,600 640,664 5
S 230854,218357 540,571 634,669 1
S 233962,222685 540,561 562,570 1
S 230818,219583 550,584 585,589 3