D 188204
C 12
S 105128,113791 582,614 632,654 1
S 174696,144356 548,569 630,656 4
S 188335,108698 540,552 624,662 1
S 113717,106882 562,593 635,651 2
S 188200,107168 540,555 576,604 2
S 174188,113782 544,580 629,658 3
S 264347,174590 575,616 622,665 5
S 188192,110016 542,559 573,592 2
S 146498,188157 549,582 621,665 3
S 188194,113721 542,557 561,596 3
S 106869,173981 573,613 630,656 5
S 107102,147324 573,610 631,656 5
S 174721,147296 540,576 632,655 4
S 146501,174780 550,584 630,656 4
S 109864,147297 567,600 625,662 4
S 146508,145597 550,588 633,654 5
S 174188,113725 543,580 634,653 2
S 174737,147283 543,568 622,664 1
S 145536,174057 565,588 634,653 2
S 105146,146210 586,610 621,665 2
S 146503,108697 550,585 623,663 4
S 174707,146517 550,567 568,586 4
S 106891,147283 572,617 625,661 5
S 106820,145226 576,611 623,663 1
S 109845,147317 579,594 624,663 2
S 188203,107206 540,548 621,666 4
S 109763,109745 573,601 635,651 4
S 188192,174058 540,561 628,659 3
S 174157,146519 550,576 627,659 4
S 145427,145226 560,595 625,662 4
S 108681,145150 571,604 625,662 3
S 105219,146525 591,608 624,662 3
S 146503,173981 556,579 622,665 2
S 188192,145539 540,573 574,586 4
S 174208,105222 540,584 585,609 1
S 188201,145536 540,547 564,589 5
S 113783,188155 559,604 621,666 1
S 146499,108687 554,578 622,665 4
S 107198,105219 569,607 608,621 2
S 174157,144341 556,571 628,658 2