D 183722
C 10
S 169729,183150 545,560 611,653 1
S 91341,180232 561,592 622,643 5
S 85866,91321 573,597 610,654 3
S 169724,155374 540,564 615,649 2
S 181817,167179 540,567 613,652 1
S 165795,170856 550,565 615,649 4
S 132246,85906 553,582 617,647 1
S 79560,177884 573,604 625,640 4
S 86019,91324 569,597 615,650 5
S 149724,181863 550,571 623,641 3
S 85905,86018 562,606 615,649 2
S 140981,183149 545,584 614,650 1
S 138713,154395 552,580 617,647 2
S 183845,177903 540,554 618,646 3
S 168095,85632 543,567 568,605 1
S 154958,183149 548,570 623,642 1
S 267046,166701 559,601 612,652 2
S 168081,155371 540,572 617,647 4
S 85866,129165 564,607 610,655 2
S 154958,155382 540,581 616,649 1
S 131005,154306 556,583 624,640 5
S 180314,130051 540,561 562,589 2
S 170921,89684 540,566 569,592 1
S 129430,258962 558,583 613,651 5
S 89690,85907 564,598 619,645 5
S 168081,85634 540,576 618,647 5
S 137707,154302 550,584 621,643 3
S 253104,155381 546,567 612,653 5
S 169733,170765 541,565 622,642 1
S 90582,85643 570,587 614,651 4
S 137709,70137 559,575 576,607 5
S 79658,267044 572,601 613,652 3
S 180367,79559 540,557 613,652 1
S 140978,91229 545,582 618,647 2
S 90583,170765 556,601 618,646 1
S 89688,169783 562,600 622,643 1
S 253104,85910 540,573 616,648 5
S 180563,154302 540,568 624,640 4
S 131441,131473 548,588 623,642 3
S 89684,129277 560,600 616,648 4