D 198403
C 9
S 128242,178887 559,578 607,636 4
S 122477,156903 566,582 613,630 2
S 153435,178905 552,579 610,633 5
S 163062,178887 540,577 611,632 4
S 198404,191968 540,557 558,560 5
S 163379,153590 542,574 599,643 4
S 163306,128070 542,576 577,590 5
S 122380,193174 565,589 602,641 2
S 192068,121771 540,563 606,637 4
S 163376,122173 540,577 610,632 4
S 193415,193399 540,562 606,637 4
S 191613,123291 540,568 569,593 1
S 122348,122173 565,590 601,641 2
S 192111,159981 540,560 613,630 2
S 163062,127976 540,576 604,639 1
S 127975,193181 552,595 608,634 3
S 127982,128194 561,584 607,635 1
S 153422,178901 558,574 607,636 1
S 192108,121802 540,562 614,629 1
S 123291,122348 562,580 613,629 5
S 122185,159983 570,594 603,639 5
S 122341,179501 562,595 609,634 4
S 150963,122377 551,584 610,633 1
S 163119,193173 551,570 608,634 3
S 163324,128253 540,578 579,593 3
S 163306,178788 551,567 613,629 2
S 191587,159037 540,566 607,635 5
S 122431,153609 565,587 605,637 4
S 150925,122430 550,585 611,631 1
S 153756,128196 543,585 603,640 3
S 122048,163044 560,599 607,636 5
S 178898,193693 540,576 605,637 1
S 163063,191588 540,574 610,633 1
S 127982,191988 551,595 603,640 5
S 122484,122334 566,582 604,639 3
S 122281,122047 571,586 610,632 4
S 198411,122070 540,553 614,629 5
S 193684,122378 540,557 607,635 4
S 122425,153622 565,587 600,642 1
S 192221,159998 540,560 602,640 3