D 255674
C 11
S 197268,155621 547,591 592,617 5
S 149997,182851 540,560 561,573 3
S 178150,167002 542,570 589,609 2
S 182347,197230 543,578 579,619 3
S 191440,155588 555,571 591,606 3
S 193828,154147 545,585 591,606 1
S 182115,197403 543,573 574,581 1
S 155998,193825 540,558 582,616 3
S 178149,154212 540,574 578,619 4
S 182126,155591 540,576 586,611 2
S 247350,182356 559,585 586,614 5
S 197121,166921 555,580 586,611 1
S 197231,178277 558,581 584,613 4
S 166922,197230 540,569 586,612 4
S 156091,193831 540,559 560,584 5
S 197419,170157 563,582 584,613 4
S 197129,170153 556,577 589,609 4
S 197419,154147 564,581 588,609 2
S 170157,197240 540,571 577,620 3
S 197230,155623 561,578 585,612 1
S 193842,182873 554,576 590,607 4
S 155575,182358 540,553 587,610 1
S 149989,197451 540,559 564,580 4
S 155957,155997 540,555 585,612 5
S 167004,164089 540,562 581,616 5
S 182843,191440 546,577 586,612 3
S 182851,170522 543,580 581,620 5
S 170153,166908 540,573 584,613 2
S 182162,193842 548,571 587,611 2
S 182844,193826 544,579 590,607 3
S 193825,155998 552,579 580,621 3
S 179809,193842 545,568 579,619 3
S 167003,154209 540,563 583,614 2
S 149987,182874 540,562 582,615 3
S 182309,164033 542,578 583,615 3
S 167003,193820 540,564 578,619 1
S 197233,170100 560,577 578,621 2
S 197411,155943 557,584 585,614 5
S 178143,178162 544,567 579,618 4
S 167004,164036 543,560 585,612 3