D 248231
C 8
S 168805,154864 545,564 573,594 5
S 183747,166444 540,561 562,566 2
S 154805,154661 552,570 574,593 1
S 154648,184046 545,582 583,592 2
S 165851,183947 540,578 579,593 1
S 166445,170965 548,565 572,596 1
S 154805,164372 553,569 570,603 4
S 181729,154639 540,570 571,606 4
S 181729,252591 540,558 563,605 2
S 183946,252595 540,568 569,602 4
S 154808,169594 548,574 575,593 4
S 184081,166562 540,558 573,595 2
S 149605,184093 554,571 575,593 5
S 166443,184048 543,571 572,595 1
S 184092,191139 540,551 568,600 1
S 184093,166551 540,558 559,576 1
S 149608,170965 547,578 579,598 5
S 191134,183740 540,564 575,593 3
S 191180,181716 540,560 575,593 4
S 165851,184171 540,575 576,599 5
S 184049,183986 540,558 561,606 1
S 154651,191170 552,573 574,595 3
S 184071,154650 540,554 555,580 4
S 164379,180436 543,576 577,596 2
S 154638,169594 554,574 575,595 5
S 168134,169593 540,572 573,600 5
S 166281,181811 540,578 579,604 1
S 191180,183746 540,551 564,603 3
S 181729,180437 540,560 567,600 3
S 166568,183745 540,576 577,606 5
S 183824,154846 540,559 560,577 2
S 154648,184073 549,578 579,594 4
S 184046,166561 540,556 574,594 2
S 183743,165851 540,560 561,574 4
S 191179,154652 540,558 559,575 5
S 166562,180338 541,570 573,594 2
S 154639,180515 546,582 583,593 3
S 154649,180342 544,582 583,599 4
S 154659,180337 544,583 584,602 2
S 252594,180436 540,570 571,601 5