D 62582
C 9
S 74389,62692 545,586 640,673 1
S 61609,80512 540,558 572,590 3
S 79620,73564 555,600 647,666 4
S 79466,124291 555,593 649,664 4
S 74255,80818 550,595 596,600 3
S 74239,127620 564,581 638,675 4
S 62564,70368 540,555 647,667 1
S 123397,124498 584,605 606,612 1
S 127569,80516 590,611 636,678 1
S 81394,81388 572,601 645,668 1
S 73985,74375 544,564 565,576 2
S 124332,70509 594,612 638,675 3
S 127569,70551 590,612 643,670 4
S 74521,70500 550,566 642,671 1
S 71009,70368 540,566 639,674 2
S 124142,81373 588,611 637,677 4
S 74526,80498 548,569 570,600 3
S 80826,62631 570,598 642,672 4
S 80729,124170 562,604 605,621 5
S 74422,123439 551,573 586,603 2
S 79460,81472 554,592 643,670 2
S 71021,74520 540,564 565,570 1
S 81473,80501 573,606 648,665 1
S 123470,80733 582,610 648,665 1
S 71024,70494 540,560 642,672 2
S 61609,74424 540,550 551,583 2
S 80513,80500 562,600 638,676 2
S 62557,127610 540,561 582,621 1
S 74346,80825 558,576 641,673 5
S 81392,127621 575,598 639,675 2
S 80766,124335 566,601 637,677 1
S 74388,123443 551,582 583,609 3
S 78885,85648 548,567 568,588 4
S 74516,123424 547,565 647,667 4
S 74504,124335 546,569 647,667 4
S 123440,123425 576,613 640,674 3
S 62574,124146 540,555 590,606 5
S 62562,74516 540,556 557,574 3
S 85647,123441 565,586 587,605 3
S 124337,80733 589,619 643,671 2