D 272942
C 8
S 28026,279329 555,581 645,669 5
S 11813,48789 582,603 634,679 4
S 282068,26492 577,598 642,671 2
S 272914,49250 540,552 638,676 3
S 11805,49232 568,609 640,673 4
S 47604,11240 552,582 586,607 4
S 49298,283321 541,570 581,620 1
S 50779,26551 541,566 567,595 4
S 28039,21377 559,585 586,604 4
S 26491,11237 560,596 597,617 1
S 22890,11795 558,601 648,666 3
S 282070,4814 568,606 607,610 3
S 11258,279120 573,616 635,678 5
S 49789,4986 541,570 640,674 3
S 52567,48801 542,564 565,573 1
S 49049,48798 540,581 647,667 1
S 49012,9138 542,584 642,671 4
S 26539,22867 562,590 637,677 2
S 48794,11795 555,578 579,605 4
S 49055,49231 551,567 646,667 3
S 22868,11236 564,601 602,606 1
S 272915,49043 540,555 556,566 5
S 272922,49220 540,560 561,575 1
S 26548,49012 558,594 637,677 1
S 28056,26492 565,580 635,678 1
S 22878,11801 562,600 636,677 3
S 5572,49024 584,612 639,674 1
S 28062,9138 560,584 585,614 4
S 49050,4810 545,575 638,675 2
S 50688,49294 547,562 639,674 3
S 4810,11261 584,619 639,675 2
S 273048,20925 540,563 574,607 3
S 11795,4811 570,603 604,616 3
S 49009,20939 554,572 574,604 3
S 5572,11361 586,610 637,677 3
S 28030,55887 557,583 639,674 4
S 272919,20924 540,561 577,605 5
S 272903,11260 540,557 644,670 2
S 272924,55605 540,567 645,669 4
S 28110,279152 559,582 640,673 1