D 156389
C 8
S 182316,208947 540,574 604,647 4
S 194047,221217 543,578 579,590 2
S 208931,238408 551,595 596,604 4
S 208915,208936 555,596 618,634 4
S 196764,219295 553,584 605,647 1
S 166990,183315 540,556 613,639 2
S 191417,208915 540,582 609,642 1
S 194046,208968 547,574 606,645 1
S 183440,178154 543,575 615,637 4
S 250423,183335 540,566 613,638 3
S 183334,219305 548,569 570,593 1
S 170505,167421 540,571 606,646 5
S 163771,182112 540,566 606,646 3
S 221250,221217 573,591 609,643 4
S 163720,195919 540,558 559,574 1
S 163769,219314 540,564 605,646 1
S 221249,178178 560,603 614,638 5
S 194004,208919 540,580 581,587 2
S 156577,208915 540,560 607,644 2
S 156382,208933 540,554 617,634 1
S 208938,182108 564,580 618,634 1
S 208952,163723 549,590 608,643 3
S 163759,221307 540,565 568,598 5
S 163838,183428 540,566 605,646 5
S 196764,208965 554,584 607,644 4
S 183333,196764 549,566 567,591 4
S 163770,156572 540,561 604,647 5
S 221226,208941 563,600 605,646 5
S 238408,238914 570,597 607,645 2
S 183335,208923 547,570 571,592 1
S 219301,183334 559,597 615,637 4
S 196602,219308 558,578 617,634 5
S 221303,219289 574,591 618,633 3
S 182332,196764 540,572 573,586 3
S 196534,183488 553,577 607,644 1
S 183487,221306 547,572 616,635 5
S 163786,195958 540,553 554,584 1
S 194002,196690 550,572 608,643 4
S 221306,208944 562,604 607,645 4
S 196693,196602 548,586 609,642 5