D 280245
C 8
S 22759,37409 540,556 620,653 5
S 26750,56743 540,562 621,652 2
S 22741,62374 540,553 554,589 1
S 62368,71290 549,592 620,653 1
S 74469,62064 564,609 623,650 5
S 73999,71335 577,592 614,659 2
S 22696,73986 540,559 614,659 1
S 56760,28690 555,580 628,645 4
S 39308,74347 542,585 586,602 5
S 279265,56743 540,569 627,646 1
S 28875,71005 540,572 573,602 5
S 62075,73929 553,585 586,592 1
S 73999,26752 574,595 616,658 4
S 277164,71400 548,576 625,648 5
S 62075,56692 557,581 616,658 4
S 86684,36924 570,608 628,645 2
S 28486,36864 540,574 623,651 5
S 28487,21858 540,569 626,648 4
S 71454,56762 560,598 628,645 2
S 71007,71338 561,599 628,646 1
S 71084,21722 564,581 617,656 1
S 62374,62079 555,587 619,654 4
S 22774,28877 540,551 616,658 2
S 22774,277164 540,565 566,585 4
S 28860,27536 540,579 622,652 3
S 40132,62407 552,578 624,649 4
S 73935,78889 560,605 624,650 5
S 62394,28875 550,594 627,647 3
S 28889,39290 547,563 622,652 5
S 269905,73985 564,599 627,646 4
S 73985,71078 563,605 627,646 5
S 74388,62347 572,602 626,647 4
S 28689,62323 540,572 573,580 4
S 270153,74417 571,586 624,649 1
S 86676,29790 580,599 623,650 5
S 71086,22738 557,589 623,650 5
S 71390,61716 556,600 623,650 5
S 71334,28855 555,599 622,652 2
S 39308,71486 547,581 582,589 4
S 62368,62390 552,588 624,649 2