D 98015
C 9
S 187459,111613 590,609 642,679 2
S 213416,146962 586,622 642,678 2
S 147173,187506 559,603 604,613 1
S 113185,146597 552,583 643,677 3
S 110679,262457 540,578 653,668 5
S 186441,111478 572,617 641,680 1
S 98106,186128 540,569 570,614 1
S 146933,173875 566,592 638,683 4
S 98135,146969 545,560 646,674 3
S 98108,113421 540,558 559,581 4
S 110747,187552 540,579 641,680 5
S 146763,146963 566,586 648,673 5
S 186294,186262 585,604 646,675 1
S 147054,146628 567,592 644,676 2
S 175133,110886 576,597 645,675 4
S 146936,186723 558,596 597,619 5
S 113190,186297 556,578 646,675 5
S 98012,262445 540,552 556,572 4
S 110902,145508 540,566 650,670 2
S 110845,146979 540,568 569,602 4
S 111979,111947 541,584 638,683 1
S 113201,113190 548,580 647,674 5
S 98137,189483 540,566 582,623 4
S 110900,186829 540,563 647,674 1
S 110680,113423 540,579 643,678 4
S 175240,186438 570,608 643,678 2
S 186264,146951 574,613 649,672 1
S 256132,113200 564,600 646,675 4
S 187628,147575 588,613 650,671 1
S 98264,98065 540,576 652,668 2
S 113196,110892 544,587 638,682 1
S 175494,213417 570,611 612,621 3
S 98238,186824 548,564 650,670 1
S 265571,113444 540,567 646,675 3
S 187630,145508 579,623 645,676 5
S 187457,111450 583,618 642,678 1
S 147548,111934 570,598 653,668 3
S 186131,175493 577,606 639,682 3
S 145444,256111 555,588 589,597 2
S 98124,213418 540,566 588,619 5