D 7830
C 11
S 34407,17845 548,583 638,682 4
S 85194,35439 576,614 638,681 3
S 18268,35438 540,576 577,582 3
S 63733,80161 568,586 587,601 5
S 34908,18262 546,587 644,675 1
S 57466,60289 560,586 643,676 4
S 82240,17841 581,623 648,671 2
S 7833,18265 540,554 650,669 1
S 282881,66655 540,552 641,679 4
S 30663,35457 541,580 642,677 2
S 82269,281681 586,616 647,673 1
S 30624,281629 540,577 649,670 5
S 34415,63727 549,581 640,680 4
S 35497,63733 558,583 638,681 4
S 80299,12876 574,609 642,678 5
S 85162,66799 576,619 650,670 4
S 85194,69663 575,615 648,672 2
S 281639,85194 540,558 585,604 5
S 35437,268625 548,588 638,681 1
S 85192,79944 578,613 637,682 3
S 66826,34418 566,599 640,680 2
S 80006,60350 580,597 648,671 3
S 85195,66655 575,614 642,677 3
S 30743,66796 552,571 648,672 1
S 35456,34264 558,579 643,676 1
S 30743,80007 552,570 571,610 2
S 34263,79937 547,578 579,607 4
S 281651,34415 540,557 646,674 2
S 80294,18272 578,605 637,682 3
S 80168,69664 576,603 651,668 5
S 7643,80203 540,549 573,608 2
S 7644,60142 540,554 565,585 4
S 60135,85208 554,598 599,606 3
S 35459,81993 558,581 649,670 2
S 82262,80006 580,621 639,681 2
S 85164,81995 580,615 646,673 1
S 34407,281641 544,588 652,668 1
S 7836,66797 540,553 644,676 3
S 80320,281629 571,615 650,670 3
S 7643,79942 540,557 579,594 2