D 68334
C 8
S 68318,124592 540,562 573,594 5
S 272640,271497 588,628 653,689 2
S 271105,33950 591,606 650,692 3
S 84635,59655 550,571 657,686 1
S 65937,84717 540,565 566,577 2
S 259456,59971 556,575 660,682 2
S 82619,260407 540,576 577,585 1
S 68324,57566 540,553 663,679 3
S 260399,59965 555,600 658,685 1
S 68318,272641 540,557 601,616 4
S 66565,65093 580,616 649,694 5
S 59912,59962 590,622 654,689 2
S 82314,57566 567,611 658,685 1
S 68813,63831 540,571 595,613 3
S 82083,59322 578,602 663,679 4
S 124591,65294 566,600 655,688 4
S 67045,57568 588,615 654,689 2
S 124584,271259 563,579 656,687 1
S 68319,35142 540,557 592,631 2
S 34036,64730 597,639 657,686 1
S 84639,64014 540,582 649,693 2
S 65940,124597 540,553 574,596 2
S 82638,59677 540,567 649,694 1
S 68848,67499 543,561 589,605 2
S 124606,35031 565,609 653,689 1
S 35118,35023 599,629 658,684 5
S 33943,57565 605,636 663,679 5
S 67500,35184 580,614 615,626 2
S 82082,272593 572,608 659,684 4
S 33942,34040 601,640 650,692 3
S 82616,271263 540,573 653,689 2
S 272636,64132 589,628 656,686 4
S 84646,271467 546,576 655,688 1
S 272640,66367 601,616 657,685 1
S 67755,57569 573,617 654,688 3
S 35151,33953 596,631 659,684 3
S 68791,272635 540,564 596,622 1
S 124570,64108 564,582 656,686 5
S 68787,59322 540,569 660,682 1
S 271105,35180 587,610 611,621 2