D 167555
C 10
S 79481,89792 553,598 599,622 3
S 90324,90354 549,581 597,623 4
S 164044,155534 540,565 598,621 1
S 129665,131556 542,583 601,619 2
S 258557,156091 545,561 602,617 5
S 120745,86057 544,572 573,587 3
S 155673,154231 540,554 596,623 1
S 129692,79482 540,584 588,631 5
S 129705,140686 547,576 587,632 4
S 119166,85922 543,585 588,631 5
S 129700,154231 552,571 596,624 4
S 85807,155566 560,582 590,629 2
S 155574,155652 540,560 588,631 1
S 85811,79483 563,581 594,626 4
S 155997,129697 540,558 559,583 1
S 79466,154244 565,582 587,632 3
S 120707,155567 551,566 589,631 3
S 164036,120708 540,563 564,578 4
S 155955,121068 540,560 561,576 2
S 86050,121055 556,579 601,619 3
S 119166,85834 543,585 593,626 5
S 140465,131554 540,567 589,631 5
S 269876,85826 555,598 599,632 4
S 119210,90353 550,577 599,620 2
S 128892,167559 540,577 589,631 2
S 90326,269876 545,586 587,593 1
S 128892,85948 540,573 574,592 1
S 131678,131758 546,563 601,619 3
S 149985,131554 542,557 598,622 4
S 79482,73742 566,585 591,628 1
S 167401,129651 540,559 591,629 2
S 166909,79519 540,559 599,621 1
S 129750,73743 549,573 601,619 1
S 85958,90301 556,583 596,624 3
S 129926,131668 542,577 590,630 2
S 85811,85828 557,586 600,619 5
S 166909,90355 540,553 554,584 3
S 140427,79537 540,568 569,584 4
S 119165,155534 554,573 595,625 3
S 131733,154179 544,564 592,628 2