D 162222
C 11
S 127405,152645 540,578 579,601 3
S 157139,152646 540,570 574,598 2
S 127403,159450 557,594 595,607 3
S 157383,158197 540,565 575,600 2
S 254125,125606 540,565 566,576 1
S 126347,182820 546,569 596,631 3
S 159800,193955 578,615 616,641 5
S 179650,191821 599,616 649,688 1
S 152648,193250 566,607 660,676 3
S 193827,157784 606,628 658,678 2
S 151789,191460 566,594 604,625 4
S 152555,182770 570,595 596,631 2
S 158569,193856 572,609 656,681 3
S 151410,157783 558,597 648,688 3
S 193862,193826 605,630 659,677 4
S 151709,191519 562,593 650,687 4
S 152554,193875 562,603 610,629 1
S 125611,162715 562,578 650,686 1
S 126338,160282 563,589 654,683 4
S 178545,160175 595,618 649,688 3
S 193868,157843 608,629 653,683 1
S 254117,193250 540,564 659,677 3
S 151839,158686 558,602 603,607 4
S 193843,162733 596,635 651,685 4
S 157143,179603 540,569 594,626 5
S 191467,160170 603,628 654,683 4
S 152623,193874 576,593 612,627 4
S 157384,179092 540,560 648,689 1
S 191459,179416 602,627 659,677 1
S 182817,191528 596,631 653,683 4
S 191460,192160 603,627 658,678 5
S 125626,157854 554,582 651,685 1
S 193843,193863 602,629 659,677 1
S 127402,193875 553,598 646,690 1
S 159950,162777 579,620 658,678 2
S 162230,179109 540,559 646,691 2
S 152625,191740 573,597 656,681 4
S 127404,162728 560,593 656,681 5
S 162267,179108 540,562 658,678 2
S 151465,160175 567,590 653,683 2