D 141671
C 12
S 87956,88825 540,583 584,607 3
S 75388,75489 547,586 587,615 3
S 78656,130740 551,578 580,604 1
S 267257,131381 546,564 573,612 1
S 140966,88797 540,551 552,574 1
S 87808,74792 547,574 577,607 3
S 130513,74794 540,558 559,586 4
S 131385,75482 540,567 572,613 4
S 88803,130516 543,573 585,600 1
S 130459,130739 540,568 585,600 1
S 74763,261777 547,588 589,606 2
S 130886,130515 540,563 580,605 1
S 118858,131187 540,569 582,603 2
S 87918,137787 540,581 582,613 1
S 91499,74766 540,575 576,589 4
S 87955,261812 546,576 577,611 4
S 130422,87802 540,569 570,577 3
S 89353,88821 540,575 576,612 2
S 87720,91516 556,571 577,608 1
S 88802,78654 540,578 579,609 4
S 91036,75398 544,563 564,588 2
S 261812,89406 540,573 580,604 3
S 89350,75471 546,567 573,611 1
S 87928,88826 540,580 583,602 4
S 88839,131097 548,566 573,612 1
S 74790,140966 548,588 589,605 3
S 130888,75399 540,566 567,581 3
S 140938,89408 540,551 581,604 3
S 138710,261756 540,558 585,600 4
S 118861,74763 540,564 565,587 1
S 132283,74766 540,563 564,585 2
S 74765,137703 557,576 577,613 3
S 89343,132286 540,575 576,613 4
S 87918,137701 549,571 577,607 1
S 131132,78652 540,557 558,578 5
S 261812,88826 542,559 579,606 5
S 137787,87937 540,562 577,607 3
S 140963,261777 540,560 561,571 2
S 91037,118859 540,568 581,604 2
S 74793,78652 550,583 584,614 1