D 103211
C 12
S 87868,264714 545,570 601,634 5
S 61055,91807 566,594 600,635 4
S 116209,87960 540,560 596,639 1
S 73905,91807 547,582 602,632 2
S 78875,61047 542,581 582,587 2
S 116211,70786 540,557 560,577 2
S 103375,87918 540,561 562,570 5
S 88627,78875 540,564 565,583 1
S 62679,88236 564,583 607,628 5
S 88633,79295 540,561 562,572 4
S 61174,56902 561,591 595,639 4
S 103048,56928 540,564 572,590 5
S 88370,56900 540,562 608,626 2
S 70867,87918 559,577 596,639 4
S 87917,87650 546,565 595,640 2
S 86844,88681 547,572 603,631 5
S 86820,70994 540,581 603,632 3
S 103130,70591 540,561 600,635 4
S 103419,88326 540,561 602,632 3
S 103209,88184 540,549 603,631 4
S 61300,87885 567,585 599,635 3
S 78966,56931 551,570 573,588 2
S 88153,70515 544,561 562,584 3
S 61050,87917 561,597 607,628 4
S 70396,56908 561,584 600,635 4
S 87868,87872 547,567 604,631 4
S 103472,70511 540,564 565,579 1
S 88264,88264 540,566 606,628 2
S 103472,87916 540,563 564,577 3
S 73852,79252 548,584 600,635 2
S 88626,61089 540,563 606,628 2
S 87010,272720 540,582 583,598 4
S 266827,61043 540,562 563,598 4
S 73852,70677 547,585 598,637 1
S 103486,272718 540,559 564,598 1
S 73852,87885 547,585 596,639 1
S 74456,56928 544,583 584,596 4
S 70793,116091 560,580 601,634 5
S 70510,71500 556,584 602,632 3
S 103485,73851 540,553 556,577 4