D 262828
C 9
S 96530,95147 540,583 584,609 1
S 98701,110883 568,612 613,648 5
S 98556,98675 570,600 611,642 3
S 95285,98412 568,595 606,646 5
S 95239,98308 563,604 608,645 2
S 96481,98298 545,589 608,644 5
S 96526,54643 543,580 581,593 1
S 98635,112234 577,599 617,635 3
S 98658,99312 574,604 610,642 3
S 97833,98669 540,571 580,601 4
S 54643,98677 558,595 604,649 2
S 97652,54593 540,578 579,590 4
S 53729,99409 566,590 604,649 4
S 95455,99497 553,590 611,641 2
S 96452,265397 545,582 583,606 3
S 112227,96413 540,561 562,585 1
S 97832,54585 540,569 570,592 4
S 96577,110884 542,577 618,635 4
S 54628,98699 564,584 585,608 4
S 98634,111457 566,609 611,641 2
S 96529,99313 540,583 604,648 5
S 98552,98295 577,592 617,635 1
S 97654,98309 540,573 608,645 5
S 95455,98633 550,593 594,596 3
S 110831,99492 540,566 604,649 3
S 112234,54585 540,558 559,596 5
S 97658,96481 547,566 567,588 4
S 96484,265393 551,585 586,600 5
S 265389,99409 576,593 606,646 5
S 98684,98669 573,611 613,639 5
S 96413,98492 557,572 613,639 5
S 95474,98685 558,584 585,603 4
S 95284,98300 568,593 605,648 5
S 54619,98645 554,590 619,634 5
S 98668,99492 568,612 618,634 1
S 96415,98309 553,574 608,645 2
S 95296,99358 562,602 613,639 4
S 97820,54649 540,575 576,592 2
S 96465,98301 552,574 613,639 1
S 96452,98675 547,580 608,645 2