D 204854
C 11
S 192856,205178 569,604 632,651 5
S 204856,204714 540,548 610,641 3
S 205425,204899 611,628 629,659 5
S 206427,204767 578,608 609,632 5
S 205971,205200 549,576 627,656 5
S 205500,205483 546,561 594,631 5
S 206012,206428 544,583 584,601 3
S 205468,204870 607,626 630,653 3
S 206128,204767 577,600 610,631 3
S 206462,206509 552,582 583,608 1
S 205496,204715 594,626 627,645 5
S 206429,204767 548,591 607,635 5
S 205669,204868 589,619 629,655 3
S 205544,192813 544,577 578,596 5
S 205970,204901 541,585 622,661 5
S 205970,192808 553,572 573,598 3
S 206430,204920 560,580 613,643 3
S 206095,205477 556,591 604,625 2
S 206785,205427 587,617 618,637 1
S 205423,206509 540,560 575,613 3
S 204925,204902 613,646 647,649 5
S 192807,204867 561,602 605,640 1
S 192905,205203 575,600 621,662 2
S 205958,206507 546,581 582,613 1
S 205494,205210 591,631 632,656 4
S 192905,204753 565,610 631,652 1
S 192867,205468 572,596 598,636 1
S 192863,204710 565,605 606,649 4
S 205532,204919 547,564 620,636 5
S 205546,204716 545,576 610,640 3
S 202791,204754 588,632 633,651 1
S 205496,206012 540,568 569,575 3
S 204714,205177 618,633 634,661 1
S 206128,204750 575,602 631,653 3
S 206429,192901 554,585 586,608 5
S 192812,205469 565,600 601,637 1
S 206130,204921 573,604 621,637 4
S 192829,205468 559,597 609,624 3
S 204855,206065 540,548 580,604 2
S 205454,204752 540,562 602,645 5