D 27213
C 10
S 28691,62497 540,575 589,628 5
S 28856,62559 548,571 600,618 2
S 62560,27242 563,595 596,624 5
S 28467,28853 540,573 589,628 5
S 27004,28626 540,563 591,627 2
S 27006,28849 540,568 589,629 4
S 29793,61684 543,581 582,588 5
S 39290,61547 545,588 596,621 3
S 62560,27557 559,599 600,624 5
S 26676,39296 540,563 564,581 4
S 27597,28460 540,558 559,562 5
S 26696,27236 540,553 592,626 1
S 29798,28691 554,570 593,625 5
S 27206,56701 540,561 599,618 4
S 27599,28850 540,563 599,618 2
S 62543,40103 561,596 597,623 2
S 27600,29798 540,557 598,620 4
S 26702,61628 540,568 590,627 5
S 26694,71028 540,554 559,600 4
S 36924,27567 549,579 597,621 2
S 26684,62426 540,562 563,594 3
S 27009,56726 540,551 589,628 5
S 27601,62425 540,556 566,584 2
S 56761,27215 563,581 589,628 1
S 27010,28475 540,552 553,571 4
S 56769,27242 561,586 591,627 3
S 61687,61628 552,596 597,626 4
S 56766,28857 563,583 600,617 4
S 39308,28650 559,576 601,616 3
S 28656,61628 540,573 599,619 2
S 29102,27567 551,571 590,627 1
S 62547,40108 559,595 596,622 3
S 62546,39307 560,596 597,622 3
S 27208,27215 540,556 598,620 4
S 27237,39275 540,567 600,618 2
S 27211,56725 540,561 598,619 5
S 27563,39266 540,574 599,619 4
S 39270,27222 561,576 601,617 2
S 26694,27558 540,568 600,618 5
S 36863,71028 552,574 575,596 5