D 24494
C 10
S 19871,24471 568,590 603,637 5
S 19528,27153 573,591 607,633 2
S 27605,19556 553,577 578,600 3
S 27175,27150 541,581 603,636 2
S 28111,22643 540,573 612,628 3
S 19642,27166 564,595 602,637 5
S 24513,26763 540,558 609,631 5
S 27498,27065 566,584 604,635 5
S 280629,24429 565,601 606,633 2
S 27977,24448 540,562 608,631 2
S 19556,27164 561,601 608,631 2
S 26419,27505 540,566 567,590 2
S 280629,27104 562,605 608,632 2
S 28036,27498 541,561 566,583 1
S 24511,27133 540,550 609,631 5
S 28030,27133 540,570 612,627 4
S 28077,27233 540,576 577,579 1
S 27864,26601 541,569 604,635 1
S 27183,27130 555,571 612,627 5
S 26412,19527 540,558 565,598 5
S 279120,26820 540,560 609,630 1
S 27178,27150 541,583 609,631 1
S 27497,28071 565,584 608,632 4
S 26418,19871 540,567 568,598 4
S 19879,26851 556,599 605,635 4
S 19874,28073 562,595 605,635 2
S 19867,28049 564,594 607,633 1
S 19528,22642 559,604 605,635 3
S 26426,26765 540,558 599,640 3
S 27570,280629 555,581 582,600 2
S 26369,27545 540,564 565,581 1
S 27587,20403 544,589 590,592 1
S 27704,19609 540,582 607,632 1
S 26422,19872 540,568 569,594 1
S 19878,27009 571,586 608,632 4
S 27591,22643 546,586 605,634 3
S 19554,19609 574,589 610,630 4
S 24492,27501 540,554 561,587 1
S 27503,20429 555,593 603,636 2
S 20396,24448 567,586 599,641 3