D 281554
C 12
S 14653,2428 540,575 606,634 3
S 15910,14926 559,600 607,632 2
S 15941,17198 559,594 602,638 4
S 14576,16081 540,571 572,583 5
S 17219,15762 555,574 575,597 2
S 15281,15941 553,589 611,629 2
S 14703,14323 540,574 610,629 3
S 14081,17205 540,558 559,585 3
S 16068,15553 565,584 605,635 1
S 14441,15760 540,563 565,602 4
S 14322,15555 540,567 573,588 3
S 16062,15571 552,596 598,641 3
S 14933,14929 554,573 610,629 4
S 14139,14920 540,558 559,579 5
S 16073,15170 559,587 602,638 4
S 14145,16063 540,557 600,640 1
S 281195,15909 568,591 607,632 4
S 17222,14653 556,575 609,630 1
S 14329,14648 540,548 599,641 2
S 14079,14950 540,562 563,584 2
S 14723,15940 540,579 610,630 5
S 14135,15936 540,564 611,629 1
S 17192,17204 558,579 600,640 4
S 14137,281195 540,557 559,600 1
S 14079,14647 540,555 604,635 5
S 14134,15556 540,558 560,601 2
S 15760,14932 567,600 602,637 1
S 14135,17192 540,563 564,579 2
S 14933,14457 549,578 612,627 2
S 14335,14924 540,556 557,571 2
S 14650,14721 540,574 611,628 5
S 15909,15237 565,592 605,634 3
S 14927,281201 550,574 575,592 4
S 15960,15906 559,592 599,640 1
S 14703,17215 540,577 604,635 5
S 14134,16062 540,553 610,630 5
S 17217,14703 551,579 609,630 2
S 14647,17215 540,573 607,632 2
S 14517,15170 540,561 562,591 3
S 14133,14518 540,562 611,629 3