D 207575
C 12
S 218394,231918 542,563 574,609 4
S 231299,217976 571,601 630,662 2
S 218813,222458 540,574 575,582 5
S 222556,222623 569,586 635,657 3
S 219206,231994 541,584 585,611 4
S 222457,222499 559,589 636,656 2
S 238189,231333 564,588 628,664 3
S 231300,218830 569,604 625,667 2
S 231934,231288 577,609 637,656 5
S 231088,231935 566,596 597,611 1
S 231636,207625 582,611 629,663 5
S 238189,219226 560,591 630,663 3
S 231932,231327 577,608 625,668 3
S 230874,231995 562,595 596,599 5
S 218354,231720 540,570 637,656 3
S 231918,218930 570,613 635,658 5
S 222458,219648 563,584 630,663 4
S 232141,222621 562,605 638,654 2
S 238190,219639 562,588 630,663 5
S 218930,231999 545,574 575,606 1
S 231332,217962 573,604 636,657 2
S 231993,231928 572,607 631,661 2
S 238187,218886 567,585 625,667 4
S 222623,231720 556,601 624,668 4
S 222451,219205 556,590 633,659 3
S 218992,230881 540,585 586,590 5
S 238190,230881 556,594 637,655 2
S 218833,231970 548,566 637,655 2
S 218915,222442 540,578 579,587 2
S 217961,231144 540,568 569,603 2
S 217967,231118 540,566 569,595 3
S 222454,231144 564,582 583,603 2
S 238189,218841 558,594 638,655 3
S 231718,231288 583,608 628,665 2
S 219637,231847 557,574 638,655 4
S 231917,235345 582,599 624,668 1
S 231721,219206 574,616 635,658 1
S 217961,231930 540,562 575,609 1
S 207427,217965 540,562 629,664 5
S 238715,218996 557,581 635,657 3