D 271250
C 10
S 58147,14126 543,570 593,613 3
S 14491,57937 575,620 650,681 4
S 14133,14371 598,615 650,680 4
S 32797,17373 555,584 585,599 2
S 32243,14751 560,591 656,674 3
S 64524,32687 540,565 643,687 4
S 58136,272465 546,571 652,679 1
S 14138,32266 588,626 656,674 4
S 14333,33455 592,624 658,673 4
S 30969,58975 567,591 655,675 3
S 14571,14572 584,599 651,679 4
S 32764,66161 553,590 656,675 1
S 32636,14565 553,591 646,685 3
S 64573,14565 540,554 655,676 5
S 33488,281465 552,583 649,681 1
S 271628,32765 540,570 571,591 5
S 14331,57764 597,617 649,682 5
S 32217,64195 562,591 652,679 2
S 32238,32689 553,595 657,673 5
S 14524,32265 577,605 654,676 5
S 14554,30848 581,612 644,686 5
S 65236,32645 540,563 564,585 2
S 58069,33473 540,582 652,678 4
S 14549,30956 573,617 658,673 1
S 64513,59004 540,555 655,675 5
S 32243,58132 554,598 643,687 5
S 32637,14571 551,595 596,604 3
S 59044,14124 540,560 588,618 1
S 33473,14569 558,574 650,681 5
S 14131,32266 593,619 643,687 1
S 14575,14370 570,611 645,685 4
S 65240,32693 540,556 658,673 1
S 33497,32699 556,583 655,675 2
S 64624,14561 540,560 651,679 5
S 65240,14134 540,563 584,628 4
S 14403,58976 585,612 654,677 5
S 64512,32697 540,563 651,679 1
S 66159,33478 540,556 654,676 2
S 59006,14549 544,561 587,602 4
S 64567,66147 540,560 651,679 3