D 33251
C 9
S 157145,124680 574,619 657,692 3
S 58059,151709 540,571 586,606 4
S 68974,67849 554,592 667,682 2
S 192590,157138 581,624 667,682 5
S 124810,82058 567,600 666,683 2
S 199288,63992 593,616 654,695 2
S 59179,82499 540,581 582,591 2
S 58906,157384 540,569 653,696 1
S 201964,124592 600,621 652,696 5
S 82431,58073 561,593 653,696 5
S 126038,64027 577,596 652,696 5
S 59099,82055 545,567 654,694 4
S 58940,126103 546,564 577,597 1
S 59100,201959 540,574 655,694 3
S 59256,68975 549,572 573,591 5
S 68921,58072 561,583 659,690 4
S 33344,84718 540,565 567,598 1
S 157142,124536 579,616 665,683 2
S 33345,160180 540,560 585,622 2
S 65033,84720 546,587 588,606 1
S 68974,126033 561,586 587,606 4
S 59188,126334 540,580 581,613 5
S 57970,192590 540,566 585,619 5
S 84653,57954 566,595 666,683 4
S 33347,157663 540,549 666,683 4
S 58905,260409 540,576 660,689 2
S 67921,82313 554,588 655,693 1
S 58904,33249 542,568 653,696 2
S 65003,67545 552,579 657,691 2
S 157134,63983 589,609 656,692 1
S 126031,192586 579,597 598,619 4
S 59184,126283 540,577 578,611 5
S 127403,157382 573,615 664,685 1
S 58078,124809 540,563 574,593 2
S 201963,157653 593,627 661,687 3
S 199291,58073 583,625 652,696 5
S 199287,124529 598,613 660,689 2
S 124814,192587 573,596 597,621 3
S 84720,157136 574,593 665,684 5
S 199321,67567 590,623 665,684 2