D 190055
C 12
S 225369,223493 564,581 590,624 5
S 190085,222798 540,558 559,585 3
S 190140,217045 540,552 558,573 4
S 190079,216885 540,554 555,573 4
S 211252,211248 540,576 587,627 2
S 190079,190155 540,560 586,628 2
S 217002,185284 540,585 592,622 5
S 211287,225366 540,575 576,589 5
S 190137,211241 540,558 559,581 3
S 190066,211714 540,561 595,619 4
S 190183,211249 540,567 594,621 5
S 211742,249489 540,569 590,625 1
S 190070,185320 540,556 593,622 4
S 216886,185345 540,580 585,630 3
S 225389,225291 560,591 597,617 4
S 211745,225367 540,566 567,591 2
S 216885,190156 540,581 591,624 2
S 225409,224416 554,597 599,615 4
S 222798,223040 553,581 600,615 2
S 217001,225276 556,571 589,626 4
S 190076,185321 540,562 585,630 5
S 190160,185282 540,555 591,623 1
S 225400,211663 556,591 592,626 4
S 221937,211717 548,583 597,617 2
S 217021,185345 556,573 591,623 4
S 190079,223481 540,559 593,621 5
S 225358,237767 560,583 597,618 5
S 211252,225389 540,573 596,619 4
S 211256,225276 540,575 595,620 5
S 190053,225404 540,555 559,590 3
S 211246,225359 540,577 578,582 2
S 190052,222943 540,548 598,616 1
S 190070,211688 540,559 590,625 3
S 190066,216924 540,555 556,570 1
S 217003,211253 545,581 591,623 4
S 190143,223481 540,553 596,619 4
S 190143,185285 540,558 594,620 3
S 221938,211688 549,583 585,630 1
S 211249,222827 545,567 568,589 5
S 211743,211688 540,562 587,627 2