D 165021
C 10
S 89479,117600 552,574 575,606 2
S 118033,118245 542,571 579,597 3
S 164703,87001 540,558 559,576 5
S 261776,117627 544,576 577,600 2
S 164973,261817 540,558 559,572 1
S 138040,89302 542,560 571,605 2
S 165028,87603 540,551 566,610 1
S 261777,137300 541,578 579,600 2
S 118095,142229 543,567 568,609 1
S 164945,88914 540,558 576,599 5
S 137547,88954 540,571 574,602 5
S 142151,91647 541,559 571,604 3
S 149295,88890 540,560 568,608 1
S 261731,88953 540,581 582,604 5
S 89479,88921 554,573 577,598 2
S 89521,134912 543,582 583,599 3
S 118063,164998 542,569 577,598 5
S 164681,91650 540,567 570,605 1
S 142148,88948 540,564 575,601 2
S 87119,88914 554,579 580,600 1
S 118076,132421 540,575 578,598 3
S 137547,266856 544,561 574,601 5
S 117860,118351 548,566 575,601 3
S 117861,116746 550,565 567,608 4
S 165029,87121 540,548 557,575 2
S 261794,117679 540,580 581,610 5
S 117859,267614 543,571 576,600 5
S 137543,137304 541,564 565,610 3
S 267224,118351 541,583 584,607 1
S 118033,118262 543,570 572,603 2
S 267636,89391 551,583 584,599 5
S 142173,134772 540,568 570,605 2
S 165028,116717 540,561 570,606 3
S 142150,135157 540,562 575,600 3
S 142150,88892 540,571 572,608 4
S 91497,89401 551,569 580,595 5
S 164970,91647 540,562 573,603 4
S 89018,117599 548,580 581,607 4
S 164705,165015 540,566 571,605 3
S 117859,88890 545,569 577,599 5