D 244937
C 10
S 200387,253884 543,582 613,647 5
S 244942,161202 540,560 561,603 3
S 244942,161006 540,561 563,606 4
S 246488,200305 540,573 611,649 2
S 202478,161492 540,566 567,591 5
S 161493,161362 558,592 609,650 3
S 201706,161181 540,575 620,639 3
S 161199,202441 572,589 611,649 1
S 242034,161493 540,560 614,646 1
S 161528,160932 559,587 617,643 4
S 202756,160924 540,567 617,643 2
S 205527,200385 540,564 565,584 4
S 161092,161752 567,597 608,651 3
S 200392,161005 550,577 578,596 2
S 202724,202766 540,561 610,649 5
S 161746,161432 560,584 618,642 3
S 161479,205524 562,591 610,650 4
S 245196,161017 540,561 575,593 1
S 201642,253883 540,582 615,644 5
S 201643,253974 548,573 616,644 2
S 161196,202774 564,594 611,649 3
S 199978,199939 549,590 610,650 4
S 242044,160976 540,553 611,648 1
S 202766,200393 540,563 615,644 4
S 161440,160999 561,595 613,647 3
S 201717,201640 547,567 622,638 5
S 161006,254009 577,593 620,640 1
S 161436,160992 563,592 618,642 5
S 200515,161492 546,577 578,586 2
S 161185,242034 566,594 609,651 2
S 161183,246481 563,597 620,639 4
S 161494,200391 560,590 608,651 1
S 161744,202479 560,584 620,640 5
S 202425,200291 542,564 622,637 2
S 161077,161363 567,599 613,646 4
S 161526,200292 561,585 621,639 1
S 161184,201705 570,590 615,645 5
S 161520,201738 554,595 617,643 1
S 201641,202480 548,572 612,648 5
S 205505,254009 540,567 620,640 2