D 13737
C 10
S 13729,28624 540,552 553,573 3
S 19972,29217 540,567 614,640 1
S 13727,19836 540,562 607,648 2
S 40861,29453 568,591 615,639 4
S 19933,28656 540,570 613,642 3
S 28367,19975 558,580 605,649 4
S 280545,27764 540,566 567,588 3
S 29455,19972 552,594 611,643 5
S 47736,29029 562,599 608,647 3
S 28658,48576 552,571 572,603 3
S 28561,40860 541,571 572,590 3
S 28445,40730 548,579 613,642 4
S 40727,29201 566,590 617,637 3
S 29214,29217 554,589 605,650 3
S 19970,28447 540,565 566,581 5
S 47715,19738 575,598 608,647 3
S 28445,27501 548,580 615,639 2
S 28682,40722 551,574 615,640 2
S 40729,19971 564,591 607,647 1
S 28514,29200 540,574 610,644 5
S 29457,27312 561,584 608,646 3
S 28520,29454 540,577 578,587 5
S 28444,28504 543,585 616,639 5
S 28670,28657 552,571 615,640 4
S 19920,29457 540,571 617,638 2
S 47736,40630 563,599 607,647 2
S 13736,40630 540,550 610,645 4
S 18884,28619 540,557 615,639 3
S 40735,29190 557,596 617,637 4
S 28535,19823 540,570 617,638 3
S 19975,19843 540,567 606,649 5
S 40630,19980 563,589 608,647 5
S 27334,19813 540,574 620,635 3
S 13734,28523 540,554 555,577 3
S 18887,40724 540,556 614,640 3
S 40620,47735 567,584 611,643 3
S 19834,19885 540,557 609,646 2
S 19820,28375 540,563 609,645 4
S 28990,40724 552,578 618,636 2
S 48587,19845 567,602 612,643 2