D 61466
C 8
S 78248,72917 553,593 594,610 5
S 78035,72540 563,580 587,607 4
S 78248,62041 566,581 589,605 5
S 78033,56789 561,581 582,614 3
S 75417,62261 557,579 583,612 2
S 72625,72909 549,566 587,607 2
S 75536,61463 560,589 590,607 4
S 56807,72904 540,556 585,609 5
S 62447,75534 540,566 567,590 3
S 75535,61463 560,587 588,612 4
S 56800,72495 540,563 580,615 1
S 77681,72902 553,592 593,618 4
S 78247,62045 563,583 584,614 1
S 71579,72540 549,566 575,620 4
S 74755,72502 548,581 582,619 2
S 78036,62058 562,582 589,606 4
S 61419,72617 540,567 568,572 5
S 75537,77687 555,592 593,607 5
S 75455,75427 557,580 585,610 3
S 62487,62043 540,567 582,613 3
S 270111,62206 540,577 584,610 3
S 62551,75273 540,567 584,610 5
S 62543,71679 540,562 581,613 5
S 72714,74815 552,573 588,607 2
S 62306,56794 547,562 576,618 3
S 72667,62048 540,582 586,608 5
S 61421,77684 540,558 559,594 4
S 74756,56792 548,581 582,616 3
S 72603,78239 547,572 573,582 2
S 72606,62046 550,568 581,614 5
S 61455,62308 540,556 557,565 4
S 78036,61702 551,593 594,619 1
S 75450,62075 553,585 586,616 1
S 78037,62207 559,584 585,619 4
S 78034,77684 557,585 586,612 2
S 72667,62261 547,573 581,613 2
S 75374,61671 554,582 583,614 2
S 72726,72504 542,583 584,614 1
S 62456,61671 546,561 577,617 1
S 74773,62037 544,585 586,615 4