D 67009
C 11
S 65466,64978 554,586 597,617 4
S 67180,66274 540,563 564,569 3
S 64920,67267 541,564 586,628 1
S 65408,66204 548,585 588,625 4
S 65491,64446 565,580 593,621 1
S 67260,66232 540,570 592,621 3
S 67178,65480 540,563 564,591 3
S 67179,65040 540,561 562,577 2
S 65093,65492 542,578 579,594 3
S 67011,66144 540,551 555,574 4
S 65713,65717 564,584 587,627 2
S 65460,67264 557,583 585,628 1
S 66268,65770 540,578 579,586 4
S 64922,66203 540,575 593,621 2
S 66265,65269 548,564 592,622 3
S 65056,67180 541,577 589,624 1
S 67074,67265 540,557 585,628 3
S 67160,67158 540,563 594,619 1
S 271085,66275 540,557 558,577 2
S 67260,66197 540,567 568,578 4
S 66143,65712 542,585 586,627 3
S 66261,64920 540,577 596,617 4
S 65087,271082 551,570 587,626 3
S 65774,67265 563,587 588,626 3
S 66142,67251 555,572 591,623 3
S 67146,65392 540,567 591,622 4
S 66144,65087 552,577 587,627 5
S 66168,65717 548,581 595,618 3
S 67158,65780 540,564 565,595 3
S 66263,65378 547,565 588,625 4
S 65257,67266 547,585 598,615 5
S 65088,64961 550,570 594,619 2
S 66203,65779 545,581 582,596 5
S 67229,65489 540,560 596,617 4
S 66168,66197 549,580 597,617 3
S 63932,271253 540,564 589,624 1
S 65772,67270 563,588 598,615 1
S 64960,67246 540,571 589,625 1
S 66265,66259 546,566 599,614 2
S 65478,65040 553,589 595,619 5