D 122280
C 8
S 139155,140363 541,572 573,599 2
S 122940,140492 540,555 556,576 2
S 139214,140450 546,569 573,595 4
S 122936,139214 540,565 569,600 3
S 140493,139294 547,574 575,606 5
S 149989,140366 552,571 575,594 1
S 121381,122949 545,562 563,606 5
S 139219,140368 540,576 577,604 4
S 140368,122948 548,570 571,603 4
S 123114,254993 540,559 560,583 1
S 139097,141476 540,580 581,605 3
S 121414,139296 540,572 573,596 1
S 121421,128837 540,561 564,604 1
S 123000,140368 540,553 565,604 4
S 140361,149955 545,573 574,597 3
S 122274,149955 540,564 565,583 3
S 128831,128811 540,576 577,603 5
S 128828,261145 541,569 570,604 1
S 121437,149956 540,561 562,583 4
S 139172,140365 546,566 576,593 1
S 139097,128823 541,577 578,592 2
S 128824,121434 542,566 567,604 1
S 139097,261144 540,578 579,595 2
S 121438,121394 540,566 568,600 2
S 140368,128823 540,578 579,606 5
S 140423,128833 540,582 583,602 4
S 255682,122745 547,583 584,599 1
S 139156,121428 540,578 579,599 4
S 121424,139223 540,569 571,597 2
S 122956,128832 540,566 567,571 5
S 122276,122958 540,564 566,603 3
S 139153,141477 540,577 578,603 1
S 120478,139296 540,573 574,606 2
S 123009,154162 540,556 557,581 1
S 140450,128824 547,572 573,605 5
S 139213,140422 549,566 567,606 4
S 121434,140368 541,558 559,580 2
S 139214,128837 540,578 579,592 4
S 122403,128353 540,554 568,601 4
S 121416,121446 540,572 573,602 5