D 129556
C 10
S 61856,90885 562,578 590,605 5
S 89549,270049 540,573 582,612 5
S 78733,62291 548,568 583,611 3
S 61857,74616 552,585 586,618 1
S 90832,73119 540,561 562,580 1
S 86902,270079 540,572 580,614 2
S 62139,62138 545,589 590,615 4
S 61885,119031 550,586 587,613 2
S 129972,270055 540,558 588,607 3
S 79032,73117 544,571 586,608 5
S 79077,78734 541,572 575,619 2
S 89227,90788 540,567 578,616 4
S 129539,86902 540,563 589,605 5
S 74619,74619 540,582 583,616 3
S 73131,89549 552,569 581,613 3
S 129549,73122 540,556 576,619 4
S 270048,118909 554,575 586,608 2
S 91378,86918 540,563 578,617 4
S 87123,62139 543,563 580,614 4
S 129547,71569 540,560 577,617 4
S 129546,78713 540,560 561,572 3
S 90869,90787 540,567 588,606 3
S 89564,129547 540,572 577,618 2
S 90916,89221 540,562 584,610 3
S 271946,62302 560,581 588,606 4
S 86876,88968 543,568 582,612 4
S 87601,129502 540,574 575,619 5
S 91379,61861 540,562 587,608 3
S 91375,79077 540,557 590,605 2
S 79032,61885 545,570 571,587 5
S 71565,129979 547,578 581,613 4
S 90867,90938 540,570 578,616 2
S 270085,89558 552,574 587,607 1
S 74606,91395 540,580 588,607 1
S 129558,62287 540,560 579,615 1
S 118916,90790 540,564 575,620 1
S 89554,73121 540,569 570,579 4
S 90833,87603 540,559 582,613 2
S 78727,86946 544,572 584,610 4
S 88971,118911 540,567 577,617 3