D 169754
C 12
S 195418,226752 546,572 605,637 5
S 230556,209925 560,602 608,634 4
S 194304,195393 542,569 599,643 2
S 217086,209929 553,582 610,632 3
S 210034,225462 551,579 580,596 1
S 194322,222798 544,568 602,639 2
S 181859,226977 540,570 571,597 5
S 183681,226848 540,567 600,641 3
S 170851,169762 540,550 599,643 5
S 222801,209920 569,584 612,629 2
S 181862,169761 540,565 603,638 1
S 225481,216967 567,588 604,637 5
S 209317,183912 547,579 605,636 1
S 183150,209314 540,564 565,577 1
S 177778,195406 540,566 602,640 4
S 230558,177774 559,603 607,635 1
S 169780,177869 540,556 613,628 3
S 170765,209928 540,557 603,638 5
S 225447,225359 558,599 607,634 2
S 221917,194634 554,595 612,630 4