D 103620
C 12
S 149471,134326 541,574 577,615 1
S 115761,168126 540,553 554,584 3
S 149437,115982 540,576 583,610 2
S 154820,133143 544,579 580,613 3
S 154777,103578 551,570 586,607 5
S 166416,137284 545,587 588,613 3
S 133144,149437 540,557 558,571 5
S 154820,137279 542,581 582,616 5
S 154815,154832 550,573 588,604 4
S 134350,166576 541,556 557,576 5
S 135334,133101 540,568 582,610 3
S 166269,133369 543,587 588,615 2
S 154820,133370 551,573 581,612 1
S 149560,135333 549,567 589,604 1
S 115767,138380 540,565 566,571 3
S 168761,103764 559,580 586,606 5
S 138268,149431 540,576 578,615 3
S 168766,142178 550,589 590,605 2
S 133098,142188 540,561 589,604 4
S 154797,154776 541,581 589,604 2