D 139609
C 10
S 90512,128627 540,574 576,614 5
S 119208,130283 544,566 583,608 4
S 139519,121356 540,551 574,616 5
S 119135,128802 543,572 579,612 4
S 91237,261436 550,574 579,611 2
S 128625,139425 540,557 582,608 4
S 119795,89037 540,573 574,590 5
S 89029,130290 549,587 588,616 5
S 119138,139542 541,574 578,612 5
S 89028,130026 561,576 587,603 4
S 119207,139412 546,564 578,613 5
S 128428,89151 540,563 564,575 4
S 89027,128442 555,582 583,608 2
S 90513,121311 540,576 581,610 1
S 128780,89566 541,559 583,608 4
S 119211,121267 548,564 580,611 1
S 128780,89221 540,572 573,582 3
S 128773,128805 540,570 588,603 1
S 119841,120816 540,574 578,612 5
S 128730,89157 540,562 563,588 1