D 210245
C 11
S 196135,210231 540,559 613,644 5
S 177868,180022 540,582 616,641 5
S 130422,131830 570,600 609,649 2
S 170872,196076 547,577 618,639 4
S 166664,167826 548,583 618,640 5
S 131186,141369 572,591 619,638 1
S 91466,182055 576,600 613,644 2
S 141105,155483 566,583 613,644 2
S 266983,167889 569,608 613,644 2
S 191240,183265 544,562 615,643 3
S 169762,182055 541,586 619,639 4
S 183140,141101 550,565 566,592 5
S 91458,141409 577,598 621,637 3
S 210297,166664 540,558 559,587 5
S 210689,149935 540,558 613,645 5
S 131381,167606 570,590 610,647 3
S 169780,131509 545,581 621,636 3
S 209263,91458 540,567 572,602 2
S 191249,170611 540,573 621,637 1
S 191247,210236 540,569 617,641 4