D 156150
C 10
S 137992,103495 553,568 569,582 5
S 118322,137941 548,583 584,625 3
S 141040,154121 540,579 581,626 3
S 116134,141577 548,592 595,612 5
S 118283,154221 558,575 595,613 4
S 149785,137942 543,559 594,613 4
S 155619,141599 540,565 588,619 1
S 155197,116949 540,566 567,577 2
S 140970,141471 540,570 591,617 2
S 149766,141344 545,560 585,623 4
S 116130,141584 555,585 590,618 2
S 155894,135046 540,554 555,584 4
S 116441,118284 555,583 587,621 5
S 155201,137889 540,558 594,613 4
S 155198,116044 540,560 596,611 2
S 116448,155853 553,586 587,621 3
S 155200,154216 540,561 593,615 4
S 156138,138682 540,560 587,621 5
S 141017,118326 546,565 584,623 3
S 155504,155734 540,554 584,623 5