D 232125
C 9
S 250884,225529 572,608 653,690 4
S 250883,212462 577,604 662,682 1
S 222797,211699 548,579 659,684 1
S 176417,186922 572,611 664,680 4
S 211263,212179 571,589 664,680 4
S 194897,211688 573,593 657,687 4
S 176267,225466 573,618 650,693 3
S 232101,232090 540,559 660,683 1
S 175805,190566 588,609 651,693 5
S 230659,225473 540,560 651,692 4
S 232122,225454 540,561 562,568 2
S 230662,222799 540,566 658,686 3
S 232088,211713 540,559 658,685 5
S 175773,211287 583,622 651,693 3
S 225567,175757 540,576 593,620 5
S 217011,185470 546,591 592,607 3
S 210989,217015 554,589 663,681 2
S 250997,211246 586,617 650,694 3
S 211002,190524 550,595 656,688 2
S 251009,225509 586,621 658,685 4