D 137288
C 11
S 137282,117086 540,558 591,619 3
S 135306,103169 540,553 554,560 5
S 135315,116052 540,555 589,621 2
S 75601,137285 553,580 584,626 5
S 92018,92025 545,568 589,620 3
S 137278,92026 540,556 586,624 2
S 72241,103180 556,580 590,619 3
S 132639,77447 540,558 559,574 1
S 52307,76585 562,585 594,615 4
S 77306,52423 540,582 592,618 5
S 52247,77442 563,578 588,621 2
S 132628,116201 540,567 591,618 3
S 56361,52421 556,579 585,625 3
S 52248,261988 551,590 591,620 4
S 76527,77611 545,582 584,625 4
S 72241,52422 556,580 585,625 4
S 135309,103179 540,562 586,624 3
S 77429,75906 541,581 582,627 2
S 77434,52427 540,582 583,596 4
S 132641,102564 540,565 597,612 3