D 25075
C 9
S 5429,803 571,595 656,693 5
S 25238,206 540,568 594,624 5
S 5401,567 571,592 660,689 1
S 25203,11144 540,556 654,694 2
S 556,24025 591,619 656,693 2
S 5560,24005 568,602 663,686 3
S 25246,24144 540,568 569,576 1
S 280304,3365 562,582 654,694 5
S 11198,3408 558,594 595,609 4
S 3413,21467 572,617 659,689 4
S 568,5215 593,623 652,697 1
S 11210,24044 564,594 654,694 2
S 24089,550 540,583 652,697 1
S 554,24013 588,621 666,683 3
S 9271,547 568,585 586,621 3
S 284122,5210 581,614 658,691 1
S 5067,3478 574,602 665,684 1
S 4344,24005 578,608 659,689 1
S 11201,3368 555,600 657,692 1
S 11314,4350 562,593 662,687 1