D 153374
C 9
S 66657,123499 562,586 615,656 2
S 123333,60133 540,562 563,597 2
S 80161,123509 552,576 622,649 2
S 81813,35010 540,578 579,599 4
S 81644,80305 541,577 621,649 4
S 123518,35211 544,569 575,594 5
S 260786,80303 540,563 613,657 4
S 80284,63745 551,574 623,647 5
S 80162,35083 551,578 579,606 5
S 153422,35248 540,553 625,646 5
S 128237,153359 540,561 619,651 3
S 35084,124147 572,603 623,647 3
S 153406,57521 540,554 625,646 3
S 79937,81821 545,586 627,643 1
S 35369,35260 564,598 615,655 4
S 128238,127791 540,567 614,657 4
S 35006,66711 571,607 613,657 4
S 128234,127629 540,569 613,657 3
S 80278,35005 543,584 585,604 3
S 57446,127627 559,602 616,655 1