D 48721
C 8
S 48814,52719 540,557 558,573 1
S 48749,95335 540,552 650,682 1
S 52719,98008 544,578 586,616 1
S 48719,94570 540,548 656,676 2
S 274311,49387 540,562 651,680 4
S 98015,52687 586,617 649,683 1
S 49380,97937 545,564 586,609 1
S 46924,49011 556,596 655,677 5
S 48744,94864 540,557 644,687 4
S 49382,49011 542,566 658,673 1
S 47351,97941 547,581 653,678 1
S 48798,53432 540,555 574,592 4
S 53520,97357 558,602 647,685 2
S 48980,49365 540,569 657,674 3
S 48737,54631 540,559 579,604 4
S 53021,94773 557,587 656,675 4
S 54556,97369 571,607 651,680 4
S 273540,94838 572,599 658,673 1
S 48922,54578 540,567 581,600 3
S 53022,94829 557,586 656,676 1