D 31687
C 8
S 254123,162149 585,617 661,704 4
S 157137,160384 581,607 664,700 3
S 31654,124679 540,559 561,599 2
S 254101,67846 589,609 671,693 2
S 124596,162140 573,590 665,700 1
S 59644,260379 547,575 576,604 1
S 157138,67568 573,614 663,701 2
S 67335,124529 548,588 589,599 5
S 278075,124524 540,565 573,610 2
S 32954,67547 540,558 673,691 1
S 254126,33158 585,620 662,702 1
S 124538,64025 574,602 671,694 2
S 33442,157142 540,565 580,606 4
S 124594,162139 573,590 593,617 1
S 124537,162151 580,598 670,694 1
S 82197,33166 556,598 672,692 2
S 57763,124592 540,571 572,599 4
S 160383,162189 586,620 661,703 4
S 31926,124524 540,560 575,608 5
S 82083,160385 556,598 664,700 4