D 206178
C 11
S 255098,191734 612,647 648,685 5
S 126243,153649 572,591 646,686 1
S 151094,206176 603,639 650,682 1
S 125828,151040 588,619 620,632 4
S 150899,159940 610,644 648,684 4
S 150920,191771 602,642 651,682 4
S 125782,191895 586,618 647,685 1
S 124147,150869 602,624 625,639 3
S 255087,178648 608,651 653,679 2
S 206081,151095 546,563 602,642 5
S 157382,150974 550,589 609,626 5
S 157649,153727 554,578 647,685 2
S 199287,159187 543,578 654,679 5
S 151043,159919 596,640 645,688 2
S 124432,151094 601,619 620,639 2
S 151089,160043 599,644 650,683 4
S 124564,206144 590,624 646,686 2
S 151082,191770 602,639 650,682 5
S 260550,162996 595,622 652,681 2
S 151077,192746 602,639 652,681 4