D 68951
C 9
S 271242,80204 566,596 612,639 3
S 67594,79993 579,596 616,635 4
S 80191,81994 588,621 622,639 3
S 69613,81892 588,618 619,640 1
S 82107,67713 546,562 587,609 2
S 80190,69185 588,622 623,648 1
S 80172,80170 587,622 623,645 3
S 80172,79994 591,618 619,641 5
S 82115,66288 540,564 565,583 3
S 66275,69342 561,581 611,640 5
S 67705,69359 575,617 618,646 2
S 69614,69463 581,625 626,637 3
S 65006,69459 553,592 604,648 2
S 82117,81894 540,566 608,643 2
S 79998,69184 585,626 627,645 1
S 67772,81894 581,603 613,639 2
S 69392,69213 546,572 610,641 4
S 270564,69342 577,621 622,643 3
S 67327,81995 570,601 608,643 1
S 67642,69456 570,611 612,644 3