D 41487
C 8
S 55606,103662 545,570 571,599 2
S 55978,104075 546,576 608,637 5
S 49405,107671 540,570 612,634 3
S 102087,49406 560,593 604,641 3
S 93324,107629 553,576 603,643 1
S 93296,114663 553,574 613,633 4
S 49415,266647 540,557 558,579 1
S 93355,41499 543,587 600,645 5
S 55277,101673 540,573 574,590 1
S 55274,93170 542,565 612,634 4
S 41499,266645 540,558 614,632 2
S 49391,273066 540,560 613,633 5
S 103658,107862 572,587 608,637 2
S 55461,101604 542,573 574,582 5
S 101505,114666 556,580 605,640 4
S 49390,107823 540,559 608,638 5
S 49406,55267 540,555 607,638 2
S 55606,104538 540,580 614,632 4
S 101653,93378 564,583 612,633 5
S 114720,49656 566,600 615,630 1