D 170025
C 11
S 152619,252463 557,593 599,633 3
S 170546,163289 540,566 608,624 1
S 159065,170546 559,574 599,632 5
S 255364,159795 558,599 604,628 2
S 159085,152632 552,575 602,630 1
S 170548,159794 540,564 601,631 2
S 167528,158586 540,563 598,634 1
S 170541,158579 540,564 599,632 1
S 156834,254207 545,581 607,624 1
S 151893,158121 569,590 596,635 2
S 157076,159950 553,597 598,635 3
S 163616,159449 540,582 595,637 1
S 156976,170264 558,580 598,633 5
S 167517,163288 540,573 604,628 3
S 152596,158121 561,590 608,623 1
S 170543,159759 540,565 596,635 5
S 170535,159079 540,565 566,575 2
S 157074,163516 565,583 600,631 3
S 156974,170549 547,589 608,624 3
S 158132,170547 563,582 601,631 4