D 94347
C 10
S 55079,52549 540,563 564,578 1
S 50953,93711 556,583 584,613 4
S 56024,56143 550,566 582,606 3
S 94170,56016 540,562 576,613 1
S 274029,93739 560,580 581,607 1
S 56081,56023 540,579 583,606 4
S 94170,51535 540,561 586,603 5
S 51465,93675 557,572 586,603 4
S 274025,51540 546,591 592,604 1
S 52510,93672 552,571 581,608 2
S 51522,52494 550,575 577,611 2
S 50958,51418 549,592 593,607 4
S 52510,93738 546,577 582,606 3
S 93669,52548 540,559 560,576 4
S 55082,50953 540,562 563,585 1
S 94260,93738 540,556 557,563 1
S 55782,51536 551,569 579,609 4
S 93671,50966 540,564 565,588 3
S 94316,93719 540,566 579,610 3
S 56079,93669 540,574 575,615 3