D 268942
C 12
S 73237,79938 568,583 606,629 4
S 79940,80418 540,558 601,635 1
S 79548,80770 540,579 608,627 1
S 80715,73067 540,572 573,599 2
S 73276,80802 557,592 599,636 1
S 80015,74342 540,553 554,577 5
S 74183,80716 553,572 603,632 5
S 79933,74387 540,551 602,634 3
S 80133,74257 540,558 609,627 1
S 73236,80379 566,585 598,638 2
S 74532,80431 561,580 601,635 2
S 73050,79645 559,600 608,627 4
S 79617,80784 546,566 600,635 1
S 80231,79668 540,566 597,638 2
S 73122,74173 557,600 605,631 4
S 78778,80137 563,580 600,636 3
S 80231,71534 540,563 610,626 5
S 78781,80387 557,585 607,628 5
S 74346,74182 552,579 606,629 2
S 73273,79551 553,596 599,637 1