D 221294
C 9
S 222328,231916 540,566 567,575 4
S 222325,221540 540,551 600,629 4
S 231729,226790 551,569 597,631 3
S 226107,225184 569,588 601,628 4
S 231264,227090 540,562 563,585 3
S 222269,226340 540,560 561,590 1
S 231729,221537 550,570 599,630 2
S 231733,226799 540,582 602,627 5
S 226344,238363 559,587 598,631 1
S 226107,225182 569,587 602,627 5
S 222267,226147 540,562 606,622 1
S 227042,237090 553,578 603,626 2
S 226107,221766 566,590 598,630 4
S 226436,226845 560,583 607,622 5
S 226620,225134 558,576 593,636 5
S 226108,226873 566,592 595,634 4
S 231733,226778 547,576 594,634 3
S 231138,225788 542,557 597,631 4
S 227038,226131 545,589 590,600 3
S 222255,238363 540,558 599,629 2