D 257158
C 10
S 182844,170155 545,583 584,620 4
S 191482,257159 556,581 582,619 5
S 249922,182174 554,580 593,608 1
S 167612,249920 545,565 590,612 5
S 166767,249923 540,569 584,617 1
S 191523,149875 561,578 588,614 5
S 140878,166847 540,552 553,574 3
S 149864,182172 540,560 591,610 2
S 167889,191486 540,576 585,617 2
S 154371,170126 540,563 581,621 3
S 167613,155568 540,576 584,618 3
S 191454,182357 544,588 589,620 1
S 182846,155657 555,572 580,622 1
S 182860,182810 544,587 588,623 1
S 167918,170155 540,577 588,614 4
S 182113,170105 546,577 593,608 4
S 166735,155197 540,570 585,617 1
S 192169,156091 555,585 586,617 5
S 182851,170100 545,584 585,619 1
S 257164,167916 540,560 561,575 1