D 31085
C 12
S 70035,60169 552,597 640,656 4
S 119592,34082 576,613 627,669 2
S 81409,119400 564,596 636,660 5
S 32551,35094 540,563 637,658 5
S 69823,60141 549,592 627,668 5
S 35300,34073 540,579 634,662 4
S 35123,86289 543,566 640,655 5
S 35279,69837 540,578 633,663 1
S 119399,261610 568,608 636,660 2
S 57466,85449 542,583 625,670 2
S 33543,86289 540,567 625,670 3
S 86282,119394 570,599 628,668 5
S 119514,119391 587,603 637,658 4
S 119396,32190 579,599 632,664 5
S 119469,69900 578,602 639,656 5
S 261612,86289 577,605 638,657 2
S 57449,86271 540,583 584,596 5
S 35115,80428 543,569 570,597 1
S 35133,32520 540,573 632,663 3
S 32018,57447 540,562 635,661 3