D 158652
C 12
S 128080,121673 540,570 607,646 5
S 70151,127881 574,595 616,638 5
S 121739,261228 550,578 617,636 2
S 158203,122426 540,554 606,648 1
S 152978,80460 540,563 615,638 5
S 81018,157026 552,592 608,645 4
S 127984,270341 540,573 574,599 2
S 121682,79799 554,576 577,595 5
S 157054,70169 540,570 571,600 1
S 153080,79815 540,569 570,587 1
S 85383,70133 557,577 614,640 2
S 127948,81721 540,576 577,578 5
S 157058,153244 540,559 618,636 5
S 158741,121615 540,554 612,642 2
S 63388,121738 572,589 616,638 3
S 81302,81376 563,579 611,642 3
S 63356,80771 567,597 605,648 1
S 70075,79587 568,589 606,647 3
S 63347,259209 571,594 611,642 3
S 153105,70081 540,568 569,596 4