D 178028
C 8
S 87869,131377 549,591 592,622 3
S 167673,266991 540,562 590,616 4
S 89302,155058 557,576 589,616 3
S 178020,138706 540,558 559,577 1
S 154587,141139 540,566 585,621 2
S 131419,267248 540,576 581,625 5
S 130888,167676 551,567 586,620 4
S 130883,130530 547,571 585,620 2
S 130885,166058 543,576 582,624 5
S 87081,141144 558,585 586,619 3
S 89331,155042 553,579 595,611 2
S 87822,141141 558,583 593,612 4
S 261794,167661 541,584 587,618 1
S 261729,167674 554,573 589,616 2
S 118815,130457 545,578 593,612 4
S 167794,88948 540,562 563,589 1
S 154589,89310 540,561 585,620 1
S 170662,167151 540,554 584,621 1
S 155063,87821 540,560 561,587 3
S 140981,89333 542,566 567,589 4