D 278790
C 10
S 7956,19257 549,594 599,623 1
S 28799,7122 540,560 565,589 5
S 28575,7957 540,562 597,625 4
S 28867,13280 540,558 559,581 2
S 7958,19260 560,582 595,626 1
S 278885,12569 540,554 593,628 1
S 7431,281777 557,591 592,632 4
S 7175,13291 562,588 600,622 1
S 12518,28551 556,580 597,625 1
S 20397,20390 542,567 596,625 5
S 281775,28800 543,584 602,620 1
S 28816,19850 540,566 599,623 3
S 12521,20389 553,585 599,622 4
S 28745,282835 540,568 592,629 2
S 28828,12522 540,566 591,630 4
S 7957,28870 555,588 593,628 5
S 7171,28832 565,587 599,622 5
S 13160,29121 550,578 599,622 2
S 29078,278882 540,564 600,621 2
S 7382,7973 559,587 592,629 4