D 14333
C 12
S 64282,14867 588,626 657,684 4
S 30848,32862 540,583 662,679 5
S 32777,32936 551,596 656,686 1
S 281474,64479 540,571 589,614 1
S 14751,30968 540,569 659,683 3
S 57764,64214 563,597 598,610 5
S 14365,64337 540,561 656,685 5
S 64481,58021 583,621 652,689 2
S 58881,64344 579,597 599,616 4
S 14885,58740 540,575 652,689 1
S 14146,32768 540,556 557,588 3
S 59003,58804 581,600 655,686 4
S 281465,14647 540,568 662,680 4
S 14146,58092 540,551 561,605 5
S 58072,64200 573,594 595,603 3
S 14889,58881 540,575 576,602 3
S 33476,32919 557,599 654,687 2
S 64475,14870 584,617 651,691 3
S 64275,64259 594,617 656,685 4
S 281563,64266 540,554 587,619 2