D 83518
C 10
S 151407,126524 556,590 618,658 2
S 127743,124482 577,602 619,657 5
S 83069,151246 540,556 573,600 1
S 125560,126341 557,572 619,657 1
S 127677,127830 561,605 627,648 3
S 125559,127830 549,579 620,655 4
S 126130,127412 549,585 626,650 2
S 83515,125672 540,562 616,660 1
S 83055,127731 540,554 573,606 4
S 83055,125508 540,560 561,582 5
S 127691,125551 575,593 616,659 1
S 259493,83908 551,569 630,646 5
S 127403,127678 550,589 590,593 3
S 125439,127742 540,578 579,606 4
S 127412,83556 560,582 620,655 2
S 83047,127661 540,555 561,606 4
S 83554,124483 540,571 617,659 5
S 125406,127679 540,579 580,599 1
S 125436,125407 552,567 618,658 4
S 259309,83529 559,596 617,659 4