D 3934
C 8
S 20411,4140 557,598 638,666 2
S 20885,38155 540,582 637,667 5
S 30213,30072 568,598 633,671 2
S 21013,35992 552,581 582,615 4
S 6426,19265 540,559 634,671 1
S 6347,34713 540,559 642,663 2
S 35797,13728 597,624 638,667 3
S 29890,35987 566,596 597,613 3
S 20730,35793 540,577 595,626 1
S 57208,57216 597,623 636,669 2
S 35987,38153 582,608 631,674 5
S 30215,284021 569,596 644,661 4
S 11991,13664 540,579 644,660 2
S 38444,13692 590,608 630,674 4
S 26874,6573 562,591 634,671 1
S 38444,30527 588,611 636,668 3
S 37861,34703 577,609 634,671 2
S 37841,13622 577,609 630,674 2
S 30213,19794 562,604 637,667 3
S 3938,280149 540,562 563,587 4