D 204504
C 10
S 246328,200923 540,557 629,665 4
S 201765,157922 540,561 628,665 1
S 153112,158234 564,603 634,659 2
S 152984,162631 577,592 627,666 3
S 158837,162631 561,582 631,663 3
S 199418,151043 543,583 633,660 5
S 158807,246480 563,584 636,658 4
S 153106,201152 563,603 625,669 1
S 200909,158257 540,579 580,592 5
S 158126,160274 561,603 635,658 1
S 139642,158828 585,604 635,659 4
S 199563,158410 541,583 584,591 1
S 158402,200826 562,587 634,659 2
S 257411,157922 582,608 631,662 2
S 200837,200827 540,580 631,662 5
S 200826,158412 543,576 577,589 5
S 151032,158233 573,608 632,661 5
S 160310,153107 554,577 578,605 2
S 158408,150997 565,586 587,612 4
S 201127,160322 544,565 566,578 5