D 177590
C 9
S 183523,170919 548,570 571,604 5
S 171089,170924 540,555 573,603 3
S 183138,170020 540,571 574,602 1
S 177629,183535 540,563 564,574 1
S 182964,177792 557,575 576,604 1
S 183072,180469 557,575 579,597 1
S 183033,170831 556,576 577,609 4
S 183534,177629 541,575 576,608 5
S 183592,180468 545,563 573,602 2
S 177619,178024 540,551 568,608 3
S 180518,180440 540,560 572,603 1
S 183374,252422 550,575 578,598 1
S 171094,180469 540,552 567,609 5
S 180549,180445 540,556 567,609 3
S 171095,178083 540,561 562,578 1
S 183064,170837 556,573 574,605 1
S 180592,170832 540,571 576,599 4
S 181769,170835 540,566 578,598 3
S 183375,170944 553,572 579,597 3
S 180425,170615 540,559 566,610 3