D 225575
C 9
S 222162,221089 540,564 705,721 1
S 208035,222115 567,592 694,732 1
S 206010,220759 592,610 703,723 1
S 242376,220118 611,629 704,723 1
S 219434,222760 551,582 693,734 5
S 222163,206662 540,566 583,604 5
S 206393,207736 579,600 696,730 3
S 225573,242994 540,552 695,731 4
S 219433,206393 544,588 704,723 5
S 239376,222760 548,591 704,723 2
S 205513,242989 605,623 624,641 1
S 225519,242989 540,554 700,726 3
S 219498,206394 551,572 582,598 5
S 222750,205549 540,559 702,725 1
S 206469,206189 582,619 703,723 2
S 238862,205959 543,586 697,729 3
S 225539,199163 540,552 697,729 1
S 242994,206595 610,647 701,726 3
S 208874,208029 557,591 695,732 1
S 206496,225571 587,610 705,721 1