D 5829
C 10
S 21069,20762 543,562 579,597 3
S 20721,27163 540,566 567,577 1
S 8945,20855 540,557 566,609 2
S 27159,9030 548,583 584,601 4
S 20720,12003 540,568 570,606 5
S 22140,8742 544,574 575,600 1
S 6092,20718 540,559 573,603 3
S 20718,22703 540,560 568,607 4
S 8741,21999 540,559 560,570 4
S 5883,5832 540,557 573,602 5
S 5883,27192 540,551 552,585 2
S 21146,6085 540,576 577,601 3
S 6094,21999 540,564 579,597 3
S 12094,21089 540,565 568,608 5
S 6085,22718 540,564 570,606 3
S 8739,22691 540,556 557,571 5
S 21078,20760 540,575 576,600 3
S 12094,8944 540,564 575,601 4
S 8946,27155 540,567 568,582 4
S 27020,20858 556,571 572,610 1