D 251838
C 12
S 108502,55617 552,571 572,601 3
S 93715,93668 567,586 605,633 4
S 144501,109599 543,562 609,629 4
S 144500,273013 540,569 571,593 5
S 144571,94171 540,569 604,635 3
S 173024,104975 540,563 609,630 2
S 104984,144769 543,587 600,639 5
S 273018,172693 563,598 603,635 1
S 97487,55424 551,587 598,640 2
S 251825,105012 540,552 608,630 3
S 108793,55405 540,580 581,605 1
S 251863,93660 540,552 609,630 1
S 172630,107320 540,551 552,578 1
S 104965,93669 547,585 611,628 5
S 93668,108487 559,585 609,629 5
S 104966,114225 553,579 610,629 5
S 148081,93671 540,567 604,634 2
S 148084,273049 540,568 569,589 3
S 97519,107319 552,586 602,636 3
S 94170,55578 554,590 601,638 3