D 72740
C 11
S 93054,52328 548,589 611,630 5
S 75454,92281 541,556 560,581 1
S 92233,101504 545,579 580,589 4
S 77968,77501 540,565 566,570 4
S 72720,92444 540,558 608,633 5
S 78240,101519 540,567 568,589 3
S 77417,92539 541,571 611,630 5
S 78241,93402 545,561 562,594 4
S 75455,101706 540,562 563,577 2
S 101032,93628 567,589 606,635 3
S 75538,93429 540,571 572,594 5
S 75414,266624 540,567 605,635 3
S 101031,56422 558,599 600,641 2
S 93433,92534 568,584 613,628 4
S 77494,93436 544,577 578,595 2
S 72727,101518 540,561 563,579 1
S 75447,92507 540,570 598,642 3
S 75538,266624 540,567 610,631 1
S 74750,72743 540,563 602,639 4
S 101712,56226 553,575 602,639 2