D 197126
C 9
S 197159,168569 540,558 563,585 5
S 180549,165484 554,576 616,654 1
S 197123,180244 540,554 617,652 2
S 180590,170997 551,573 620,650 3
S 142812,170995 563,605 627,642 3
S 197119,183528 540,556 627,643 5
S 142811,165295 573,595 620,650 3
S 136296,165287 579,597 612,657 5
S 183525,137010 543,560 572,607 4
S 168870,137043 566,582 583,596 1
S 168516,142963 558,595 625,645 3
S 177648,142815 549,588 589,605 5
S 197159,181764 540,549 554,569 1
S 197122,181862 540,554 555,568 4
S 168568,248182 554,594 617,653 4
S 249772,193926 542,557 621,649 5
S 168955,143387 557,588 589,598 5
S 197152,165286 540,554 619,650 2
S 136303,168470 575,604 615,655 3
S 177642,183140 554,581 616,653 3