D 94339
C 12
S 98616,94336 542,576 598,622 3
S 94316,94280 540,560 589,631 3
S 93657,98720 540,564 565,570 3
S 54669,97457 551,585 602,618 3
S 98541,98610 542,583 594,626 1
S 53835,54263 560,591 594,625 2
S 53796,93659 557,591 592,630 5
S 95237,94336 541,586 587,632 5
S 93656,98551 540,563 593,627 1
S 99185,95267 540,573 574,577 1
S 53835,97491 559,592 598,622 5
S 98589,94337 540,582 600,620 2
S 94282,54646 540,563 590,630 5
S 94249,98557 540,554 590,630 4
S 97459,54633 540,555 562,577 5
S 98615,97474 542,576 598,622 5
S 54589,265389 563,578 593,626 3
S 98860,53837 541,562 591,629 4
S 95238,54690 555,572 599,621 3
S 54682,54550 558,574 593,627 5