D 35418
C 11
S 40096,87834 567,601 602,625 5
S 38232,35759 540,577 629,666 1
S 30441,71053 550,590 591,605 2
S 39414,71411 571,587 588,612 5
S 35457,38244 540,555 556,564 1
S 71446,62721 578,612 626,669 1
S 30532,57050 542,583 637,657 1
S 39455,87017 569,591 626,669 5
S 30111,61027 545,585 638,656 2
S 34702,57258 540,578 637,658 3
S 39169,71056 565,591 592,602 2
S 36055,60547 551,593 632,663 4
S 87962,61299 597,613 629,666 3
S 38155,37719 542,569 570,594 5
S 34713,70868 549,571 639,656 3
S 35421,62671 540,556 630,664 2
S 34896,70400 540,564 632,663 3
S 88238,62670 589,622 639,655 3
S 88263,62672 591,623 636,658 3
S 36522,60545 566,583 630,664 4