D 213532
C 12
S 113393,99309 566,602 603,624 5
S 113451,186043 570,601 668,696 3
S 189430,110239 540,558 663,701 3
S 113712,100303 564,592 670,694 1
S 189390,95161 540,567 661,703 5
S 94916,186687 595,617 661,704 4
S 147318,145136 563,585 663,702 2
S 147297,113524 564,588 589,601 2
S 113439,53118 566,598 612,632 2
S 213535,173988 540,550 554,585 2
S 147361,105500 555,587 669,695 1
S 100197,145618 585,609 665,700 1
S 94697,186685 597,618 661,704 2
S 213532,106245 540,555 571,609 2
S 99308,53037 589,612 613,636 4
S 53082,94712 596,639 664,700 1
S 106219,110113 578,603 660,704 2
S 53050,213433 604,636 662,703 2
S 53038,99316 608,632 666,699 5
S 189391,113522 540,555 566,607 4