D 113606
C 12
S 105902,105960 540,573 650,668 1
S 49104,94666 575,603 637,682 1
S 105902,47413 544,563 574,606 4
S 279564,41051 584,617 649,669 2
S 100197,279576 540,576 591,610 1
S 106186,41422 540,572 644,675 4
S 94664,26242 550,594 595,618 1
S 98612,106478 553,576 637,681 1
S 106184,49413 540,563 647,672 4
S 49105,55076 570,608 644,674 2
S 99311,41050 542,581 650,668 4
S 52873,25331 563,598 640,678 1
S 113556,95160 540,555 556,588 1
S 99328,105933 548,579 645,674 1
S 94569,55061 559,592 646,672 1
S 52873,105449 570,592 652,667 4
S 105811,52766 546,563 568,595 5
S 26244,25330 589,606 647,672 3
S 26241,279563 588,605 650,669 1
S 52768,52761 571,592 639,679 2