D 216363
C 9
S 184333,195049 566,587 595,619 1
S 195145,184513 556,572 594,620 1
S 184329,215565 559,593 594,620 2
S 216518,215956 542,564 586,629 5
S 211336,184278 546,573 574,585 4
S 216432,211365 540,558 559,569 1
S 211336,184279 547,572 573,586 3
S 216513,184485 544,562 600,615 1
S 184282,184478 565,584 591,623 3
S 184321,216073 567,587 588,626 3
S 216518,184513 540,571 572,579 4
S 209454,194794 555,573 586,629 3
S 216399,191012 540,557 592,622 2
S 216402,184350 540,560 593,622 3
S 184488,215564 563,580 597,618 4
S 216400,184332 540,561 562,596 5
S 216360,216073 540,550 597,618 5
S 216401,211342 540,561 562,581 5
S 184306,184526 561,592 593,629 2
S 184277,211683 566,583 586,628 2