D 208267
C 12
S 199153,182868 540,569 570,586 5
S 208323,199134 540,553 586,624 1
S 197979,182109 540,572 592,618 3
S 193585,182162 546,564 565,583 2
S 198081,199151 541,566 585,625 4
S 191481,249997 545,583 593,617 4
S 182118,249998 551,593 594,622 4
S 199134,249997 540,572 583,627 1
S 208330,199132 540,567 595,614 1
S 208329,182109 540,556 584,625 3
S 191465,182109 559,575 596,614 3
S 193561,182854 540,573 584,625 5
S 198111,182114 540,571 572,582 2
S 208353,193383 540,561 562,572 5
S 178070,182826 562,590 592,618 4
S 182309,250017 555,584 591,619 3
S 239283,182347 540,556 587,623 4
S 193388,198096 544,572 595,614 4
S 178070,182089 564,589 590,623 4
S 193385,193592 546,572 592,617 4