D 32557
C 9
S 67895,66185 567,603 604,616 5
S 59538,58068 540,568 628,644 5
S 32757,67388 540,554 555,576 5
S 67606,57773 582,600 617,655 5
S 65228,59019 595,610 615,657 1
S 32564,58094 540,554 621,652 2
S 69367,64615 566,594 595,621 3
S 59409,67858 540,572 573,590 5
S 63908,64586 540,577 617,656 3
S 67606,58866 578,604 618,655 4
S 66124,272466 580,617 628,645 3
S 32563,67359 540,556 557,574 1
S 67606,58178 574,607 621,651 2
S 69367,58977 568,592 618,655 4
S 57578,67762 540,559 560,584 5
S 63932,57936 543,580 622,650 2
S 57571,32563 540,557 629,644 3
S 69369,67608 568,594 595,614 4
S 63903,64517 548,568 615,657 1
S 66049,32644 583,604 627,646 3