D 41930
C 9
S 26424,27130 540,582 609,633 4
S 26389,27977 544,575 608,634 3
S 26390,27213 541,579 580,588 1
S 25202,279152 540,575 607,635 5
S 26187,28110 540,556 557,582 2
S 27177,26260 554,597 604,638 2
S 27207,41926 563,594 608,634 3
S 26419,27010 549,572 599,643 3
S 41926,26600 540,564 606,636 4
S 27720,25341 564,585 601,640 1
S 28111,26974 546,584 585,599 4
S 27201,25184 565,591 600,642 4
S 25181,27066 540,572 602,640 2
S 26180,26979 540,558 600,641 1
S 26381,26977 547,570 571,591 4
S 27201,27007 562,594 612,629 3
S 27860,27010 552,588 606,635 5
S 27800,28071 562,581 611,630 3
S 27795,27112 560,583 599,643 5
S 25295,27105 540,566 609,633 3