D 86890
C 11
S 52207,52073 546,585 591,607 2
S 74941,51684 545,571 572,580 5
S 87047,74672 540,559 581,617 4
S 51690,51689 554,580 589,610 4
S 72167,51673 546,572 577,622 1
S 78653,51675 540,566 567,587 5
S 50975,51019 563,578 582,617 4
S 50984,79049 554,587 588,620 5
S 72180,73029 550,570 584,614 1
S 87721,72889 540,568 580,618 5
S 72174,79208 540,581 592,607 2
S 75473,56377 540,572 573,574 5
S 52205,73045 552,580 590,609 2
S 51111,52141 559,578 582,617 5
S 51296,86889 552,592 593,607 5
S 50975,51674 553,589 590,610 1
S 78652,72180 540,567 568,580 2
S 75322,50986 540,567 568,590 5
S 75049,72103 540,574 587,612 5
S 51301,52064 560,584 585,614 1