D 122977
C 9
S 129838,120685 540,582 583,594 1
S 129581,129737 541,582 583,596 3
S 121442,129767 540,567 568,581 4
S 121442,119067 540,557 573,596 1
S 121435,120684 540,557 564,605 2
S 129933,122955 543,574 575,594 3
S 122954,129588 540,560 565,604 4
S 121201,121096 540,574 576,593 2
S 123009,129588 540,567 568,581 3
S 261144,122404 543,558 563,605 2
S 119067,120647 552,573 574,606 4
S 121221,122745 540,573 574,598 4
S 261146,121449 540,565 576,592 2
S 120478,122959 540,564 566,603 4
S 123107,261391 540,554 567,601 3
S 120662,120484 540,574 575,603 1
S 120685,121247 548,565 576,592 5
S 129926,120680 549,569 572,596 5
S 121415,121322 540,561 573,595 4
S 119070,122960 540,584 585,592 2