D 144692
C 11
S 108007,269611 548,577 578,595 4
S 108098,77504 540,581 582,589 1
S 102238,269611 553,585 600,644 3
S 114098,108981 540,566 601,644 5
S 108037,77491 547,576 577,590 1
S 108982,114079 545,571 610,635 5
S 144687,102226 540,551 604,641 4
S 107706,77496 557,573 604,641 2
S 144604,144622 540,552 600,645 4
S 144635,108983 540,550 551,573 1
S 144690,107762 540,560 561,586 2
S 108005,107782 547,579 603,641 4
S 269620,144100 561,601 615,630 1
S 101727,114069 557,586 614,630 3
S 109164,107823 540,578 608,636 2
S 114215,92252 540,569 570,583 4
S 102231,77317 550,589 601,643 1
S 107957,109376 548,580 613,632 2
S 144635,77315 540,564 603,641 3
S 256590,108311 540,557 602,643 1