D 10165
C 9
S 282332,40342 540,557 630,649 1
S 40344,22940 566,607 631,649 1
S 21482,29152 540,566 567,582 4
S 27073,37158 542,582 583,592 1
S 22962,27105 546,569 617,662 4
S 40288,10623 577,595 625,655 3
S 56597,40247 569,610 629,650 5
S 22962,40342 541,574 630,650 1
S 40246,10463 577,593 625,655 2
S 56598,29153 570,608 631,649 1
S 37103,27722 568,585 622,657 3
S 40384,9580 577,596 617,662 1
S 28379,282164 549,590 619,661 5
S 10628,40283 540,565 625,655 1
S 56611,21464 570,605 620,660 5
S 27696,37287 555,581 582,603 2
S 276586,40205 566,598 628,652 3
S 27062,29552 553,569 627,652 2
S 9576,27072 540,564 622,658 3
S 21461,40230 540,570 571,597 2