D 38843
C 8
S 38738,36854 540,562 648,689 4
S 29452,27977 568,596 649,688 4
S 48922,29780 582,611 655,683 2
S 39144,47633 540,567 568,612 1
S 29484,48749 566,587 588,615 1
S 29189,41197 563,593 594,615 4
S 47695,41283 576,609 649,689 4
S 48923,276860 575,618 652,686 1
S 48968,37429 589,610 660,677 1
S 39487,28306 540,569 656,682 1
S 39244,278832 540,576 577,592 1
S 40017,29780 543,566 660,677 1
S 29205,276354 571,588 594,612 3
S 41294,28027 592,619 648,689 1
S 38728,29750 540,555 556,590 2
S 41305,41181 591,624 652,686 3
S 48913,28368 589,605 654,684 4
S 40875,37720 580,598 650,688 1
S 276771,37585 540,561 660,678 5
S 39488,29166 543,561 649,689 1