D 95657
C 9
S 54056,43437 540,557 558,587 3
S 43440,46123 564,579 583,619 5
S 46667,54211 540,569 591,612 2
S 46660,44912 540,570 582,621 5
S 43439,42717 559,584 585,624 1
S 46124,43854 550,566 582,620 5
S 44908,44216 552,567 588,614 1
S 54081,46242 540,554 583,620 2
S 46245,43908 546,565 590,613 5
S 43478,95619 559,583 584,624 5
S 95608,44215 540,563 564,585 5
S 46243,43846 542,567 588,615 3
S 46244,95661 541,569 593,609 2
S 44258,46614 547,577 585,618 1
S 44012,46611 558,578 581,621 5
S 43898,46243 544,588 589,615 2
S 44212,46243 554,575 583,620 4
S 95580,95578 540,552 590,612 5
S 95607,44256 540,562 587,615 2
S 54045,46123 540,560 592,610 3