D 17812
C 8
S 13940,17655 540,561 562,573 2
S 35796,277445 569,591 609,625 1
S 60517,272071 562,606 607,632 5
S 17521,34418 540,569 570,587 3
S 13945,35796 540,559 562,599 1
S 272072,30575 575,600 602,633 1
S 17807,17569 540,550 551,576 2
S 60519,34500 565,604 605,635 3
S 18109,60522 557,573 574,597 2
S 17706,272072 540,566 578,597 5
S 17629,18468 540,578 606,628 2
S 57298,17814 567,598 599,637 3
S 35798,17813 560,599 600,635 5
S 60513,18470 566,601 602,639 3
S 35725,35818 559,593 604,630 4
S 17585,38233 540,566 599,636 1
S 17711,34881 540,559 562,584 2
S 13917,60658 540,556 574,598 1
S 60660,18468 567,605 606,630 3
S 17710,35670 540,563 564,595 1