D 169282
C 9
S 165757,128429 540,564 565,598 3
S 154405,139701 540,575 576,589 4
S 128742,141446 566,587 596,631 1
S 253158,139298 540,558 560,585 5
S 139372,154711 570,585 595,631 4
S 149871,169283 548,569 600,626 4
S 165767,132085 540,567 568,573 3
S 141446,139774 547,574 575,589 2
S 139070,154712 555,574 605,622 5
S 131721,154587 549,584 594,633 4
S 139370,140128 561,594 595,636 1
S 128431,168359 564,587 601,625 1
S 140726,140368 549,575 601,625 2
S 139798,154524 568,588 605,622 3
S 165757,164417 540,568 596,630 5
S 165755,139149 540,568 569,583 4
S 132086,168364 552,579 591,635 5
S 140685,154900 544,582 604,623 4
S 149847,128428 540,579 580,596 3
S 141426,139298 547,573 574,583 5