D 28928
C 12
S 40630,55318 542,567 572,588 5
S 55321,49658 571,590 609,637 1
S 49525,29069 566,583 613,633 2
S 40850,55320 541,577 609,636 2
S 40875,48796 540,582 610,636 5
S 48800,29132 556,575 603,642 5
S 55349,55361 561,601 602,645 3
S 40842,49261 548,568 608,637 5
S 55357,28372 574,589 600,645 4
S 49528,29457 556,594 614,632 1
S 40633,40857 540,573 606,640 5
S 28931,29183 540,556 600,645 3
S 49211,40837 559,584 611,634 3
S 29430,29077 544,563 612,634 4
S 49658,49525 567,591 601,644 1
S 49361,49524 566,581 606,640 2
S 28328,29457 540,560 603,643 1
S 49572,29216 561,592 613,632 4
S 28338,40865 540,567 604,642 5
S 47656,49656 554,570 571,594 5