D 282043
C 8
S 50035,28296 618,633 646,684 2
S 284263,49984 562,580 616,639 3
S 47738,20858 601,637 648,681 4
S 284128,21248 564,581 582,616 2
S 4958,47746 540,572 643,687 4
S 47880,47735 607,632 657,673 5
S 283238,26723 540,556 587,623 4
S 21083,27775 587,605 606,625 2
S 282041,285019 540,560 561,586 2
S 21089,21071 583,609 652,677 1
S 282036,20737 540,561 647,682 5
S 5883,48648 560,599 649,681 5
S 20761,47730 579,602 657,672 1
S 9042,8741 540,550 572,594 5
S 27175,47729 600,617 647,683 2
S 47737,279176 605,631 649,680 2
S 12113,21925 566,600 601,613 2
S 6210,40841 540,562 599,636 4
S 282035,3477 540,549 550,566 2
S 6208,29396 540,558 606,621 4