D 54870
C 10
S 98906,104998 541,566 588,631 5
S 54874,94777 540,562 587,631 2
S 94998,95057 540,557 589,629 3
S 108426,108422 549,593 594,625 1
S 107372,114281 555,576 577,589 4
S 98751,95036 541,562 595,623 5
S 109252,104902 554,593 595,624 3
S 97479,100991 549,568 599,619 4
S 94681,104830 540,561 562,573 5
S 108916,109351 554,591 592,629 2
S 108915,136635 565,581 596,623 5
S 101112,109337 541,581 582,597 2
S 95073,98675 540,566 597,622 2
S 54876,114280 540,560 601,618 2
S 107410,104946 556,580 592,626 3
S 94650,98676 540,566 596,622 3
S 109337,104992 559,590 601,618 1
S 107411,108915 559,577 594,625 2
S 107406,107406 559,579 597,621 5
S 94457,104899 540,577 599,620 5