D 125328
C 11
S 121615,123512 575,599 625,656 4
S 84517,124918 540,569 618,663 1
S 82541,121619 546,577 578,605 4
S 82357,125403 546,584 625,655 4
S 84496,85384 540,559 619,662 3
S 125334,123621 540,559 619,662 1
S 259588,260014 540,561 624,657 1
S 81562,121619 560,592 626,655 3
S 84426,125467 540,558 622,659 4
S 82481,82267 546,561 562,578 1
S 121616,123442 575,598 632,649 5
S 85368,123442 574,593 625,656 1
S 85146,121740 563,580 581,607 3
S 82355,260061 545,586 622,658 5
S 125344,82529 540,552 553,578 1
S 82447,81648 545,567 568,596 5
S 84453,81562 540,567 568,586 3
S 82308,85348 559,577 578,602 2
S 259585,81551 540,556 563,593 4
S 82544,260035 550,572 618,663 4