D 272639
C 9
S 37710,34864 563,596 618,663 2
S 59462,38576 540,566 621,659 4
S 59910,38658 540,554 632,648 2
S 39002,37778 560,580 628,652 5
S 35760,38458 540,580 632,649 5
S 38330,39536 550,573 574,589 4
S 59455,34940 540,553 627,654 1
S 57138,39144 553,569 570,584 2
S 57496,37647 540,567 573,592 2
S 59905,38330 540,567 568,578 2
S 38372,37560 546,582 583,607 2
S 59851,39848 540,564 565,589 2
S 35661,37709 540,576 620,660 5
S 57184,39146 541,579 580,584 3
S 38368,36850 546,582 620,660 1
S 36933,38459 571,611 626,654 1
S 276776,34387 557,595 624,656 2
S 39590,38657 563,582 624,656 2
S 59462,37731 540,561 632,648 1
S 36850,37557 575,603 621,659 4