D 171053
C 8
S 211474,211386 549,574 594,630 1
S 226134,194794 570,586 592,631 5
S 226065,226150 554,599 604,619 4
S 180856,225941 540,568 600,624 3
S 184485,171108 540,570 593,631 4
S 224072,184236 550,591 598,626 2
S 211370,209456 542,578 595,629 1
S 184299,211477 540,564 565,580 5
S 194810,223186 540,573 574,582 3
S 224898,225927 554,596 597,630 5
S 225926,181329 561,590 602,622 3
S 224066,181330 563,581 597,626 2
S 169406,223905 540,561 597,627 3
S 184536,171066 540,566 602,621 4
S 184476,211476 540,563 564,583 1
S 194787,184541 547,562 597,626 3
S 224900,224145 560,591 603,621 4
S 224068,177560 553,590 598,625 1
S 194821,211476 547,564 604,620 1
S 169447,250211 540,560 592,632 2