D 87323
C 12
S 90428,163656 540,555 589,605 2
S 150006,89737 549,573 586,608 3
S 89701,155809 540,551 552,588 2
S 90438,156579 540,562 563,578 4
S 90427,155738 540,556 557,572 4
S 156194,119844 559,576 587,607 2
S 90262,140400 540,564 565,582 4
S 89696,156165 540,555 556,583 3
S 90154,156192 540,563 564,577 2
S 129598,155804 540,561 562,588 5
S 87327,119841 540,553 583,611 3
S 90206,156578 540,558 559,586 2
S 131758,156207 544,571 580,614 4
S 90399,89876 540,567 589,606 5
S 89695,140026 540,552 579,616 4
S 129633,154072 540,559 560,580 1
S 129927,163658 540,572 573,587 4
S 140366,150550 549,572 576,618 5
S 154094,89878 545,581 585,609 2
S 132108,156587 550,567 568,591 3