D 13848
C 8
S 38295,81791 540,579 580,603 3
S 35830,62974 541,567 568,584 4
S 30529,63692 540,569 625,646 5
S 57282,81778 551,568 620,651 3
S 57113,79816 540,580 581,588 3
S 30532,267977 540,563 577,601 4
S 267977,60504 570,608 620,650 1
S 123387,63555 566,607 627,643 5
S 81794,34632 578,602 626,645 1
S 70061,63554 553,595 622,649 3
S 18832,18619 540,566 617,654 3
S 81678,63678 575,594 628,643 5
S 57282,34701 540,579 626,645 3
S 79817,30532 564,594 621,650 4
S 34706,81655 540,575 616,655 1
S 30530,69938 540,568 614,657 4
S 18609,63552 540,556 619,651 5
S 79778,69978 563,592 619,651 5
S 38169,81794 540,574 575,609 1
S 81777,69812 569,611 613,657 1