D 225395
C 8
S 212323,212043 554,598 623,657 3
S 225399,223480 540,551 632,649 2
S 217022,190744 540,560 619,662 1
S 212178,187290 564,582 583,604 5
S 212308,187273 557,597 632,649 2
S 211003,223576 540,568 618,662 5
S 194895,223363 544,578 628,653 4
S 190472,215779 545,583 628,653 1
S 212468,187296 557,587 631,649 3
S 217003,190811 543,559 622,658 4
S 212198,190689 562,588 633,648 1
S 190629,216531 550,575 632,648 5
S 190568,215663 555,579 622,659 5
S 249170,215633 570,603 631,649 3
S 212308,187281 565,590 621,659 4
S 187271,189799 573,590 621,659 3
S 216930,189814 540,566 620,661 3
S 216931,223527 540,569 621,660 3
S 189799,223141 570,587 623,658 5
S 211285,223108 541,574 629,652 5