D 135782
C 12
S 168552,137278 540,569 598,617 4
S 135854,134472 540,561 594,621 4
S 135833,167714 540,562 587,628 4
S 149139,165775 540,561 597,617 1
S 135837,165948 540,560 596,618 5
S 142634,135332 540,559 589,626 1
S 165617,167791 540,574 598,616 5
S 168658,167714 541,572 587,628 3
S 180028,167963 554,592 596,619 4
S 165613,134339 540,572 594,620 2
S 135837,134340 540,556 593,622 1
S 168802,177986 548,568 569,577 1
S 250404,137290 553,597 598,618 3
S 252579,134278 544,574 585,629 3
S 168648,253137 544,568 598,617 2
S 250405,135752 568,583 596,618 3
S 252397,164317 545,583 592,623 5
S 170833,135408 551,570 594,620 5
S 142469,134467 540,570 594,621 4
S 142474,178071 540,560 600,615 2