D 49305
C 9
S 37730,37645 563,608 632,671 1
S 35971,40727 574,617 637,667 5
S 49313,38533 540,557 581,599 1
S 37698,40731 566,599 640,664 4
S 37730,37640 577,593 643,660 2
S 50659,52220 540,567 568,581 4
S 48312,40837 546,587 634,669 4
S 39316,40620 566,587 637,667 2
S 51915,48796 558,575 638,666 3
S 50661,277429 540,559 635,668 1
S 50914,49040 540,570 635,668 2
S 40234,35948 555,590 591,608 5
S 50555,40238 540,563 564,588 4
S 51826,35991 544,582 641,662 5
S 277429,37540 586,608 631,673 2
S 39269,35938 558,600 631,672 4
S 51113,38606 547,567 644,660 3
S 37678,49032 573,588 629,674 4
S 49792,35934 540,555 632,671 3
S 35932,49041 578,618 638,665 2