D 253466
C 8
S 121516,156290 543,586 587,627 1
S 139377,150783 540,570 594,617 1
S 150454,121868 540,560 592,619 5
S 121620,153856 554,583 587,624 5
S 121553,79905 552,579 584,627 4
S 156383,127976 540,565 595,616 2
S 81278,80367 557,585 588,624 2
S 123217,81114 544,569 598,613 4
S 122748,81263 551,568 569,582 1
S 150711,121518 540,557 558,574 1
S 79906,122712 555,595 596,618 2
S 128718,153852 541,564 597,615 1
S 122741,81720 540,576 583,628 4
S 139795,122676 542,559 583,628 1
S 128723,121506 544,563 564,575 2
S 139373,121973 540,571 590,622 2
S 122752,80364 547,573 574,590 3
S 139770,150781 540,562 589,623 1
S 139770,121599 540,569 570,574 4
S 122764,122426 548,574 585,627 4