D 192275
C 10
S 167478,155260 540,573 593,627 1
S 192081,155933 540,550 587,632 4
S 164034,163947 551,577 589,631 3
S 164033,163882 553,575 592,628 5
S 191943,257232 540,559 560,596 4
S 248053,170373 540,564 601,618 5
S 192089,255691 540,553 565,581 1
S 191661,155653 540,565 596,623 3
S 192270,155188 540,553 601,618 5
S 137748,182655 567,588 599,620 4
S 138750,182545 558,597 598,629 4
S 155202,182670 561,576 592,627 2
S 149882,156500 553,591 598,622 1
S 138967,149908 556,595 596,624 4
S 257232,149873 568,587 601,618 5
S 164008,248050 551,573 601,619 3
S 252465,149908 542,570 597,622 2
S 138831,192089 568,589 597,622 4
S 191592,170373 540,564 589,631 3
S 192274,182531 540,558 593,627 2