D 226009
C 12
S 194807,223357 548,579 580,605 5
S 223720,224904 540,571 573,604 5
S 224071,194790 540,567 572,606 5
S 194786,211478 553,575 576,610 2
S 194792,194788 549,581 582,606 2
S 211478,223328 546,569 578,600 3
S 211476,209455 548,566 579,598 5
S 194823,211380 551,574 575,605 3
S 191032,223330 557,573 574,603 4
S 223945,216604 540,565 575,603 2
S 194808,216576 550,577 578,604 4
S 211564,209640 540,579 580,604 5
S 216619,223944 546,564 575,602 1
S 223392,216686 540,565 576,601 2
S 209466,211363 548,574 578,599 1
S 223184,195145 540,566 567,582 5
S 225996,209644 540,557 558,577 4
S 225881,211473 540,553 554,576 2
S 209711,225875 547,572 573,611 3
S 226003,211375 540,562 571,606 4