D 80710
C 9
S 90318,85508 540,566 567,605 3
S 80735,129827 540,561 562,607 2
S 89811,129945 540,564 574,594 1
S 129952,129168 543,570 571,600 3
S 129260,119166 542,586 587,600 2
S 119163,129953 543,562 566,602 2
S 80722,129137 540,556 557,577 1
S 129821,80898 542,570 571,601 1
S 129763,80898 542,569 574,594 5
S 90322,129697 540,563 571,598 1
S 85531,129952 540,559 574,595 2
S 86147,119211 540,561 566,602 3
S 130286,129762 552,567 569,599 5
S 128979,130180 547,575 576,594 4
S 90321,86150 540,571 572,607 2
S 129314,129003 554,572 573,604 5
S 80747,128979 540,555 571,597 3
S 267733,129316 540,568 569,583 5
S 129723,129763 540,569 576,592 5
S 80729,129170 540,562 563,585 4