D 80521
C 12
S 90554,141943 540,569 596,615 4
S 131097,91219 546,576 589,622 3
S 131119,149608 549,574 584,626 4
S 164396,89684 552,594 598,613 4
S 130532,267051 541,577 590,620 5
S 91323,129495 540,569 594,617 4
S 267047,85615 540,566 583,627 1
S 91322,85897 540,569 589,622 3
S 90554,91340 540,564 594,617 3
S 137854,137889 551,578 594,616 1
S 132304,91368 547,579 597,614 3
S 90175,129445 540,567 583,628 1
S 141742,86005 551,586 587,623 4
S 168231,130534 554,594 595,627 3
S 141742,130476 553,584 596,614 3
S 91221,131119 542,560 561,572 3
S 137853,89722 555,574 584,626 5
S 132303,130887 547,580 593,618 2
S 85910,131124 540,563 564,572 5
S 137829,137632 549,579 598,613 1