D 156941
C 12
S 160377,152585 561,576 634,657 5
S 157648,156957 545,573 629,662 5
S 254130,161540 548,585 586,602 5
S 152619,161938 540,572 635,657 5
S 158125,161529 540,567 630,662 3
S 199909,160378 575,593 633,659 2
S 254116,161630 551,578 625,666 5
S 203005,157649 584,603 634,658 3
S 157076,161540 540,569 629,662 5
S 254116,160499 549,581 631,660 1
S 152565,161630 548,563 573,607 3
S 203010,162018 574,614 626,666 2
S 199884,161931 572,594 627,664 1
S 199885,199766 562,602 635,656 3
S 161886,199816 558,593 637,655 2
S 157071,254061 540,570 571,585 3
S 157127,156955 545,569 638,654 3
S 152567,199910 544,568 575,593 2
S 199768,162408 557,601 625,667 1
S 254498,157648 540,553 554,580 5