D 86172
C 9
S 78890,34408 550,571 625,657 3
S 70843,38409 559,574 575,597 1
S 18251,35758 581,611 628,655 4
S 18252,79702 582,610 619,664 1
S 70445,63380 560,580 631,652 4
S 86482,61184 540,562 563,591 1
S 90200,62671 540,566 567,586 3
S 62721,34487 557,586 587,604 3
S 38386,18088 572,600 601,619 5
S 18086,80637 577,621 622,662 3
S 73494,85599 557,572 627,656 5
S 267769,62966 540,549 619,663 1
S 34247,86156 582,602 622,661 1
S 86791,34235 548,568 581,605 1
S 38387,18108 569,602 603,614 2
S 90628,38231 540,568 569,609 1
S 90631,70843 542,565 566,585 3
S 38385,85539 568,603 623,659 5
S 89636,18242 540,572 630,652 5
S 38383,34297 569,601 632,651 2