D 237021
C 10
S 223526,184855 540,571 589,624 1
S 216774,211238 540,579 598,615 5
S 185113,225219 564,582 593,620 5
S 211262,194909 552,578 595,619 4
S 185150,185114 552,589 590,629 4
S 211663,211256 554,574 596,618 1
S 184856,211241 556,593 599,614 4
S 216577,211238 551,570 592,621 1
S 185147,224324 555,586 587,627 3
S 190905,185149 549,591 599,615 2
S 194905,224391 553,581 589,625 4
S 225218,211284 540,568 588,626 5
S 194881,216912 556,582 586,628 2
S 194876,211240 547,592 597,616 3
S 225280,211693 540,561 562,579 2
S 224359,184787 540,568 592,621 1
S 223573,216579 540,566 567,570 2
S 194876,224382 548,591 599,614 5
S 225218,185129 540,567 587,626 4
S 237023,222977 540,558 559,568 2