D 279883
C 12
S 41183,101307 540,569 570,602 5
S 23755,93394 540,558 559,601 4
S 104223,52566 562,607 619,647 4
S 55726,104209 551,589 590,601 4
S 24730,55663 540,566 567,590 2
S 49089,104678 540,579 621,644 4
S 24731,93316 540,567 568,592 4
S 48854,101288 540,579 623,643 4
S 24731,48973 540,565 566,568 4
S 101380,56097 563,600 625,640 1
S 279633,104478 540,560 574,597 2
S 55727,104488 554,587 612,653 3
S 48854,55841 546,568 625,640 4
S 50779,48862 547,583 618,648 5
S 279636,47430 540,564 619,646 1
S 101401,104074 560,604 612,653 1
S 49318,23849 552,576 623,642 5
S 101446,264591 570,597 619,647 5
S 23973,49088 540,551 617,649 2
S 26257,104071 540,572 613,652 5