D 125888
C 11
S 151035,255039 545,579 614,633 5
S 170484,170184 562,602 609,638 4
S 124582,128061 540,553 554,570 1
S 125858,153486 540,550 605,642 1
S 150912,125899 558,577 615,632 5
S 124376,124348 540,570 613,633 1
S 124557,153831 540,559 560,585 3
S 128058,170476 540,580 610,637 2
S 167458,170489 563,592 608,638 1
S 153836,124558 552,590 609,638 5
S 260543,260555 540,559 603,643 4
S 170476,260548 558,603 605,642 1
S 124432,124151 542,561 605,642 4
S 124577,260559 540,555 613,634 4
S 124564,170475 540,561 573,590 3
S 170222,127917 554,595 614,632 3
S 167525,260548 566,592 602,645 4
S 153479,153480 559,579 601,646 3
S 124562,170183 540,557 564,596 4
S 170480,124366 565,598 606,640 2