D 175532
C 10
S 145534,145457 555,572 583,628 2
S 111805,145444 555,591 592,619 3
S 111778,175190 555,590 591,627 1
S 145466,175190 552,579 592,619 4
S 146947,146193 540,576 589,622 3
S 113250,175199 555,581 598,613 4
S 175531,146958 540,556 557,567 5
S 113447,146198 547,585 593,619 3
S 173753,173867 540,554 585,627 4
S 173757,146966 540,551 552,569 3
S 147094,146756 540,576 598,613 5
S 173881,147091 540,560 593,618 4
S 173768,146962 540,550 551,578 1
S 173867,113232 540,566 567,583 2
S 147509,175531 540,569 590,621 5
S 113410,145539 545,590 591,626 3
S 146945,146193 540,578 592,619 4
S 111785,175195 550,593 594,621 5
S 113641,147575 555,577 593,619 4
S 146963,147550 546,567 589,623 4