D 36564
C 10
S 36573,36901 540,563 564,579 5
S 36575,36681 540,557 588,619 2
S 37420,39309 548,567 586,620 1
S 36854,40186 549,571 581,626 2
S 36520,36768 540,560 582,625 1
S 36527,36519 540,565 593,614 5
S 36681,37418 540,569 570,576 3
S 36852,36576 540,580 588,619 3
S 36675,37255 540,556 592,614 2
S 37510,37247 543,560 561,586 1
S 37123,39319 551,581 593,613 5
S 37151,37384 554,580 582,625 3
S 36520,40512 540,558 591,615 5
S 36530,37051 540,551 552,582 3
S 37423,40512 544,571 572,579 4
S 37172,40503 558,577 587,620 2
S 40514,37181 560,583 589,618 3
S 37511,37051 544,560 561,583 5
S 36522,40175 540,555 596,611 4
S 36550,277260 540,564 565,581 1