D 165078
C 12
S 136485,165108 555,585 596,632 2
S 137289,136443 540,553 554,584 3
S 136488,172900 552,588 589,604 2
S 172855,172409 573,589 597,631 4
S 172899,165166 563,602 603,634 2
S 172830,172507 571,586 598,629 3
S 164553,172067 540,564 599,629 2
S 172901,165287 566,598 603,624 1
S 133320,165200 540,572 604,624 3
S 135553,172079 552,572 598,630 4
S 134403,143879 540,566 567,589 1
S 148565,172100 565,590 605,623 3
S 165076,171355 540,552 591,636 3
S 134393,135545 543,560 561,578 1
S 134411,135569 543,559 560,573 2
S 134404,172408 540,568 606,622 5
S 164681,135635 540,553 554,583 2
S 138276,171762 540,564 596,631 5
S 142213,165301 540,566 591,636 4
S 138275,134282 540,554 555,578 5