D 179403
C 10
S 239375,193096 555,592 594,609 2
S 217541,192877 565,582 594,609 1
S 207930,207764 561,576 580,624 4
S 179408,198468 540,564 565,583 4
S 197974,198405 540,573 584,620 4
S 197970,192708 541,575 581,623 5
S 192706,208037 540,569 592,612 3
S 191835,192793 540,566 581,622 3
S 198466,198970 550,571 588,616 2
S 179154,197978 540,549 550,572 4
S 198021,217554 544,562 563,589 3
S 198046,207770 540,576 587,617 2
S 207954,198466 555,577 588,616 5
S 179148,217541 540,560 565,582 1
S 199031,198010 556,572 583,620 4
S 197971,208050 549,566 580,623 2
S 179417,198404 540,567 585,618 1
S 197977,208067 546,567 584,620 4
S 198312,198467 549,576 580,623 2
S 191837,217673 540,563 567,582 2