D 252949
C 10
S 118909,129003 543,580 615,631 5
S 252946,141270 540,556 614,632 3
S 128999,89040 540,571 572,582 4
S 62207,79218 564,598 611,634 4
S 130284,90915 540,572 610,636 1
S 79106,255691 562,580 603,642 3
S 129477,86876 550,571 600,645 5
S 90888,71571 555,571 606,639 5
S 166862,88971 540,554 555,583 5
S 155313,62170 540,558 572,595 5
S 129498,74605 550,571 605,640 2
S 62039,166862 566,598 603,642 4
S 62260,73129 570,591 604,642 4
S 130082,71588 548,568 569,595 5
S 87600,141271 550,585 615,631 4
S 78726,129007 563,581 606,640 4
S 132200,78736 540,570 571,581 1
S 78732,90915 554,591 614,632 1
S 62209,155314 563,599 609,637 2
S 166782,129496 540,560 561,573 3