D 75341
C 11
S 87669,75403 540,559 584,599 2
S 87723,86671 540,554 555,582 5
S 87824,75473 540,564 569,613 5
S 85916,85915 553,582 583,611 4
S 85851,86749 546,589 590,610 2
S 87669,79397 540,560 561,571 3
S 85778,86587 546,585 586,604 5
S 87946,85778 540,563 564,586 3
S 85846,86827 551,582 583,612 1
S 86692,86844 541,581 582,605 5
S 86737,86585 548,567 571,612 4
S 269161,85847 540,563 564,583 3
S 86737,87273 540,577 582,600 3
S 87949,87764 540,565 573,610 4
S 86843,85791 542,566 577,605 3
S 86844,87721 540,575 578,604 2
S 79412,86751 547,581 582,603 3
S 87796,87106 540,557 579,604 3
S 75469,87663 540,561 580,602 3
S 87724,86693 540,553 554,583 5