D 257491
C 11
S 131776,128429 540,558 559,602 5
S 139294,139147 540,564 565,596 5
S 128432,131720 545,562 569,590 5
S 128828,131759 540,572 573,589 2
S 131744,128833 540,560 566,593 1
S 128825,128799 540,565 571,589 3
S 131720,139149 540,555 572,587 3
S 131980,139162 540,561 562,599 3
S 132154,139173 540,556 568,591 5
S 139147,131733 540,568 569,591 3
S 140054,123266 540,574 575,594 3
S 139030,128520 540,554 566,593 2
S 139026,128794 540,555 562,597 1
S 128442,128626 540,571 572,596 3
S 128766,128603 543,563 564,596 2
S 132037,139295 540,564 565,595 3
S 123312,131721 546,573 574,596 2
S 131771,123266 540,563 569,591 5
S 131733,128734 540,555 567,592 5
S 131771,128777 540,559 569,590 2