D 220438
C 11
S 200820,207749 584,608 647,677 4
S 220123,207751 540,567 568,581 5
S 200818,220408 589,604 647,676 3
S 205560,202118 576,591 644,679 4
S 206019,200792 568,588 653,670 5
S 206462,206394 561,592 641,682 2
S 208067,221031 545,564 646,678 4
S 208028,206651 547,570 571,588 5
S 206685,208907 557,581 639,684 4
S 220419,199614 540,561 586,615 4
S 207756,207755 549,574 654,669 3
S 208881,241262 545,562 640,684 4
S 220105,220121 540,565 649,674 4
S 199159,199542 547,575 576,609 2
S 220435,199547 540,556 574,611 1
S 199622,220763 594,612 652,672 2
S 205933,221031 570,586 652,671 5
S 220418,199632 540,556 588,619 3
S 200819,206698 587,605 650,673 4
S 246572,220937 588,609 645,678 3