D 123683
C 12
S 32489,85208 563,606 642,660 4
S 85193,34025 540,556 558,598 2
S 123756,35266 540,555 634,669 1
S 35368,80170 553,589 640,662 5
S 35385,32291 550,589 590,596 3
S 14750,33588 577,618 632,670 1
S 35385,33583 554,586 643,660 1
S 33971,79954 572,588 632,670 4
S 60209,14750 554,579 580,619 2
S 60142,80168 555,577 638,664 4
S 281468,32346 588,604 635,668 1
S 66672,33585 542,583 631,671 3
S 80007,30849 541,565 570,611 4
S 85197,57522 540,559 644,659 5
S 123678,34033 540,555 637,665 5
S 60206,33617 555,579 580,604 5
S 17435,33793 576,607 634,669 5
S 79937,14536 544,563 581,618 4
S 57449,30888 547,591 642,661 1
S 66834,60055 545,572 634,669 1