D 200125
C 8
S 162443,158768 540,564 565,578 5
S 162442,158853 540,561 562,566 3
S 160243,157739 540,566 591,625 4
S 158865,158787 540,582 597,618 3
S 162472,199644 540,564 594,621 5
S 160275,159800 540,569 570,580 1
S 158869,158767 542,578 593,622 5
S 158770,159716 554,571 572,596 2
S 162505,159717 540,556 591,625 3
S 157926,159502 540,572 588,628 4
S 159698,159668 554,590 591,625 5
S 159626,159625 561,578 589,627 3
S 158865,158766 549,569 589,627 4
S 158771,158926 555,570 589,626 2
S 162506,162550 540,563 594,622 5
S 162503,159729 540,566 567,589 1
S 158875,199660 543,579 586,630 5
S 159717,199669 558,589 596,619 3
S 158861,158768 545,573 586,629 4
S 200110,159801 540,549 593,623 4