D 205127
C 12
S 157139,68201 587,618 619,636 3
S 162471,124814 576,606 687,725 3
S 69126,84718 612,630 698,714 5
S 126622,271183 606,621 693,720 1
S 254118,126334 583,617 693,719 3
S 246720,82600 564,598 599,639 4
S 69050,162451 599,644 694,718 2
S 82463,204642 606,632 687,726 2
S 161743,254125 557,587 589,606 2
S 126577,199643 593,638 684,729 5
S 124855,204538 604,627 687,726 1
S 126121,69237 590,629 699,714 5
S 271183,69263 621,638 697,715 4
S 162432,69164 571,616 692,721 2
S 202920,205288 551,575 684,729 3
S 203668,201048 540,573 697,716 4
S 200184,199640 566,599 688,724 3
S 203446,157647 540,581 588,613 5
S 84631,254141 608,626 694,719 1
S 205164,200173 540,564 569,602 5