D 48887
C 8
S 42414,42415 540,573 579,621 1
S 43630,274497 546,582 583,621 5
S 48873,48957 540,566 579,621 2
S 43852,42422 556,583 590,610 2
S 274496,275953 540,570 584,616 4
S 41501,43853 540,571 572,582 5
S 43566,41194 555,579 588,611 3
S 274283,43868 540,559 589,611 5
S 275623,48956 547,571 578,622 5
S 41499,43837 543,563 564,580 3
S 41502,44011 543,564 584,616 5
S 274243,42530 540,554 581,618 3
S 41531,274545 542,569 589,611 1
S 42435,44013 543,573 574,593 2
S 43852,275623 548,591 592,615 5
S 41530,274499 541,570 584,616 1
S 41500,43565 540,569 570,581 5
S 42526,42519 546,581 587,613 3
S 41196,42525 540,561 562,574 2
S 43677,43989 552,582 583,618 4