D 6252
C 8
S 27153,22025 553,572 600,625 1
S 6099,27018 540,562 603,623 2
S 50311,27154 563,592 603,622 2
S 21083,29190 542,563 592,633 5
S 20847,22015 540,571 605,621 5
S 22023,9039 546,568 594,631 4
S 48015,27703 562,584 596,630 5
S 22015,28371 540,575 576,583 5
S 48436,276543 569,584 603,622 2
S 22139,6251 540,575 597,629 1
S 22015,48493 541,573 574,600 5
S 48438,27018 568,585 591,635 1
S 6098,28332 540,560 561,579 3
S 28331,21248 549,585 595,630 5
S 40587,27753 553,590 604,621 5
S 8967,47986 540,561 599,626 2
S 9006,29471 540,554 555,584 4
S 20728,27753 540,563 598,627 5
S 29472,27153 553,585 593,633 3
S 6252,29720 540,551 557,583 1