D 70035
C 8
S 80723,56516 540,564 565,600 2
S 74260,270074 543,569 614,649 2
S 79619,71486 540,572 618,646 4
S 72204,74259 580,596 617,646 3
S 72190,71404 565,610 619,644 4
S 73045,52095 552,593 620,644 1
S 272796,52094 572,594 610,654 4
S 70030,56515 540,561 610,653 2
S 73028,74485 551,594 612,651 1
S 74476,79464 553,569 614,649 3
S 74175,80512 540,573 622,642 1
S 74675,56485 560,582 622,642 2
S 74259,56369 540,574 578,596 2
S 72246,72598 574,600 624,639 4
S 70030,80435 540,556 619,645 3
S 74345,71365 546,573 619,645 2
S 72206,74259 572,604 611,652 1
S 74342,73109 550,568 569,593 2
S 85647,71489 540,570 618,645 2
S 79042,74239 556,582 621,643 1