D 142098
C 10
S 141951,129752 540,559 560,579 4
S 137938,130262 540,557 558,562 4
S 132248,129763 540,562 563,597 1
S 130285,129154 542,562 563,593 1
S 129953,130182 541,569 570,587 5
S 130284,137633 540,574 575,586 3
S 132267,137869 540,563 564,585 1
S 129103,130287 540,561 562,592 3
S 129762,137869 541,571 572,583 4
S 130261,138599 541,563 564,592 4
S 129758,130260 540,573 574,590 1
S 129710,129154 541,576 577,584 2
S 131007,129000 540,567 568,589 1
S 142007,129696 540,554 555,572 4
S 128980,129003 540,568 569,588 2
S 130300,129008 540,571 572,594 4
S 129705,129752 543,570 571,596 2
S 130214,131440 540,574 575,585 2
S 129713,129959 540,578 579,585 3
S 129713,138646 540,578 579,596 3