D 130650
C 8
S 129820,155520 540,559 563,594 5
S 129769,150008 540,565 566,575 5
S 155720,131822 547,579 580,593 4
S 155899,129388 547,582 583,587 3
S 132112,131824 540,577 578,588 2
S 120855,140562 540,556 562,595 4
S 120874,131828 540,557 567,590 1
S 155725,155906 552,577 578,598 3
S 155714,129368 544,581 582,586 4
S 140367,155584 549,570 571,591 4
S 130191,141307 540,567 568,601 4
S 132111,129383 544,571 572,601 2
S 130211,132160 540,564 565,601 3
S 129423,141306 540,558 570,587 2
S 129769,129388 540,558 571,586 5
S 129423,129761 540,557 558,573 5
S 129834,155512 540,568 569,594 3
S 129758,155620 541,561 569,587 4
S 129739,131828 540,559 560,599 2
S 155713,140568 547,578 579,590 5