D 265576
C 10
S 43837,23726 559,598 599,619 5
S 43911,42058 567,583 584,603 5
S 42529,23752 567,600 668,688 3
S 98042,98042 540,554 665,691 1
S 53832,273551 548,574 666,690 1
S 26191,97129 580,607 666,690 1
S 44210,54633 557,591 656,699 3
S 46245,25383 556,574 666,689 3
S 44213,23755 553,593 594,622 1
S 276084,54622 577,605 670,686 1
S 97066,45097 541,559 655,700 5
S 96620,53831 540,562 563,581 3
S 53831,43563 540,582 583,588 5
S 23363,23956 583,627 658,698 1
S 279894,273248 588,614 662,694 4
S 98056,43625 540,558 561,603 2
S 46123,42344 546,590 668,687 2
S 44271,24846 559,583 668,687 4
S 265746,95443 540,559 670,685 4
S 42151,23933 578,598 664,692 4