D 69897
C 10
S 69844,57260 540,561 626,664 4
S 35830,18970 551,576 577,594 4
S 19165,63108 577,599 636,655 3
S 60497,34791 544,562 563,578 1
S 34713,12430 554,580 581,609 4
S 57296,29969 548,566 627,663 3
S 63122,19351 540,565 574,595 1
S 19817,57287 562,601 627,664 1
S 34644,57284 555,583 631,659 2
S 60503,18973 540,573 574,602 4
S 29960,57113 558,598 625,666 1
S 18979,63108 575,599 627,663 3
S 60494,29969 540,569 631,660 4
S 19159,63104 580,597 631,659 2
S 60504,30066 540,577 578,594 1
S 19804,19699 565,594 625,665 3
S 34713,57152 559,575 637,654 2
S 18871,38294 555,597 638,653 4
S 38234,19700 542,581 626,665 2
S 34634,57291 560,580 625,666 4