D 72615
C 9
S 36825,19978 541,571 593,624 1
S 40136,56749 540,558 597,620 3
S 72616,13717 540,557 587,630 5
S 37583,62075 540,573 587,631 5
S 18886,19965 551,595 596,629 4
S 19954,61715 546,586 588,629 4
S 39276,13709 540,569 570,586 3
S 71188,19980 540,552 587,631 5
S 62083,270043 540,562 594,624 2
S 72614,29894 540,555 597,621 2
S 13724,39275 565,583 589,629 2
S 19979,62306 549,591 592,631 5
S 19739,36386 551,593 600,617 2
S 62308,36375 540,554 555,574 1
S 20211,19954 560,575 598,620 4
S 20355,13711 553,574 592,626 2
S 13709,56664 559,593 594,631 2
S 62309,19967 540,557 598,619 5
S 36831,270043 546,565 599,618 4
S 20343,39269 551,577 592,625 1