D 80016
C 10
S 85308,163062 540,570 623,662 3
S 198546,123470 575,607 635,651 5
S 80010,153610 540,549 554,571 3
S 191587,80266 562,594 634,652 3
S 81557,153441 540,554 633,652 4
S 197912,178604 581,601 627,659 1
S 150920,80261 540,576 620,665 3
S 156903,178899 555,574 625,661 4
S 153420,178772 550,567 568,595 1
S 193420,80211 569,603 631,654 1
S 178769,150921 565,583 625,660 1
S 153418,123351 540,581 628,658 5
S 197750,153557 572,608 627,659 5
S 150926,193561 544,569 576,596 2
S 79929,159203 540,549 559,577 1
S 80303,193173 540,557 570,598 4
S 81821,163244 540,566 623,662 5
S 79928,153592 540,563 564,569 3
S 150920,153421 550,566 632,653 4
S 192220,80147 574,592 625,660 1