D 242752
C 10
S 152520,205141 576,620 636,663 1
S 204867,152555 540,578 630,669 4
S 242847,204538 540,556 557,571 3
S 204864,204883 540,575 641,658 1
S 254128,204896 567,604 636,663 1
S 204885,254130 540,567 637,663 3
S 157650,254117 571,608 641,659 4
S 201739,160378 554,577 578,605 2
S 242711,201581 540,552 554,582 5
S 162483,204642 569,592 630,669 1
S 157129,205287 574,606 627,672 5
S 152567,160376 574,609 641,659 5
S 202837,205264 546,581 642,657 3
S 152566,202837 579,604 642,657 1
S 201578,254140 557,577 638,662 5
S 202837,201580 551,576 638,662 3
S 205225,201580 540,564 637,662 1
S 204513,151908 540,579 580,613 4
S 200766,254117 556,593 629,670 4
S 201581,162486 551,585 586,598 3