D 23586
C 11
S 48916,48936 554,571 584,602 3
S 48917,25291 548,579 584,601 3
S 23792,41155 540,559 583,602 3
S 47465,49078 540,581 582,593 3
S 48910,25209 543,588 589,600 3
S 24727,24724 540,561 574,611 2
S 279631,23786 540,561 582,603 5
S 47466,40954 547,570 579,607 3
S 23460,49047 540,559 560,588 5
S 48988,23598 560,576 584,601 4
S 47509,26252 552,568 585,601 4
S 23613,48986 540,552 553,590 4
S 48922,23973 546,582 583,609 2
S 48905,23582 555,577 578,609 4
S 49068,23805 549,594 595,608 2
S 48942,23582 546,587 588,603 2
S 49047,41186 550,588 589,603 5
S 49045,279633 549,592 593,610 1
S 24724,49071 540,569 570,578 5
S 49068,24730 561,583 585,600 5