D 176473
C 11
S 232102,185289 575,597 636,659 1
S 225525,231892 561,595 631,665 4
S 211250,225528 551,566 567,592 4
S 176482,185299 540,558 634,661 2
S 232906,222827 577,607 627,669 4
S 222798,232460 559,583 584,609 3
S 250885,211007 540,561 633,662 4
S 176501,232909 540,564 573,614 3
S 176522,232898 540,558 574,608 5
S 211699,232100 545,564 570,600 4
S 230655,185214 562,599 639,657 5
S 176495,211246 540,560 561,568 1
S 211258,232086 541,572 573,601 5
S 211253,232460 547,569 570,608 3
S 232120,230580 574,599 630,665 5
S 216924,232969 549,579 581,607 4
S 217045,185268 561,579 640,655 2
S 225512,234674 560,592 593,616 3
S 232965,235105 577,612 636,659 2
S 225511,232000 553,597 631,664 1