D 84919
C 8
S 126334,124762 540,567 631,656 1
S 254130,126338 549,579 633,655 1
S 254140,200959 556,575 576,591 2
S 254140,200826 553,578 624,664 2
S 254427,199560 540,580 626,662 3
S 201729,202725 575,592 628,660 4
S 204835,124757 582,602 628,660 3
S 199639,157880 559,583 635,653 1
S 162484,84927 549,589 629,659 2
S 204538,126274 576,600 623,664 4
S 254141,200835 554,577 636,651 4
S 200766,157143 558,591 631,657 1
S 200960,126273 570,585 633,654 4
S 202836,204612 571,600 622,665 3
S 157139,202827 546,565 569,604 1
S 204830,126268 577,609 625,662 1
S 200881,160223 567,585 636,651 1
S 124755,162630 540,563 625,662 5
S 201033,200807 564,590 622,665 4
S 157384,201739 540,573 574,602 3