D 236557
C 12
S 236580,235911 540,559 628,673 3
S 227810,229172 544,567 638,663 3
S 227049,227571 568,583 643,658 5
S 231322,227755 576,600 640,661 3
S 236569,227038 540,548 630,672 5
S 227088,227570 555,596 632,670 2
S 227047,228350 566,583 639,663 2
S 228047,226255 540,563 642,660 1
S 235403,231731 562,593 630,672 3
S 228288,231843 540,567 630,671 1
S 227817,235402 544,566 632,670 3
S 231113,227045 572,616 641,660 2
S 237290,228046 549,590 631,670 2
S 227542,227040 553,572 630,672 3
S 226454,227038 545,590 634,667 2
S 227050,231261 556,594 637,664 3
S 226189,231089 543,577 581,610 1
S 227810,231050 540,574 637,665 4
S 231115,231327 581,609 633,669 3
S 227806,227658 547,566 635,667 2