D 218892
C 9
S 218909,190663 540,552 646,668 2
S 211896,220256 573,615 645,668 3
S 211004,216963 558,592 643,670 3
S 216955,211601 558,581 582,589 3
S 218891,215730 540,551 561,600 2
S 220269,212503 546,589 649,665 5
S 217711,212106 540,562 583,607 3
S 217675,211707 540,572 647,666 5
S 215724,220125 563,600 642,672 3
S 211002,212492 555,594 595,619 2
S 212106,216925 576,613 648,665 1
S 218891,211883 540,554 572,613 4
S 215708,220667 560,604 638,675 5
S 217070,211607 553,585 586,593 5
S 211002,216963 552,597 648,666 1
S 215708,190819 572,593 643,671 2
S 217706,212498 540,573 645,668 2
S 239349,220153 540,558 559,581 3
S 217714,211942 540,563 567,611 5
S 217703,216942 542,562 563,588 5