D 41447
C 9
S 274240,51009 540,561 607,630 5
S 52152,56424 554,571 605,632 1
S 72888,74810 564,589 605,632 5
S 269969,50043 562,596 598,639 5
S 41195,72099 540,560 561,589 2
S 274248,74938 540,559 611,627 1
S 52069,49849 555,580 599,638 1
S 269969,52195 559,598 610,628 3
S 72993,72169 568,593 599,639 2
S 72098,74994 554,593 611,626 2
S 49844,74938 540,566 596,641 4
S 51113,75057 540,574 607,630 3
S 274240,75125 540,561 610,628 5
S 52066,75036 552,585 608,629 4
S 74800,50472 566,600 609,628 2
S 71981,74814 559,583 611,627 5
S 51684,272813 542,574 599,638 5
S 72106,49918 554,591 597,641 2
S 72931,74807 560,603 605,632 1
S 72991,74813 562,599 606,632 3