D 7971
C 9
S 4029,7986 552,571 572,591 3
S 4093,7974 550,576 577,587 2
S 7948,4149 540,557 558,572 1
S 3950,282851 543,571 572,579 5
S 3914,8003 547,565 566,581 5
S 7967,4061 540,553 554,582 3
S 4062,282851 543,581 582,584 2
S 4102,4148 540,558 559,574 3
S 4061,7986 545,578 579,593 2
S 4097,4061 540,560 561,574 3
S 7948,4146 540,559 560,579 1
S 4101,7973 540,556 557,594 3
S 282871,4137 540,562 563,572 3
S 7949,3924 540,564 565,576 4
S 4040,8064 541,559 560,596 3
S 8213,3928 540,563 564,568 3
S 4099,7991 540,555 560,577 4
S 7949,8065 540,552 555,593 1
S 7944,8207 540,565 566,582 3
S 6599,7978 540,556 557,597 4