D 30914
C 8
S 8293,12651 556,592 630,667 2
S 13108,5948 555,572 627,669 1
S 17869,283890 540,567 579,615 4
S 13180,12779 548,590 633,663 2
S 13391,283668 556,579 581,610 2
S 13450,283892 552,581 582,614 3
S 5937,17884 565,589 631,665 4
S 30937,6527 540,564 637,660 4
S 4808,5895 574,600 638,659 5
S 12954,5819 540,580 627,669 4
S 5881,5993 566,600 632,664 1
S 280883,13922 540,557 629,667 1
S 5870,5971 565,601 626,671 4
S 4733,17873 579,602 629,667 5
S 6533,5881 559,593 637,659 2
S 30918,4735 540,556 630,666 2
S 17691,5947 545,564 627,669 1
S 12981,5881 547,565 635,661 1
S 13212,4747 564,579 582,603 4
S 17870,281777 542,557 641,656 4