D 228920
C 8
S 235352,232049 559,599 600,636 2
S 227034,228510 544,578 603,626 4
S 227675,231176 540,572 573,584 1
S 227577,231994 542,564 600,629 2
S 230532,229019 557,573 596,634 2
S 229418,235402 540,565 566,581 4
S 229394,231327 540,569 594,636 4
S 232048,227564 561,583 598,631 3
S 228922,229061 540,556 596,634 2
S 237292,236884 545,570 602,628 4
S 226620,237289 551,569 593,637 3
S 227053,231735 541,585 597,632 4
S 229448,228539 540,569 595,634 3
S 229448,227600 540,565 597,632 3
S 231133,227565 559,599 600,629 3
S 227578,231997 540,567 568,585 3
S 227038,226260 543,579 594,635 1
S 231124,231995 556,601 602,631 5
S 231143,228502 558,598 599,634 3
S 226260,227039 542,567 604,625 2