D 17735
C 12
S 17950,17944 769,801 894,908 2
S 18069,17851 712,736 854,876 1
S 17640,17943 830,862 872,916 1
S 17951,17756 775,813 843,869 5
S 17692,17945 563,597 759,799 1
S 18084,17942 625,665 864,908 3
S 18053,17757 756,796 855,875 1
S 17934,17786 793,829 830,848 5
S 18026,18088 574,610 634,662 2
S 18057,18131 613,635 661,693 5
S 18121,18177 646,672 673,704 2
S 17729,18044 543,565 612,628 3
S 18178,18052 701,721 724,738 2
S 17728,18132 540,564 657,699 4
S 18054,17935 746,768 784,824 3
S 17852,17854 854,894 895,897 1
S 17783,17853 817,841 862,904 4
S 17952,17924 779,799 800,812 2
S 18179,17933 682,704 792,832 1
S 18027,17787 592,612 820,842 2
