D 18835
C 10
S 12573,13863 551,586 616,663 2
S 18183,5467 571,600 614,649 3
S 14778,20298 543,574 584,629 2
S 6393,12582 575,611 641,686 4
S 16112,13619 585,619 644,679 1
S 18526,1011 590,617 636,667 3
S 7367,17617 558,583 607,655 4
S 18013,16738 547,585 598,636 5
S 12021,17762 592,613 637,684 2
S 13931,3355 587,627 644,683 1
S 14736,8611 562,584 608,665 1
S 7764,6877 591,629 650,707 5
S 20735,14030 550,589 603,658 2
S 6781,1945 576,607 634,672 5
S 17654,5517 560,589 608,656 3
S 16856,3120 548,581 592,630 2
S 4348,8182 549,579 596,650 4
S 16038,4658 576,616 634,684 4
S 12293,14811 544,584 596,638 5
S 9116,12094 569,604 624,672 1
