D 2998
C 10
S 170,10103 568,599 617,650 2
S 2860,6142 567,601 628,675 5
S 13371,3385 541,563 584,631 1
S 19561,19598 590,620 642,672 3
S 13560,12708 589,611 638,696 2
S 18742,17076 550,582 597,631 3
S 9868,8796 571,595 607,642 4
S 9043,13800 559,594 606,647 3
S 8081,20483 571,610 639,675 4
S 3506,4441 559,579 601,641 5
S 12449,10799 568,598 621,677 5
S 4461,9846 560,599 615,660 3
S 5821,13051 560,589 619,664 5
S 7944,10680 564,592 614,655 1
S 18477,6548 577,614 629,680 5
S 881,15128 600,626 650,705 3
S 2266,13408 583,618 632,682 3
S 7931,8281 582,606 629,684 4
S 2423,14717 578,613 641,683 5
S 16601,13707 574,595 616,668 5
