D 17439
C 10
S 18077,13478 540,560 586,639 3
S 17556,9394 541,577 600,655 2
S 3506,3156 573,597 614,650 5
S 17250,8271 592,623 641,696 4
S 2589,12225 565,599 627,664 2
S 9829,2641 581,621 632,664 4
S 12427,12359 575,610 621,671 1
S 5615,2709 571,604 634,689 3
S 18542,3124 597,633 644,681 2
S 18573,15581 557,578 590,641 3
S 17795,18467 582,603 618,677 3
S 513,6789 577,601 623,682 1
S 9806,5323 576,603 631,687 4
S 17714,10870 564,588 600,646 3
S 1759,3201 567,594 606,646 5
S 20116,19517 565,595 605,655 3
S 14763,16077 554,585 612,672 4
S 14150,6086 583,621 643,675 5
S 9678,8075 585,607 619,657 2
S 12451,20773 549,581 601,642 1
