D 15662
C 10
S 22,10871 598,637 653,708 2
S 11165,5815 598,628 639,669 2
S 19223,4641 589,612 638,695 3
S 2376,12242 585,617 645,678 3
S 9888,10572 548,573 596,651 4
S 10396,5708 585,622 651,706 3
S 7315,19300 592,617 639,678 3
S 4172,5824 586,606 634,676 5
S 1061,5967 578,608 637,674 5
S 3411,16260 549,579 591,628 3
S 10469,5501 580,602 632,685 3
S 14635,373 556,582 599,651 1
S 11484,8410 590,613 623,654 4
S 14359,13751 550,583 608,666 4
S 11509,17894 564,587 612,667 5
S 7391,5329 568,590 601,640 1
S 10443,8556 600,623 635,675 2
S 12303,5272 586,608 635,695 1
S 11073,19467 579,614 624,667 2
S 19901,14227 550,571 584,624 2
