D 3747
C 11
S 351,1330 553,585 808,838 4
S 5830,5832 665,691 714,742 1
S 5828,1350 719,741 778,814 3
S 2032,1348 649,667 773,803 2
S 2052,5833 631,659 703,723 3
S 5833,1343 704,728 806,842 5
S 5886,1472 743,779 823,851 5
S 1398,1430 792,816 833,873 2
S 1425,1170 831,867 868,884 1
S 5833,2140 667,707 721,759 3
S 2058,2050 638,672 730,760 5
S 1462,1504 825,853 868,904 2
S 2113,1531 593,615 838,878 2
S 2052,1417 724,768 788,824 2
S 1378,1356 786,818 819,842 2
S 2105,1367 571,585 777,807 5
S 2044,5886 639,653 740,768 4
S 2042,1422 576,610 841,859 2
S 5887,1429 739,783 832,862 5
S 1271,1515 604,644 881,897 2
