D 4800
C 12
S 5006,5450 918,936 955,987 5
S 5560,5959 772,788 1005,1029 1
S 5060,5541 867,909 910,926 4
S 5340,5542 833,875 885,927 4
S 5006,5444 911,943 1002,1022 3
S 5097,5917 871,915 968,1010 2
S 4811,4791 702,746 775,809 3
S 5002,4997 897,933 934,946 3
S 5919,5989 1004,1048 1049,1058 3
S 5646,5005 767,809 883,915 5
S 5649,4986 707,725 918,944 5
S 4827,4988 715,739 905,937 5
S 5087,5919 872,906 1020,1040 2
S 5010,5444 918,936 988,1030 1
S 5651,4757 768,802 803,817 2
S 5566,5444 940,974 1018,1056 5
S 5919,5918 963,1001 1002,1007 5
S 4787,4751 706,738 783,825 4
S 5918,5446 979,999 1000,1034 2
S 5074,4987 880,902 911,953 5
