D 5349
C 8
S 5310,5129 692,734 792,822 5
S 5177,5120 761,799 800,805 3
S 5121,5143 769,805 806,823 4
S 5311,5552 583,597 746,790 5
S 5374,5044 673,695 819,849 5
S 5174,5547 724,746 830,874 4
S 5165,5174 766,794 844,880 1
S 5331,5238 583,605 712,740 3
S 5553,5077 814,846 847,865 2
S 5386,5100 672,698 790,816 3
S 5303,5044 623,663 767,781 2
S 5550,5548 758,794 837,865 3
S 5298,5157 564,604 840,878 4
S 5100,5046 801,827 828,851 1
S 5172,5059 755,773 774,788 4
S 5133,5096 786,812 833,855 5
S 5548,5138 740,778 796,820 2
S 5246,5708 716,730 846,866 1
S 5282,5046 693,737 738,761 1
S 5341,5251 659,679 857,877 4
