D 3428
C 11
S 956,3362 580,614 851,873 3
S 4675,3390 748,764 839,853 4
S 3394,3186 841,863 877,909 3
S 1809,997 702,720 930,964 4
S 1905,1033 695,739 929,957 1
S 973,1031 921,949 950,965 4
S 981,1011 919,939 940,956 1
S 3339,3150 873,887 888,899 3
S 1819,4674 684,724 738,760 3
S 1908,3341 752,784 863,895 2
S 3405,1023 824,858 897,941 4
S 4678,973 737,757 926,966 5
S 1816,3394 677,699 837,875 3
S 952,3383 580,616 851,885 5
S 1907,3419 652,692 787,831 5
S 3448,3409 706,734 822,842 2
S 3380,1006 863,877 924,942 4
S 4697,3415 745,785 827,843 3
S 3386,3188 730,746 877,911 1
S 1798,3391 782,802 835,877 5
