D 1021
C 8
S 841,5258 544,586 654,684 2
S 892,5461 551,571 773,789 1
S 5099,2578 634,650 690,710 2
S 2550,5948 683,707 804,822 1
S 5244,5012 742,772 850,870 1
S 5110,2540 640,660 718,752 2
S 5169,5245 610,648 748,768 3
S 5223,5276 654,670 812,852 3
S 1718,5292 565,595 660,680 1
S 5083,5987 601,633 651,695 2
S 5069,2580 596,638 778,796 2
S 5263,5208 811,849 850,866 3
S 2575,5307 780,800 810,828 5
S 2572,5549 711,749 827,843 2
S 5122,5431 642,660 860,874 5
S 1735,5245 570,600 745,771 1
S 5172,5124 605,641 642,666 1
S 2576,2611 701,723 762,790 4
S 926,5272 582,612 810,852 4
S 880,4987 584,624 835,877 5
