D 4433
C 12
S 4419,1981 604,638 726,750 2
S 2023,1822 777,793 838,878 4
S 4575,2007 696,734 771,797 5
S 4512,1892 562,588 826,860 1
S 4509,4647 563,581 788,808 5
S 4633,1898 797,825 826,860 4
S 3444,1890 810,826 827,857 2
S 1954,2023 717,753 779,797 5
S 4411,4570 579,595 689,729 1
S 4636,1892 776,798 823,867 2
S 4407,4458 568,600 670,702 2
S 1826,4637 742,764 767,811 1
S 4594,1826 676,716 745,761 1
S 4465,4701 641,663 668,694 5
S 1832,1883 818,834 835,853 1
S 4607,4647 626,648 789,807 1
S 4570,1892 702,716 839,861 4
S 4386,1889 585,615 756,788 4
S 4552,4652 695,717 760,800 3
S 4859,1833 721,757 805,845 2
