D 728
C 8
S 766,1318 584,620 853,873 3
S 1436,1483 628,650 651,688 3
S 1381,1332 721,741 831,857 2
S 2063,2070 738,780 789,809 1
S 1397,4341 702,720 800,824 4
S 1475,2108 659,685 765,793 4
S 1482,2041 636,664 779,795 2
S 4339,1353 803,821 836,876 3
S 1409,1313 835,871 872,874 5
S 2073,2034 732,774 813,833 2
S 5830,2029 802,818 819,845 4
S 5860,2066 657,701 797,815 1
S 745,1488 540,564 640,664 1
S 1321,2076 707,735 771,785 5
S 1529,1338 687,705 706,733 1
S 1412,1322 691,719 720,730 4
S 2029,1341 792,814 847,877 3
S 1485,2137 644,666 799,831 4
S 1506,1388 690,710 840,878 5
S 1399,2050 721,739 780,804 5
