D 4098
C 12
S 4042,2201 598,612 613,636 5
S 1131,2248 713,743 771,805 1
S 2176,3616 552,594 875,909 1
S 1100,4295 710,752 753,763 5
S 5909,502 715,759 832,862 5
S 517,570 815,831 843,875 4
S 2173,3647 671,709 876,892 2
S 3645,3645 857,901 902,919 5
S 2177,4299 559,585 745,767 3
S 5910,572 730,744 893,911 4
S 4003,4013 577,611 612,630 2
S 2151,3619 779,817 876,908 4
S 5879,2196 735,751 761,777 2
S 570,3633 841,881 882,905 3
S 531,707 641,683 725,761 2
S 1102,564 720,742 826,840 1
S 587,3655 852,872 875,891 3
S 5906,3638 737,763 861,903 3
S 2170,2184 559,583 779,805 1
S 2181,3661 578,592 865,889 5
