D 323
C 8
S 181,4907 688,714 732,762 2
S 3760,4909 572,608 778,822 5
S 4913,4929 795,823 824,828 2
S 4924,4910 695,737 738,752 2
S 4907,5783 718,744 829,867 1
S 3739,3734 568,606 640,670 1
S 3694,3747 548,574 655,673 1
S 3755,4912 576,612 746,786 3
S 282,4910 540,562 783,809 5
S 3723,4910 557,585 732,756 1
S 178,3790 687,721 755,789 2
S 3732,4909 589,619 738,756 2
S 4903,4925 721,737 758,798 5
S 4905,4928 747,773 810,850 5
S 3775,4910 635,663 737,767 5
S 4907,4916 786,812 813,833 2
S 4910,4927 736,780 800,836 3
S 3788,4932 834,866 867,874 4
S 4920,3799 793,831 857,885 3
S 4910,4926 733,759 797,835 5
