D 5598
C 8
S 1703,5552 586,620 811,845 3
S 5456,5177 637,665 722,752 4
S 5058,5143 540,551 740,770 3
S 5261,5128 776,792 836,864 3
S 734,5264 621,643 774,794 1
S 5118,5103 693,719 837,853 2
S 5100,5207 740,758 850,894 1
S 719,852 591,631 632,641 5
S 5133,5198 849,867 868,890 4
S 5301,5554 784,804 805,847 5
S 5266,5246 774,800 801,816 4
S 5459,5198 630,664 857,889 5
S 5551,5122 808,850 851,869 3
S 5157,5108 826,848 850,878 3
S 5261,5093 775,793 812,852 1
S 5255,5198 758,792 854,890 4
S 5179,5272 704,738 792,814 3
S 5139,918 854,882 883,889 2
S 5248,5153 777,793 811,827 4
S 5120,5192 819,859 860,894 4
