D 5143
C 9
S 5556,821 546,590 732,750 2
S 1478,766 641,663 751,785 3
S 1596,1747 791,825 826,838 4
S 1625,1751 803,817 820,838 2
S 1572,1746 807,821 822,846 4
S 794,1595 730,754 789,811 3
S 2519,754 684,728 732,762 5
S 1405,1690 661,683 774,796 2
S 741,1589 738,754 788,816 4
S 716,1752 752,776 810,848 3
S 933,1759 550,570 816,836 2
S 1481,1763 632,670 816,836 2
S 804,2626 678,694 727,751 5
S 1580,1593 810,826 827,854 3
S 931,1522 540,558 617,633 5
S 1760,1622 822,838 839,851 2
S 1589,1769 795,829 830,832 3
S 2704,1760 703,733 816,840 1
S 2536,1482 590,604 644,664 3
S 1622,1602 788,822 833,849 2
