D 5076
C 12
S 5002,5065 834,860 861,867 5
S 5033,5039 831,847 848,877 3
S 2667,5700 711,733 811,853 4
S 5179,5113 544,574 788,828 2
S 5673,722 552,574 628,658 3
S 5123,5170 600,630 665,679 5
S 5105,5108 796,812 816,836 1
S 2666,5145 706,732 787,815 1
S 2679,5178 699,723 777,819 2
S 5194,5030 772,814 820,858 5
S 5186,5030 659,693 815,859 5
S 2617,5030 727,743 831,849 1
S 5164,5713 657,689 846,872 1
S 866,5181 611,635 652,666 3
S 2542,5173 684,718 791,805 5
S 85,5022 732,762 861,885 5
S 5132,5016 807,839 840,860 1
S 2597,5037 722,750 821,855 4
S 2579,5033 669,705 821,855 4
S 5116,4995 804,824 851,891 5
