D 5321
C 9
S 5289,5450 548,582 600,636 3
S 5381,5183 624,666 881,917 5
S 5613,5163 863,891 893,927 1
S 5607,5703 843,887 931,947 5
S 5049,931 854,880 898,934 4
S 5418,5422 626,648 705,719 1
S 5441,5334 646,678 735,757 3
S 5325,5442 540,576 577,591 5
S 5655,918 793,807 887,907 2
S 5665,933 872,896 903,929 5
S 5034,918 838,860 899,939 4
S 5354,5125 714,730 921,949 1
S 943,5214 878,906 918,962 5
S 4999,920 835,849 907,923 5
S 5319,5047 540,550 820,842 4
S 5318,5653 540,567 797,841 1
S 5318,928 540,556 911,927 2
S 5289,5443 546,576 702,718 1
S 5654,5134 799,827 944,984 3
S 5607,5156 854,872 913,931 5
