D 5417
C 9
S 5261,5324 566,600 621,647 5
S 5266,5246 573,607 662,688 1
S 5130,5130 669,703 704,713 4
S 5268,5259 550,566 658,684 2
S 5266,5123 544,574 704,738 2
S 5125,739 688,728 729,738 4
S 5331,5289 610,648 649,659 3
S 5261,5319 565,601 626,642 5
S 5254,5231 573,593 594,618 3
S 5311,5264 626,664 665,675 1
S 5149,819 684,726 727,737 4
S 5271,5311 575,597 601,635 4
S 5257,5246 638,666 667,693 2
S 5248,5235 573,603 651,671 2
S 5262,5315 586,604 619,651 1
S 5264,5259 637,669 670,682 1
S 5315,5270 609,637 658,684 5
S 5109,1783 709,731 733,753 5
S 5324,5231 622,642 643,658 5
S 5257,5155 562,602 689,723 2
