D 2379
C 10
S 2345,2176 727,767 879,911 2
S 3579,5748 753,791 798,842 5
S 2337,2159 605,621 898,936 5
S 2269,5742 664,678 823,839 4
S 3976,3658 694,734 768,798 4
S 2286,2269 652,670 683,711 4
S 3982,2292 611,625 685,705 5
S 2179,1108 900,936 937,946 2
S 2285,503 680,712 850,870 1
S 3676,2196 810,838 863,905 1
S 5745,2179 806,838 900,940 2
S 5757,513 792,816 839,883 4
S 3573,2207 756,780 903,941 4
S 3676,5732 779,797 826,864 2
S 2285,2176 674,702 884,902 4
S 2148,2147 885,915 916,926 2
S 2152,5993 883,917 918,957 5
S 2278,5756 659,677 784,826 2
S 2267,2352 645,667 708,748 2
S 2270,2352 692,708 711,741 4
