D 2158
C 10
S 4026,4002 616,644 786,812 3
S 4014,3616 600,636 827,845 4
S 2240,5763 599,629 793,819 5
S 4028,4016 618,656 661,697 1
S 4013,4054 609,631 632,658 4
S 4073,2240 693,723 767,801 3
S 4093,3611 647,665 802,828 2
S 2199,3614 585,607 816,860 1
S 3616,3647 806,842 843,859 1
S 2147,4051 572,586 648,688 2
S 2180,3619 755,799 818,850 1
S 4010,3614 771,805 806,847 4
S 4014,3622 604,640 806,842 1
S 2181,4046 597,619 695,725 5
S 4053,4010 630,650 774,800 4
S 2227,2163 570,602 603,616 5
S 4007,3620 675,693 812,846 1
S 2207,4109 540,573 702,738 2
S 2152,2202 551,575 580,602 2
S 2252,3618 772,794 797,841 5
