D 92
C 8
S 2507,4984 546,576 808,842 2
S 5404,742 612,646 754,768 4
S 5234,5297 669,693 711,735 3
S 5275,5307 713,731 732,758 2
S 5948,4985 719,741 797,831 2
S 5346,5380 911,951 952,961 4
S 5093,5439 671,713 876,906 2
S 5361,5341 900,914 915,932 3
S 5107,5151 775,803 804,809 1
S 5234,5265 665,701 702,741 4
S 4986,5428 816,836 837,859 2
S 5177,5004 786,818 819,830 4
S 5551,5459 675,711 741,761 4
S 5378,5447 858,878 881,917 3
S 5403,5351 866,910 911,930 4
S 5343,5354 901,935 936,951 2
S 102,5439 592,612 872,888 4
S 5288,5013 701,743 801,823 1
S 5408,739 607,639 765,785 3
S 730,4990 752,786 801,833 4
