D 2026
C 9
S 1944,4470 617,631 787,803 3
S 1962,1940 540,572 617,639 4
S 2009,4630 725,753 794,830 5
S 4608,4585 810,830 831,845 2
S 1946,4684 608,628 718,742 4
S 4591,1912 809,849 850,857 5
S 4426,4661 639,667 725,759 5
S 4567,4859 574,598 725,747 1
S 2008,4618 745,777 797,837 1
S 1989,4627 545,563 799,827 4
S 4492,4586 673,701 819,839 3
S 4622,4620 760,786 787,798 1
S 1919,4596 586,628 763,789 2
S 4540,4590 560,590 818,838 5
S 1964,4590 747,767 782,818 5
S 4596,4603 758,780 805,847 4
S 4623,4606 764,806 807,815 3
S 2006,4613 540,566 774,790 4
S 1972,4533 540,577 578,589 1
S 4710,4472 774,814 815,830 1
