D 214283
C 8
S 227901,221042 540,577 659,684 1
S 228590,221638 544,583 650,694 1
S 233349,212642 594,621 656,688 1
S 228064,230450 540,572 573,588 2
S 228642,220276 543,579 660,683 3
S 228284,229928 543,569 570,591 4
S 216311,233343 540,573 589,628 2
S 214375,229909 540,554 555,591 5
S 228581,234404 547,584 592,618 2
S 228956,220249 552,574 664,680 4
S 231946,234401 571,599 600,621 3
S 234874,230866 576,594 655,689 5
S 229886,211607 549,590 654,690 1
S 230447,220266 567,589 658,686 2
S 227915,234415 540,568 590,618 2
S 228056,211951 540,570 656,688 4
S 231953,233349 577,597 598,618 4
S 216018,221775 540,568 658,685 5
S 227898,229813 540,573 574,589 1
S 232913,220277 568,612 664,680 2
S 235828,233342 558,591 592,625 3
S 228282,212560 542,571 652,691 4
S 227900,211005 540,572 656,688 1
S 232866,211968 576,615 650,693 2
S 232877,214287 579,609 650,693 3
S 232383,233299 582,616 655,689 3
S 230442,234377 561,597 598,627 3
S 232382,222468 577,621 655,688 4
S 232427,212589 584,610 655,689 5
S 232614,211600 574,603 655,689 1
S 232388,222527 579,618 662,681 3
S 228275,211602 542,574 654,690 4
S 230447,220538 565,592 659,684 4
S 229930,232389 555,588 589,613 4
S 234410,230869 589,619 650,693 3
S 233001,233367 572,615 616,618 2
S 228968,211977 548,579 664,680 5
S 228958,234409 541,585 597,612 4
S 232627,233286 575,603 650,693 2
S 232380,220994 581,619 656,687 5
S 233001,212000 582,605 653,690 2
S 232625,212573 578,600 649,694 3
S 212660,229945 540,562 563,589 1
S 228279,211950 546,568 664,680 2
S 230441,211986 563,594 664,679 1
S 232911,221718 574,608 656,687 2
S 234417,216929 588,618 650,694 5
S 228064,232386 544,567 589,607 5
S 228064,222233 540,576 661,683 2
S 228604,234401 551,575 597,614 1
S 227898,222541 540,577 661,683 3
S 229992,232628 559,589 590,610 4
S 228644,222546 543,580 659,685 3
S 216295,211971 540,571 663,680 5
S 228278,216932 540,579 660,684 5
S 229989,231946 559,588 589,603 5
S 232341,211987 586,619 654,689 2
S 230006,216074 568,584 659,684 1
S 232779,222528 587,615 652,692 4
S 234411,215709 585,623 662,681 1
S 229886,222491 547,592 650,693 4
S 232777,211988 581,622 663,680 3
S 239673,230504 540,569 570,598 2
S 232878,210989 582,606 653,690 3
S 232380,221775 592,607 651,693 3
S 214311,233001 540,554 572,615 2
S 230504,232380 561,605 606,621 3
S 216090,230442 540,557 558,600 3
S 229860,230439 561,578 579,594 4
S 232778,233367 591,613 662,682 5
S 234866,232386 563,604 605,612 4
S 230503,216954 561,605 655,689 2
S 229945,211602 564,583 651,693 3
S 214372,211940 540,556 656,687 3
S 229048,212652 545,589 650,693 1
S 233315,221639 593,622 652,692 2
S 216255,211980 540,565 661,683 2
S 229923,232356 559,582 591,610 5
S 230453,233314 567,587 592,622 1
S 231951,211952 572,602 655,688 1