D 284588
C 9
S 7091,1334 568,601 602,624 2
S 8015,6850 542,579 591,629 3
S 12656,1353 551,584 599,621 1
S 7727,13351 540,564 565,594 2
S 7171,1260 564,602 603,626 1
S 2586,284502 540,553 589,630 1
S 8059,2666 550,576 596,623 4
S 12743,6851 559,589 602,618 2
S 2468,7665 540,558 559,568 1
S 2616,8073 540,570 571,573 5
S 6977,8019 540,569 570,579 1
S 1352,6851 540,555 595,625 1
S 12659,284494 553,580 599,621 3
S 7665,7430 545,566 567,597 1
S 7670,284500 540,573 595,625 1
S 13489,6733 555,587 588,607 5
S 284509,2467 574,603 604,617 2
S 2578,284495 540,561 592,628 4
S 6733,284505 565,610 611,619 3
S 283048,1325 576,597 602,618 3
S 2615,7387 540,566 567,602 4
S 7957,284488 569,588 601,618 1
S 7987,2665 570,586 588,632 2
S 2700,1319 572,603 604,631 3
S 7958,1258 569,588 602,617 3
S 12760,1352 557,579 596,623 3
S 284895,1352 540,559 598,621 1
S 7767,12655 540,570 571,584 3
S 7660,12656 540,576 577,584 3
S 6747,1258 576,595 596,631 4
S 6978,1338 540,560 592,628 1
S 6733,1311 574,600 601,628 1
S 12744,283048 557,590 591,598 2
S 7735,13108 540,563 564,584 3
S 2696,284500 571,602 603,619 4
S 13107,1320 561,581 589,630 1
S 7658,8192 540,575 576,596 5
S 281745,7092 553,591 592,600 3
S 12533,2464 565,587 601,618 2
S 6978,12658 540,564 565,593 3
S 7849,1315 541,577 599,620 3
S 12743,284495 566,582 591,629 1
S 1351,1319 540,561 596,624 5
S 12661,7125 552,580 581,599 3
S 7092,1354 568,602 603,630 1
S 7985,1314 570,585 593,627 5
S 13349,284502 555,591 593,626 4
S 7726,12658 540,564 567,583 3
S 7643,7175 540,581 582,595 4
S 13348,284498 553,588 592,628 4
S 2568,7387 540,561 572,589 3
S 8074,8192 549,579 580,596 3
S 6733,6851 566,608 609,617 2
S 284586,7736 540,549 550,568 5
S 1354,13347 540,558 559,588 3
S 7783,7172 543,566 574,593 3
S 8014,12744 543,580 581,591 5
S 12661,7388 551,580 581,602 3
S 7726,12656 540,567 568,584 2
S 12719,6850 549,588 592,628 2
S 282858,7092 551,571 577,594 5
S 7388,284507 564,598 599,623 4
S 8195,284488 565,589 590,632 5
S 2587,13490 540,561 562,589 3
S 7909,6848 565,594 598,621 1
S 12744,2665 554,594 595,626 4
S 281760,1321 561,577 589,631 1
S 7838,1245 550,567 596,624 1
S 7646,284494 540,578 589,630 1
S 1354,1353 540,552 592,627 4
S 7175,284488 567,598 599,625 3
S 7910,284502 565,593 600,620 3
S 2578,8192 540,552 557,595 1
S 2701,1354 566,608 609,632 5
S 7764,284500 540,573 593,627 2
S 284586,13349 540,555 564,582 4
S 13493,6849 554,590 595,624 5
S 7909,2664 564,596 597,631 1
S 7837,7957 541,575 576,600 1
S 8197,1354 565,590 591,630 4