D 17414
C 12
S 6998,13980 551,583 606,638 1
S 14583,7029 550,567 612,631 2
S 14806,3237 543,569 610,634 4
S 30834,6998 540,561 599,644 3
S 14599,6784 552,567 568,592 4
S 14861,3287 540,563 574,597 3
S 17416,2696 540,553 600,643 5
S 14582,6784 542,576 610,634 1
S 14581,3602 550,567 578,593 3
S 17427,6664 540,563 604,640 1
S 30827,6638 540,563 606,638 4
S 7738,6773 551,575 576,590 5
S 6641,281468 560,605 609,635 2
S 7495,14741 546,590 601,642 1
S 17445,2692 540,569 609,635 5
S 6668,3214 564,596 607,636 1
S 6773,14743 557,590 613,631 4
S 6641,6664 560,605 606,641 2
S 7025,6665 552,588 589,600 4
S 7722,281475 553,576 612,631 3
S 6665,14758 565,596 606,638 4
S 6668,14758 570,590 613,631 3
S 3218,7730 558,598 607,637 4
S 3241,14740 561,599 604,639 3
S 14886,3608 540,570 571,608 4
S 7682,3614 547,584 585,599 4
S 281473,7024 540,570 606,638 4
S 7494,7733 554,583 601,643 4
S 13981,281472 550,572 604,639 5
S 281466,7000 540,570 603,640 5
S 14599,3614 540,582 583,594 5
S 281468,14597 540,568 609,635 5
S 14761,14761 545,568 599,644 1
S 281473,7495 540,573 574,587 2
S 281472,3606 542,566 567,604 2
S 3605,7001 576,595 600,643 3
S 7029,7741 562,580 605,639 3
S 14640,3607 543,573 607,637 1
S 2695,6996 566,583 609,635 1
S 17434,7031 540,564 565,584 3
S 3613,17394 570,599 608,635 4
S 14639,7031 545,571 572,582 4
S 17446,6637 541,558 604,639 3
S 3625,14746 575,592 612,631 3
S 17415,6642 540,548 561,603 3
S 2697,3224 565,586 608,635 4
S 282993,7257 555,585 609,635 5
S 6642,6774 570,594 613,630 5
S 14582,7028 540,581 599,644 2
S 7001,3218 560,576 612,631 3
S 283048,13983 556,596 612,632 3
S 7495,7681 553,583 600,644 4
S 6995,3616 547,584 607,636 2
S 7721,3634 545,584 585,594 2
S 17415,3237 540,554 563,597 1
S 7739,7682 547,578 605,638 4
S 17444,7027 540,561 603,640 1
S 14742,6995 545,560 606,637 1
S 17435,3214 540,563 609,635 2
S 14581,6784 540,581 582,593 4
S 7028,3618 557,584 600,643 1
S 3216,7494 568,588 605,639 1
S 30825,7256 540,565 566,598 2
S 281466,3626 540,576 577,597 4
S 6668,3222 571,589 612,631 5
S 3222,7495 570,588 603,641 5
S 7256,6640 572,592 600,644 1
S 14641,6724 543,573 607,637 4
S 14754,6737 548,564 599,644 2
S 6784,7496 559,585 612,632 4
S 6666,3216 572,590 614,629 5
S 6735,6637 561,592 606,637 4
S 17433,3602 540,555 568,604 4
S 7731,14886 546,583 613,631 3
S 14599,3599 541,578 579,602 1
S 283048,14742 554,598 601,643 3
S 3600,3222 567,603 605,638 4
S 3603,13981 566,605 609,634 1
S 3241,14641 568,592 612,632 5
S 282993,17397 551,590 612,632 1