D 40025
C 8
S 26269,29183 577,599 629,660 4
S 28286,39334 560,585 636,652 3
S 28370,37403 556,577 635,654 1
S 39297,28277 540,562 630,658 4
S 29131,28280 542,580 581,583 5
S 28339,26419 552,584 585,605 3
S 25211,28277 576,607 626,663 5
S 28372,39377 546,586 635,653 3
S 28104,25279 560,594 595,600 2
S 276701,25283 540,553 581,599 2
S 24929,39381 578,607 631,658 4
S 28306,39365 547,592 622,666 2
S 29796,28241 540,574 575,588 2
S 28110,39376 570,587 623,666 5
S 28276,28277 556,586 630,658 5
S 29795,39332 541,569 630,659 2
S 40026,37282 540,550 626,662 5
S 28227,28278 563,588 629,659 4
S 36933,28368 540,566 567,581 3
S 27979,28339 573,588 625,664 2
S 36862,28279 543,563 635,653 3
S 28226,29153 562,589 627,661 2
S 28273,28372 556,584 623,665 4
S 39288,28289 540,558 559,593 1
S 39366,28339 540,565 566,582 5
S 279119,39265 567,590 635,653 1
S 39366,28229 540,564 565,590 4
S 28307,26388 554,585 622,666 5
S 28299,29751 556,584 634,655 4
S 28338,28033 555,581 582,596 1
S 39383,26390 540,550 630,659 1
S 39260,28100 540,565 625,663 3
S 28108,37065 560,596 626,663 3
S 28348,28307 553,585 626,662 4
S 28373,29579 544,589 626,662 3
S 29143,29750 541,583 625,664 1
S 39366,26322 540,558 576,596 2
S 29765,28025 543,575 576,593 3
S 39365,39317 540,559 636,653 4
S 39261,39368 540,562 628,661 3
S 29141,40023 545,579 637,652 3
S 39307,28367 540,570 571,575 1
S 28307,279120 549,590 625,663 1
S 29144,28104 547,578 634,654 1
S 29782,26316 547,567 572,602 1
S 29182,29599 553,578 634,655 4
S 26323,28271 573,600 630,659 1
S 28279,26387 555,591 630,659 4
S 36942,28348 540,570 636,652 4
S 36924,28238 540,568 633,655 1
S 24928,26418 573,614 623,666 5
S 28024,37314 568,593 625,664 3
S 26386,28102 571,600 625,664 1
S 24721,26270 583,605 626,663 2
S 25284,26422 571,609 625,664 2
S 29765,25282 542,575 581,600 5
S 36864,25280 540,569 578,601 5
S 40092,37062 540,556 632,657 5
S 39329,26323 540,559 629,659 2
S 29768,28348 548,569 629,659 1
S 24988,28109 575,609 626,662 1
S 29785,27978 540,578 633,655 5
S 29150,28227 541,586 632,656 5
S 39382,279665 540,555 583,605 2
S 29789,28229 540,572 626,663 3
S 26389,37061 575,594 631,657 2
S 279665,24720 582,606 623,665 3
S 29780,28227 540,577 635,653 5
S 28279,28349 562,584 631,658 4
S 28232,26386 566,585 586,601 4
S 29144,29183 546,580 623,665 4
S 24929,26322 576,610 629,660 3
S 26382,39320 564,609 625,664 5
S 29765,25285 540,581 583,599 5
S 26387,37062 575,596 632,656 5
S 28026,29145 572,589 635,653 5
S 29127,28099 540,579 580,599 4
S 26388,28280 569,600 622,666 3
S 28285,28298 555,590 632,656 3
S 26418,37066 568,598 632,657 4