D 48249
C 10
S 73982,73371 546,579 640,670 4
S 80682,270074 561,597 634,676 3
S 79550,80790 565,582 647,664 4
S 62242,79659 540,563 633,678 2
S 73931,81009 541,583 644,667 4
S 81867,80790 590,607 644,666 3
S 123940,80801 592,611 640,670 4
S 85371,81871 569,604 605,616 4
S 56567,85652 540,554 565,581 5
S 85653,74022 553,591 647,663 1
S 85269,79454 575,620 640,671 5
S 74315,73890 557,580 634,676 3
S 48221,81687 540,563 565,606 3
S 123473,269899 574,607 641,669 5
S 73981,79551 541,583 637,674 5
S 80681,123365 561,596 597,603 5
S 80979,71005 568,596 640,670 4
S 71582,85271 540,571 579,614 4
S 56574,80723 540,562 644,667 1
S 61940,74262 540,568 569,580 1
S 270152,80512 548,569 644,666 4
S 74001,73887 543,584 637,673 3
S 74315,85659 556,581 640,671 1
S 56566,74303 540,557 558,588 3
S 123959,80415 573,614 633,678 4
S 79618,85267 568,584 585,614 5
S 123396,80267 567,609 638,673 3
S 56567,85647 540,553 564,582 3
S 48223,71380 540,553 554,578 2
S 123405,81894 566,609 634,677 2
S 270077,79460 540,575 576,589 2
S 74476,74261 556,574 640,671 4
S 123398,80130 566,610 637,674 5
S 123465,71372 571,609 639,672 2
S 85274,73487 581,617 634,676 2
S 71400,80393 550,565 637,673 5
S 48227,270077 540,558 640,670 1
S 85264,85659 584,613 641,670 5
S 48232,73344 540,562 563,582 3
S 79644,80516 560,591 637,674 1
S 85270,80996 585,609 644,667 2
S 62265,73934 541,560 561,571 5
S 74183,80512 556,583 641,670 1
S 81879,80418 587,629 641,670 4
S 85647,74156 562,584 640,671 5
S 62273,80243 540,564 644,667 2
S 81472,71390 567,602 643,667 2
S 74476,74176 555,575 645,665 4
S 123940,74024 594,609 634,676 5
S 123937,80716 586,613 640,670 5
S 73936,85659 551,571 637,673 2
S 79617,81009 567,584 639,671 2
S 123442,85660 579,599 641,670 5
S 123395,269034 576,602 638,672 5
S 73930,80228 547,576 641,669 2
S 79551,61931 565,582 641,669 2
S 74485,85275 555,576 585,613 5
S 268751,73878 573,589 642,669 3
S 79550,80282 561,586 635,676 3
S 71360,62026 540,570 647,663 3
S 74387,81375 551,580 581,598 4
S 79617,269903 555,596 642,668 4
S 81391,123932 567,598 599,608 2
S 48216,74260 540,558 559,585 5
S 85265,74175 591,606 640,670 1
S 62233,73476 540,567 646,665 2
S 62267,79460 542,560 561,592 5
S 71668,80385 540,571 646,664 2
S 123471,80499 574,607 638,673 2
S 123565,73879 584,601 644,666 3
S 85266,80500 590,606 640,671 1
S 123366,62259 576,606 643,667 5
S 123938,73448 584,616 643,668 3
S 123368,71399 568,613 644,667 1
S 79668,81721 552,597 598,606 1
S 79461,80992 559,584 636,675 4
S 73985,71588 542,582 636,675 3
S 123941,80375 584,618 641,669 5
S 71385,85273 545,567 580,611 1
S 123564,85657 581,603 646,664 4