D 185902
C 8
S 146198,173868 555,576 617,653 1
S 175533,147064 540,553 554,579 2
S 111406,173865 572,598 620,650 3
S 113198,256132 565,583 620,649 4
S 111448,173755 563,605 614,656 3
S 147052,112926 544,574 619,650 3
S 111688,262613 558,600 626,643 5
S 113655,262615 560,580 620,649 1
S 146193,175532 552,579 624,646 2
S 110922,112995 564,609 622,647 1
S 146982,113196 549,569 570,586 5
S 111992,173868 562,590 616,654 1
S 111599,185903 570,592 612,657 2
S 186013,110922 540,555 574,600 4
S 113193,263077 565,582 583,611 4
S 175150,175150 541,557 626,643 2
S 262453,110921 553,597 598,602 3
S 111484,175533 565,601 614,656 5
S 175529,147511 540,560 624,646 1
S 262454,147509 561,590 624,646 4
S 146957,113177 553,569 624,646 4
S 145544,145493 544,588 622,647 1
S 146751,175152 544,582 624,645 3
S 263077,147165 580,597 618,651 1
S 111602,173881 573,588 613,657 4
S 113381,147550 563,582 612,657 5
S 111451,146652 571,596 621,649 3
S 146193,112263 557,574 618,651 1
S 146983,112263 542,577 625,644 2
S 262458,112894 561,589 615,654 1
S 113185,111478 554,589 590,604 3
S 175201,113194 540,565 566,588 3
S 112008,147164 560,596 621,649 5
S 173862,262454 540,568 569,593 4
S 111470,112988 563,602 620,649 1
S 185990,145504 540,554 555,588 2
S 113198,146738 554,594 620,649 4
S 146752,262617 555,571 613,657 1
S 175532,146964 540,558 559,573 3
S 186016,145468 540,554 555,591 1
S 147094,185993 540,580 623,646 2
S 262458,145496 554,596 618,651 1
S 147165,173881 540,573 624,646 5
S 173876,113443 540,567 568,586 1
S 147051,256111 549,569 617,652 1
S 111517,112263 567,598 614,655 5
S 175530,147051 540,566 567,569 2
S 147052,111484 540,581 582,598 4
S 113195,173768 563,584 627,643 2
S 147064,110913 546,570 571,608 3
S 145532,111398 554,582 583,603 2
S 173868,113652 540,569 570,586 2
S 173768,147164 540,556 557,571 1
S 111619,112263 571,587 619,650 1
S 112007,112641 563,593 624,646 1
S 146198,112591 556,576 622,647 3
S 111691,112896 567,590 625,645 1
S 173860,110966 540,559 565,609 4
S 175160,110921 540,563 576,597 3
S 175533,147550 540,551 627,643 5
S 146195,111451 550,581 582,605 5
S 147516,146652 541,568 617,652 2
S 175529,146966 540,562 563,570 4
S 146983,147550 542,576 613,657 2
S 186016,113652 540,562 563,592 5
S 113193,110921 554,593 619,650 3
S 111618,175133 561,599 626,643 3
S 146750,173767 554,572 618,652 3
S 186013,111688 540,552 561,598 1
S 173881,263073 545,560 619,651 1
S 110974,112929 581,596 619,651 1
S 110971,146845 565,610 627,642 1
S 111397,146537 570,599 625,645 5
S 185903,173866 540,554 621,649 4
S 113443,110971 555,587 588,606 5
S 113197,185994 566,582 627,643 5
S 146192,111516 543,586 587,605 3
S 111397,112578 572,597 620,649 4
S 146966,113177 540,579 627,643 2
S 146944,175143 544,579 624,645 5