D 261307
C 9
S 184176,166699 562,585 599,625 4
S 139060,141375 540,566 597,628 1
S 183988,180563 560,586 605,620 3
S 131678,194427 540,560 563,587 5
S 194681,248240 560,594 604,621 4
S 177757,170786 545,584 596,629 4
S 166702,184177 540,579 580,587 4
S 149847,194682 540,566 600,625 1
S 154372,170884 540,571 572,580 5
S 131677,194680 540,565 566,598 2
S 191163,155383 560,591 597,627 5
S 180400,164199 559,575 597,628 3
S 141444,183823 540,572 573,582 1
S 121203,169784 540,563 564,574 1
S 121247,140640 540,561 592,632 2
S 121205,149883 540,560 601,624 1
S 180324,132119 549,584 591,633 4
S 170833,128884 551,575 591,633 1
S 131678,181729 540,560 601,624 5
S 131755,180367 540,559 601,623 4
S 121092,155327 540,551 552,577 1
S 261342,168035 540,560 561,575 1
S 181729,140727 556,583 596,628 4
S 141447,191163 540,567 568,585 3
S 166702,170767 544,571 596,629 4
S 183743,132119 561,580 591,633 4
S 139061,180314 540,567 568,585 4
S 131677,183822 540,557 600,625 3
S 154371,167192 540,569 594,631 1
S 155326,261336 540,571 602,623 2
S 194680,181726 557,597 598,634 3
S 248240,177761 556,593 594,633 3
S 169806,169823 545,577 597,628 5
S 191163,170797 554,596 597,631 2
S 183823,180560 562,580 604,620 4
S 121205,121223 540,554 591,634 4
S 181816,180566 557,583 603,621 1
S 167180,167178 548,569 601,624 2
S 180314,184045 558,575 602,623 1
S 170830,149900 555,572 604,621 5
S 141410,166701 540,559 603,621 3
S 248239,194685 561,588 591,633 4
S 140610,194451 540,566 599,625 3
S 191166,121090 559,590 602,623 4
S 131677,194704 540,555 565,590 2
S 170836,177758 546,581 603,621 1
S 139060,169784 540,563 564,575 3
S 177757,169791 544,585 600,624 5
S 140656,183947 540,558 601,624 4
S 180559,155154 552,584 592,633 1
S 121249,167194 540,560 596,628 2
S 177748,154370 559,574 590,635 2
S 191113,183740 564,584 600,624 3
S 154293,166700 540,571 598,627 4
S 194705,167177 566,590 594,631 1
S 168035,183947 545,574 595,630 4
S 177759,140671 544,586 600,624 4
S 194436,166701 558,594 597,628 2
S 261344,252879 540,563 602,622 3
S 141528,140539 540,570 605,620 1
S 154388,121224 540,568 591,633 1
S 140609,166700 540,556 557,571 1
S 166700,191165 540,576 577,589 4
S 154372,169795 542,563 599,625 5
S 132057,167198 540,566 591,634 5
S 140670,191113 540,564 565,586 2
S 194427,184044 562,588 597,627 3
S 261315,132120 540,553 599,626 2
S 180366,132064 545,590 599,626 3
S 141409,177757 540,562 604,620 2
S 141528,170797 540,566 605,620 2
S 155381,180315 540,570 598,626 4
S 121209,177761 540,555 603,621 1
S 191164,139062 561,590 591,634 4
S 141378,140640 540,558 603,621 5
S 250723,155155 544,588 593,631 1
S 155317,169790 545,563 597,628 4
S 170811,194435 548,578 600,624 1
S 170811,149845 550,576 591,634 3
S 261344,170773 540,561 562,570 4