D 34567
C 11
S 34560,63832 540,552 638,676 5
S 34556,60486 540,560 561,568 5
S 60491,127570 540,570 578,595 1
S 69978,66569 558,582 641,674 4
S 34560,67500 540,552 648,667 3
S 69805,67782 558,575 647,667 1
S 63091,60044 547,575 644,671 1
S 123468,124477 568,591 592,605 4
S 63042,124516 540,576 586,617 1
S 124516,84979 584,619 635,680 1
S 34488,81775 540,553 560,593 4
S 80366,66571 560,585 645,669 1
S 60482,66566 540,579 647,667 4
S 63041,124142 540,578 579,601 2
S 63691,123352 550,577 578,594 5
S 35812,63648 540,560 561,579 1
S 123475,67757 563,599 643,671 3
S 63554,34415 549,580 641,673 5
S 151717,60053 586,621 643,672 1
S 124146,260410 568,600 646,669 4
S 63069,82197 550,569 646,668 3
S 124167,35546 572,598 640,674 5
S 124337,34455 578,602 641,674 5
S 124465,67850 573,609 641,674 5
S 81657,67499 565,588 642,672 5
S 60488,124518 541,572 580,623 5
S 57239,67048 540,567 648,666 2
S 69984,260408 555,587 649,666 1
S 255474,60045 587,607 646,668 5
S 63092,80363 540,582 583,588 2
S 124337,35552 576,605 648,666 1
S 57206,60022 540,563 640,675 5
S 123467,67782 560,600 644,671 2
S 34565,124464 540,552 582,601 2
S 124086,67858 562,602 645,669 2
S 60489,124521 545,567 646,668 5
S 124091,124571 562,603 648,667 3
S 127422,35458 587,614 646,668 3
S 124091,255454 564,601 602,605 3
S 60798,124602 542,568 648,666 1
S 63591,151716 551,572 647,668 4
S 69939,124341 557,579 581,601 2
S 124145,255454 574,594 595,620 5
S 123468,151718 563,596 597,621 4
S 124146,124591 569,599 637,677 2
S 34489,81117 540,563 564,596 1
S 63549,60045 550,582 636,679 1
S 127616,34909 577,595 642,673 3
S 85352,67794 570,586 644,670 5
S 79885,127423 553,590 591,617 1
S 63550,35547 557,575 647,667 3
S 63592,35460 541,580 647,667 4
S 151394,67755 590,611 643,672 5
S 124087,57496 563,600 636,679 3
S 124173,255454 569,604 605,608 4
S 151405,67755 579,623 641,673 3
S 35815,69984 540,562 563,586 1
S 69940,66570 549,587 646,669 4
S 151405,259950 589,613 635,680 3
S 69805,124588 554,578 639,675 1
S 127413,66586 593,611 648,666 3
S 255483,34563 591,607 648,666 1
S 127612,34910 573,603 638,676 5
S 267969,67756 563,593 643,672 3
S 81144,34424 568,583 639,675 1
S 60487,35458 540,573 637,678 5
S 124336,60053 575,605 645,669 3
S 124145,67500 565,602 643,672 5
S 63063,124171 550,569 571,601 5
S 63693,34911 554,574 637,678 3
S 63063,151394 540,580 581,621 4
S 127414,35497 586,618 635,680 2
S 63679,151715 548,579 589,617 4
S 127412,124588 590,615 635,679 5
S 80359,124170 566,581 582,595 1
S 80132,260380 561,584 639,676 4
S 124522,35437 589,614 647,668 4
S 63691,67850 552,576 647,667 1
S 124341,67049 576,606 640,675 5
S 124464,60070 570,613 643,671 2