D 205610
C 12
S 124580,157665 555,592 605,637 3
S 124700,201418 567,587 601,640 5
S 201903,199549 540,557 598,643 2
S 84790,160237 567,595 610,632 2
S 202123,199417 540,559 607,635 2
S 124580,124743 554,592 604,638 4
S 157888,157653 546,576 609,633 3
S 199563,268076 540,571 572,591 4
S 157654,84896 553,572 613,628 2
S 127424,125791 557,576 608,633 2
S 260340,199565 560,583 598,643 2
S 201904,260336 540,553 565,581 3
S 84791,246446 565,597 600,641 5
S 160219,260380 540,578 579,582 2
S 201904,201419 540,565 608,634 2
S 84975,84967 570,586 609,632 4
S 157663,124528 543,581 600,642 3
S 157666,124730 553,571 572,591 2
S 124536,162632 549,589 608,633 4
S 124687,202126 562,593 608,633 5
S 199566,124581 540,562 606,636 1
S 84856,260340 566,595 601,640 1
S 199421,160312 540,568 611,630 2
S 124728,84897 566,587 603,639 2
S 124579,124527 556,590 611,630 1
S 199609,160238 540,561 610,631 4
S 260408,260409 557,584 609,633 3
S 160322,160327 545,564 611,630 2
S 160318,157879 544,568 610,631 4
S 124688,157139 568,588 607,635 5
S 127422,201202 545,588 609,632 4
S 127425,160235 558,575 600,642 2
S 125814,125792 560,590 600,642 1
S 260380,202118 562,581 609,633 4
S 124700,124582 561,594 608,633 3
S 201904,201376 540,557 603,639 4
S 201420,125808 540,566 567,596 5
S 246446,84897 540,552 607,634 1
S 199422,84897 540,564 613,629 2
S 199422,127425 540,564 600,642 4
S 157884,201205 552,567 613,629 2
S 246438,124529 540,561 606,636 2
S 202123,260410 540,563 601,641 3
S 160328,124742 540,577 603,639 1
S 124538,157666 558,581 608,634 2
S 157880,84888 540,579 612,629 2
S 84974,84885 557,599 600,642 5
S 157654,84974 550,575 576,587 4
S 260409,205605 548,592 600,642 2
S 157144,201423 557,575 602,639 5
S 160318,124583 548,563 602,640 4
S 127425,199560 558,576 609,632 1
S 260407,160238 552,590 604,637 2
S 201901,160237 540,555 556,568 2
S 157383,157140 552,579 602,639 5
S 268075,125828 566,596 610,631 2
S 157884,157884 548,572 601,641 3
S 201206,157650 540,562 563,578 5
S 160322,157885 543,566 603,639 1
S 84853,202120 566,593 605,637 5
S 160224,157668 540,576 608,634 4
S 157138,201378 545,585 605,636 1
S 160237,124534 543,571 610,631 5
S 202119,124535 540,550 602,640 1
S 201383,160328 540,561 608,633 5
S 205605,84853 540,563 566,593 5
S 124571,202118 550,595 611,631 1
S 84860,84967 570,591 604,637 1
S 160319,268075 540,572 607,634 2
S 160224,125827 549,565 610,631 3
S 160319,125827 540,576 610,632 1
S 157663,160224 548,577 609,633 1
S 157652,124728 553,573 574,588 5
S 260340,124584 552,592 606,636 1
S 205606,199551 540,553 606,635 2
S 157383,124525 551,579 606,636 4
S 124535,160318 555,582 607,634 2
S 124529,268075 559,577 578,596 2
S 157663,246446 546,578 603,638 3
S 124535,84897 558,580 611,631 2