D 32670
C 8
S 80418,80514 573,595 621,644 4
S 32660,80715 540,563 576,600 2
S 80226,63693 565,593 620,644 1
S 57581,35071 540,564 612,653 5
S 32657,69804 540,564 625,640 3
S 80597,60206 573,611 616,649 2
S 59916,60393 543,579 623,641 2
S 80989,80683 566,604 616,648 3
S 80998,80693 569,600 611,654 4
S 80209,35220 555,599 618,647 1
S 277928,59826 540,550 551,571 5
S 80598,33528 577,607 624,641 1
S 80229,69843 568,590 610,654 2
S 270501,63578 560,575 611,653 2
S 33519,66930 540,558 559,575 5
S 59534,67446 547,568 569,591 4
S 80233,79762 569,590 621,643 4
S 59826,80504 548,571 576,604 2
S 80131,63516 569,590 617,648 1
S 81902,60169 562,587 620,645 4
S 57581,80195 540,561 562,598 1
S 59917,81903 541,579 580,595 2
S 57568,63516 540,565 615,649 5
S 80194,60391 560,593 617,647 4
S 80594,270398 575,610 616,649 2
S 32666,80699 540,558 618,647 3
S 268857,60178 583,604 610,654 3
S 32557,35076 540,549 619,646 2
S 63826,60177 553,572 611,654 1
S 80593,69844 571,612 613,651 5
S 80268,79762 570,585 610,655 4
S 80713,35148 576,598 612,653 2
S 59916,80375 545,576 577,595 3
S 59505,80558 540,571 580,600 5
S 80498,60401 581,596 625,640 4
S 80227,60392 563,595 614,650 2
S 80513,60391 576,603 623,642 2
S 59505,80130 547,564 565,603 4
S 59501,80716 540,579 580,599 3
S 32664,80681 540,562 574,603 4
S 59917,79760 548,572 618,647 5
S 57583,80553 540,563 580,602 4
S 270499,63578 552,583 613,651 2
S 268649,60390 553,596 620,644 5
S 59505,60178 540,573 617,648 4
S 32669,60396 540,552 615,649 1
S 60020,69851 543,580 620,644 5
S 59408,80513 543,566 568,612 1
S 57579,63665 540,567 614,650 2
S 59918,63513 552,569 621,643 1
S 57573,63548 540,567 619,646 3
S 32659,268649 540,550 554,594 4
S 268649,63545 552,595 620,645 3
S 270471,35382 554,578 615,649 1
S 80393,35120 564,601 620,644 3
S 277928,32687 540,554 616,649 1
S 57579,80414 540,571 572,604 3
S 32664,35279 540,555 622,643 5
S 80418,80499 576,591 615,649 1
S 32659,35116 540,563 620,645 3
S 32657,63550 540,561 616,648 2
S 67449,80597 557,579 580,611 2
S 80998,60396 564,605 612,652 1
S 80806,69852 564,606 615,649 1
S 80417,70050 568,600 610,655 2
S 63826,35217 550,576 616,648 4
S 32557,80375 540,560 573,588 5
S 32760,63514 540,566 619,645 3
S 67447,60391 546,591 616,648 4
S 270472,60416 553,580 620,644 1
S 268646,33524 553,594 621,644 3
S 59502,80801 547,565 570,603 4
S 60022,79761 552,571 616,648 2
S 32757,60390 540,567 617,648 3
S 270472,57469 552,581 616,648 5
S 80227,80505 560,597 613,651 3
S 59526,35120 548,566 614,651 2
S 66928,35211 556,574 614,650 2
S 32748,66930 540,558 559,573 4
S 32647,80723 540,561 576,600 5