D 108231
C 10
S 106877,107975 547,587 624,652 1
S 105384,106907 550,595 617,659 2
S 107559,106070 540,561 569,596 1
S 105937,107055 565,587 620,656 1
S 105384,107601 564,581 626,651 5
S 107532,106038 541,561 562,601 1
S 105933,110648 568,585 586,609 4
S 107515,263859 544,559 560,580 1
S 106031,107808 561,601 630,647 2
S 107387,106069 540,576 617,659 2
S 104761,107748 540,569 627,649 2
S 108217,108482 540,561 562,567 3
S 107429,263883 540,576 625,652 4
S 107601,105934 540,568 569,597 2
S 107559,107385 540,569 624,652 1
S 104724,264126 540,566 567,600 5
S 107353,111762 546,568 616,660 2
S 106089,105546 561,604 629,647 4
S 105281,106038 556,580 618,658 1
S 106885,105388 548,583 624,653 5
S 107429,105934 540,576 577,592 3
S 105298,107061 551,588 617,659 4
S 108517,107601 550,571 617,659 5
S 106069,110574 567,597 623,653 2
S 108530,106089 543,579 580,597 2
S 105296,107704 557,582 627,649 1
S 105759,107380 553,595 619,657 1
S 108007,107744 540,562 623,654 3
S 108226,108588 540,559 560,577 3
S 107764,108230 540,557 621,655 4
S 105516,108530 551,592 623,654 3
S 107558,106890 541,559 620,656 4
S 108461,105470 546,567 568,593 4
S 108459,107379 540,577 628,649 2
S 263124,105543 573,605 617,659 4
S 111763,107390 567,604 629,647 1
S 110573,104743 564,603 625,652 1
S 263124,111813 571,606 620,656 3
S 107601,108546 540,559 621,656 4
S 105940,262878 566,586 616,660 2
S 107066,264535 548,578 621,655 2
S 107789,107767 540,553 620,657 4
S 106884,108061 558,573 617,660 2
S 108056,107073 540,561 562,571 1
S 107605,108217 540,556 619,657 4
S 106786,106790 555,581 619,657 4
S 107603,108005 540,564 627,650 3
S 107513,108492 543,560 621,655 2
S 107807,108480 540,558 559,573 5
S 107784,110559 540,553 629,647 4
S 106016,107365 571,589 624,653 5
S 108221,105923 540,553 570,586 2
S 105529,105361 562,579 623,654 1
S 263860,110647 545,581 582,605 4
S 108229,106886 540,558 559,573 4
S 106087,111814 569,595 617,659 3
S 108005,108600 540,565 566,575 2
S 105516,105279 557,587 627,650 4
S 105470,105898 555,593 630,646 2
S 106049,106861 573,591 619,657 4
S 107429,105285 540,571 572,578 2
S 108533,111760 552,570 621,656 4
S 105542,106035 558,583 584,601 4
S 106874,106016 556,577 578,602 2
S 106016,105926 562,598 618,659 4
S 108005,108591 540,558 624,653 1
S 107604,107705 540,562 626,651 1
S 107558,111794 540,568 569,603 5
S 110617,107558 570,598 619,658 4
S 107976,264127 540,562 620,656 1
S 107783,105389 540,564 565,591 5
S 106031,111762 569,593 629,648 1
S 108055,107706 540,563 625,651 2
S 107605,104701 540,562 622,655 5
S 104700,110559 545,560 622,654 1
S 107976,107365 540,555 556,576 1
S 110600,108590 567,601 619,657 4
S 107788,106049 540,565 622,654 5
S 110575,108543 567,601 628,648 1
S 106877,106070 545,589 590,602 1