D 60274
C 11
S 63721,123520 546,564 611,647 5
S 66718,127624 546,568 569,592 1
S 60263,152284 540,551 609,649 5
S 152959,79944 568,608 619,638 5
S 69664,81643 541,576 612,646 4
S 152961,85313 575,601 610,648 5
S 79947,124146 542,578 579,597 1
S 127627,152179 570,589 609,648 2
S 81645,157061 559,578 619,638 3
S 123958,80284 553,596 614,644 1
S 60266,127704 540,560 607,651 3
S 60227,123958 540,560 566,584 1
S 79946,80280 551,570 617,640 1
S 123362,152962 553,593 594,607 5
S 81583,152268 554,581 582,600 4
S 60187,123956 540,556 614,644 2
S 127740,85311 571,593 612,645 4
S 81811,81643 548,591 616,642 2
S 81820,157059 548,592 618,640 1
S 60184,66798 540,557 616,642 3
S 63721,81557 546,564 565,577 1
S 152963,63726 570,605 619,638 1
S 60250,127624 540,551 616,642 3
S 60172,152675 540,562 613,644 1
S 63720,66819 540,573 620,637 1
S 60286,152202 542,557 569,597 4
S 66719,85311 549,564 620,638 2
S 79942,123566 550,572 573,589 5
S 124146,124150 555,599 616,642 5
S 152959,60257 571,605 609,649 5
S 152962,123958 572,603 614,644 3
S 60185,63732 540,565 608,650 2
S 81581,124091 548,588 619,639 1
S 124092,81555 554,599 618,640 5
S 60186,152239 540,565 614,644 5
S 152273,81644 576,594 616,641 1
S 80290,85310 552,579 620,637 1
S 85308,81551 558,582 611,646 5
S 60186,152273 540,564 613,644 5
S 80207,127626 549,580 620,638 4
S 60231,127736 540,554 612,646 2
S 60279,69709 540,560 610,648 2
S 66670,123520 540,577 578,580 1
S 60281,80170 540,555 556,587 4
S 123363,157063 557,588 589,602 3
S 124161,152283 559,597 612,645 1
S 60263,157065 540,561 619,638 2
S 157061,63733 577,602 613,645 4
S 60253,124091 540,566 611,646 1
S 63724,157063 540,572 620,638 1
S 66721,152194 540,572 606,651 1
S 80007,152283 547,579 580,593 1
S 127626,152962 571,588 615,642 1
S 60184,152275 540,562 614,643 3
S 63723,80279 547,563 619,639 5
S 69664,60206 550,567 612,645 5
S 66670,124163 540,578 615,643 3
S 124087,123519 565,586 612,646 1
S 60244,79938 540,550 606,651 2
S 268891,127625 540,580 618,640 2
S 152958,152285 575,601 616,642 4
S 123499,152268 551,596 597,604 1
S 79943,66822 546,575 611,646 2
S 127720,80208 567,594 609,648 1
S 127729,79941 563,598 610,647 2
S 69709,127625 549,570 607,651 3
S 79942,152675 544,579 580,598 2
S 152960,127629 574,601 620,638 2
S 123510,152850 555,587 608,650 5
S 81563,124150 549,585 611,647 3
S 60231,157060 540,562 572,607 3
S 60185,124087 540,565 614,643 2
S 123957,66665 557,592 610,648 4
S 152958,66800 571,606 612,646 2
S 152275,124091 574,596 616,642 1
S 80304,66654 552,578 615,643 4
S 123520,66800 551,591 607,650 4
S 80203,151239 543,585 586,598 2
S 124087,157064 559,591 592,603 3
S 152287,152963 563,608 611,647 1