D 83527
C 12
S 64466,15250 548,564 574,610 5
S 64256,33034 549,572 632,656 1
S 17067,31868 560,603 626,662 2
S 17067,65202 569,593 626,663 4
S 31788,64460 557,594 625,664 5
S 58450,65480 544,585 629,660 2
S 64466,68641 547,565 631,657 1
S 15326,65465 583,602 631,658 1
S 68699,15930 540,555 581,598 2
S 58424,31778 558,576 636,652 2
S 65392,58431 541,563 633,655 1
S 65474,33158 540,562 564,580 5
S 15930,68388 582,598 625,664 3
S 31788,15950 564,587 631,658 1
S 64242,281213 547,577 630,659 2
S 33033,68683 552,594 627,662 5
S 33158,68612 552,591 623,665 2
S 64446,15973 540,568 623,666 3
S 64473,17077 547,568 622,667 2
S 68394,33155 540,565 625,664 4
S 68642,64244 540,558 623,666 4
S 64467,15836 548,563 632,657 4
S 58735,15837 546,579 580,595 3
S 65478,16219 540,569 625,663 4
S 16219,65476 569,600 630,658 5
S 64466,31778 543,568 632,656 3
S 68387,17076 540,564 632,656 3
S 272361,15838 545,590 636,653 3
S 68389,16233 540,558 629,659 4
S 33165,83037 554,588 624,664 2
S 16219,65383 562,607 624,665 5
S 68388,64467 540,552 553,569 2
S 65390,15901 541,564 636,652 3
S 65917,68681 540,558 630,658 1
S 16234,16219 569,599 627,661 4
S 83510,65390 540,549 634,654 2
S 15901,31780 574,602 635,654 4
S 64466,15334 541,570 576,605 3
S 65480,15327 540,565 573,614 4
S 64445,15135 540,563 574,610 1
S 15900,281212 573,603 625,663 3
S 65384,15948 540,568 579,599 4
S 83037,58438 540,561 562,572 5
S 65465,64474 540,570 630,659 1
S 33164,281212 563,580 627,661 1
S 65761,33034 540,561 633,656 5
S 58735,33035 544,580 623,666 5
S 15899,58434 573,601 630,659 5
S 31848,58737 560,590 628,660 1
S 65758,31789 540,561 624,664 2
S 33164,65916 560,582 628,661 5
S 31761,15949 561,593 594,604 2
S 281212,65390 566,607 633,656 1
S 64257,33033 552,568 569,585 2
S 83523,58435 540,556 557,573 3
S 33174,58238 557,584 636,652 5
S 31705,31339 560,595 622,666 2
S 31339,68394 565,595 635,653 5
S 64244,16192 544,579 580,604 4
S 65480,58442 540,556 557,585 3
S 64447,65761 541,564 627,662 1
S 17078,17076 572,594 628,661 1
S 31340,281212 565,594 628,661 3
S 68394,17067 540,552 636,652 1
S 31706,58432 558,598 636,652 5
S 64471,15949 540,574 635,654 1
S 17075,65489 560,604 634,655 5
S 33035,64247 560,588 631,657 5
S 17078,65203 570,595 623,665 2
S 65914,64469 540,557 558,578 2
S 68640,65914 540,556 634,655 2
S 65479,15837 540,559 567,605 2
S 31339,15333 564,595 633,655 1
S 64241,15974 545,577 631,657 3
S 64261,17065 543,577 578,593 4
S 83526,281213 540,552 622,666 2
S 65460,64243 540,561 626,663 3
S 64447,68644 540,570 627,661 3
S 15931,31340 570,608 622,666 3
S 58738,31847 552,574 575,596 5