D 165387
C 10
S 212843,176793 552,591 607,625 1
S 165389,149081 540,551 607,625 4
S 212344,176651 551,578 596,635 5
S 240497,176667 548,589 596,636 2
S 176814,213832 540,571 572,589 4
S 149081,190149 540,555 556,568 5
S 213079,214673 557,588 607,625 5
S 176864,177006 547,565 598,634 5
S 213089,176656 553,593 595,637 2
S 165273,212471 540,549 552,574 5
S 165428,190150 540,554 593,638 2
S 214676,184989 563,594 602,629 3
S 240456,214634 549,594 598,633 5
S 149070,213098 540,560 561,588 2
S 165441,213031 540,555 556,590 2
S 172246,214557 540,561 597,635 3
S 240528,212848 551,582 600,632 4
S 176652,171686 540,575 596,635 2
S 172241,176863 540,567 608,624 4
S 165293,185013 540,564 565,568 1
S 214678,190357 563,595 596,637 4
S 190150,212843 546,572 573,588 5
S 212343,214676 552,577 608,624 3
S 213089,240503 565,581 600,631 3
S 240500,184989 554,581 603,628 3
S 190148,213831 540,581 582,594 3
S 212345,214678 543,587 588,601 3
S 190383,213088 541,580 593,638 1
S 172253,184990 540,572 595,636 2
S 190381,176792 549,572 603,629 1
S 184992,212353 540,580 598,634 5
S 165440,213090 540,565 566,586 1
S 213098,213031 564,582 595,637 1
S 176849,240694 540,573 574,583 3
S 185050,213832 546,570 599,633 4
S 212344,176653 553,576 594,637 1
S 214668,214562 560,595 596,636 1
S 190265,176850 552,568 597,635 5
S 190379,214652 546,577 599,633 1
S 185012,171685 547,567 601,630 1
S 214555,172242 555,598 608,624 4
S 185052,212172 540,579 599,633 3
S 213098,213830 562,585 608,623 5
S 165293,214652 540,550 596,635 4
S 190147,190358 542,577 606,625 4
S 185051,185273 541,575 600,632 5
S 212459,149069 549,577 607,625 2
S 240503,214557 548,586 599,633 2
S 177006,190525 540,574 599,633 2
S 214634,165417 555,599 600,635 3
S 171686,240495 540,560 561,584 3
S 240456,176850 555,588 607,624 1
S 214566,214562 559,590 601,631 2
S 212325,184991 557,574 602,630 3
S 165276,176805 540,563 602,629 1
S 172246,176793 540,567 595,637 3
S 212471,171684 555,571 603,629 1
S 149070,212172 540,560 561,579 1
S 165364,190386 540,552 553,572 3
S 176804,171373 544,565 600,632 5
S 165441,214635 540,555 602,630 4
S 214674,212353 565,591 602,629 1
S 214684,165386 556,601 605,627 5
S 171367,176864 540,567 597,634 4
S 214561,176670 561,589 595,637 4
S 171352,165335 540,563 596,635 2
S 212775,184990 560,580 599,632 1
S 240694,185273 545,586 594,637 4
S 214674,212342 556,601 602,632 2
S 171352,240694 540,568 602,629 3
S 165441,190357 540,562 563,581 3
S 214561,212460 566,584 602,629 1
S 172253,176805 540,571 603,629 3
S 149081,214652 540,567 568,588 3
S 190358,214556 542,582 583,587 5
S 190380,165287 546,577 608,624 1
S 212344,212847 553,577 600,632 4
S 190266,184990 549,571 599,633 2
S 212471,213098 549,578 605,626 2
S 176656,214566 540,572 607,624 2