D 32063
C 10
S 69398,32062 567,589 612,647 2
S 67561,57583 555,587 614,644 4
S 67219,271641 546,587 622,637 1
S 32564,63975 540,558 615,644 3
S 59655,59678 546,574 607,651 4
S 57567,84681 540,569 573,593 2
S 82529,33517 562,602 618,641 1
S 32041,67332 540,561 608,650 5
S 67550,67575 554,584 612,646 4
S 82398,69413 562,601 619,639 5
S 69342,57583 561,588 615,643 3
S 32042,32644 540,553 611,648 5
S 67887,84722 559,587 588,596 4
S 33516,67258 540,567 568,578 5
S 67587,59558 561,585 615,644 3
S 67249,57582 557,577 618,641 1
S 67574,271641 551,591 607,652 2
S 59655,69391 548,572 573,589 1
S 82529,67222 568,595 608,650 5
S 59322,32238 540,577 608,651 1
S 69379,63977 561,591 608,650 5
S 59561,59663 545,569 612,647 2
S 57565,32169 540,575 622,637 4
S 57583,63976 540,561 562,574 2
S 59561,69391 540,576 607,651 1
S 69383,69391 566,588 608,650 5
S 67332,84719 550,588 589,595 3
S 67257,59678 559,577 617,642 5
S 32168,271641 540,564 565,577 2
S 59654,69393 540,581 613,645 5
S 59557,84685 540,573 574,598 1
S 32042,69394 540,556 615,644 1
S 69342,84720 558,592 593,597 1
S 67218,67333 547,586 614,644 2
S 32760,69386 540,566 609,649 5
S 67221,63977 552,580 616,642 4
S 84681,32234 572,595 615,644 3
S 69379,69318 565,587 620,639 4
S 69392,32064 566,587 617,642 2
S 67578,59665 563,581 607,652 4
S 69413,67226 566,593 620,638 3
S 67587,84732 562,584 585,604 4
S 32062,84718 540,556 576,595 2
S 84721,69394 577,593 621,638 2
S 59644,69371 543,580 616,642 1
S 67555,33517 548,592 611,648 1
S 59656,32062 545,574 617,641 3
S 67218,69398 551,583 612,646 1
S 84671,69344 569,597 616,643 5
S 32163,69370 540,555 617,642 2
S 32042,32172 540,552 610,648 4
S 32167,67553 540,559 609,649 4
S 69394,59560 565,590 608,650 3
S 82397,69413 561,602 619,639 1
S 32042,59961 540,561 562,572 1
S 84721,59557 573,597 607,651 3
S 67248,59334 549,585 614,645 5
S 82120,57565 560,599 614,645 5
S 32171,82121 540,558 571,589 1
S 82119,63972 571,588 617,641 5
S 82529,67333 566,597 620,639 2
S 69399,69320 567,589 611,647 1
S 67574,82393 563,579 580,603 5
S 69379,32169 560,593 611,648 5
S 59665,67226 548,568 617,642 1
S 84671,271640 563,602 611,648 2
S 32168,67247 540,554 555,586 1
S 67886,32758 558,590 612,647 4
S 67222,84683 550,582 613,646 5
S 63975,67333 545,584 622,637 3
S 32564,67229 540,555 619,639 5
S 69377,59656 562,591 622,637 3
S 32042,32758 540,561 616,643 4
S 59677,69342 541,576 619,639 1
S 59663,271647 541,576 610,648 5
S 67551,82120 552,586 614,645 4
S 82530,69317 571,594 610,648 2
S 67247,271642 557,578 620,639 5
S 82397,67630 572,591 609,649 3
S 59678,63972 550,568 617,641 1