D 99559
C 10
S 175568,113740 555,593 603,645 1
S 251018,173569 562,595 615,634 3
S 105957,175648 540,556 602,647 3
S 175716,146007 560,598 610,638 2
S 173699,106622 551,594 615,633 2
S 106585,175722 540,565 566,591 4
S 175758,147824 574,589 609,639 1
S 175650,110054 567,587 605,643 4
S 173695,185838 561,582 583,593 3
S 106582,173693 540,564 611,637 5
S 175752,105743 558,602 617,632 2
S 145658,110052 554,570 603,646 3
S 175648,145658 564,591 602,647 1
S 106572,147825 540,558 612,637 4
S 173557,110242 551,587 602,646 4
S 175714,105743 558,600 603,646 4
S 100256,100238 540,558 611,638 1
S 110091,173552 545,563 564,586 5
S 106622,110049 540,562 612,636 4
S 105959,106712 540,566 606,642 1
S 110117,173554 540,576 611,637 1
S 99546,173557 540,561 609,640 2
S 105958,145658 540,561 562,582 5
S 173567,185840 550,584 604,645 5
S 173615,185843 549,590 591,593 1
S 106583,173558 540,571 572,580 2
S 185809,99558 563,600 611,637 5
S 110117,99545 543,567 616,632 2
S 145617,175712 545,579 580,596 2
S 145135,173623 551,569 603,645 4
S 175641,105429 558,595 602,647 4
S 147822,173694 555,575 609,639 4
S 173616,185840 554,585 586,597 5
S 175722,173559 560,596 613,636 4
S 173552,110240 550,591 614,634 1
S 147834,175636 555,574 612,636 4
S 173626,175641 555,587 614,635 2
S 147602,106712 545,587 606,642 2
S 106623,145658 540,562 563,574 3
S 110092,175757 540,575 609,640 4
S 173563,145616 560,577 611,637 3
S 175650,185840 558,597 605,643 1
S 145137,175622 552,567 568,593 3
S 113724,175602 547,572 605,643 3
S 175622,173695 564,589 617,632 4
S 110054,249423 540,569 570,605 4
S 147819,105787 553,579 606,642 1
S 173559,106623 560,576 612,636 2
S 175567,175752 559,588 604,644 3
S 175566,185801 551,596 605,644 2
S 175565,145690 566,581 604,645 2
S 175720,185840 560,596 603,645 3
S 105960,99547 540,565 602,646 1
S 100276,249423 540,567 570,598 5
S 175716,175632 556,601 610,639 3
S 100195,100238 540,560 614,635 5
S 106622,175622 540,565 566,597 3
S 145660,147820 548,577 615,634 4
S 110115,175719 541,569 570,596 4
S 175757,185809 574,589 613,636 1
S 110051,99540 540,570 602,646 5
S 100278,185843 540,567 568,604 3
S 110258,175568 549,566 567,584 2
S 146007,173564 543,586 607,642 4
S 110048,100239 541,565 604,645 1
S 175635,100238 567,585 602,646 4
S 173569,100206 549,584 611,638 3
S 99557,146003 540,561 562,580 2
S 110241,175631 540,575 576,586 2
S 175548,175713 557,588 617,632 3
S 110258,106619 548,568 616,633 5
S 185840,99556 573,592 604,645 1
S 175720,173701 569,588 609,640 1
S 110258,185808 550,566 603,646 4
S 110052,175715 544,562 569,590 1
S 110051,175752 540,574 613,636 1
S 110255,175650 549,567 568,598 2
S 110241,173556 548,564 565,576 4
S 175565,105788 557,590 608,640 1
S 99554,175566 540,551 562,585 1