D 120125
C 11
S 35290,63112 569,584 613,647 5
S 35212,60309 558,600 613,648 3
S 90010,60209 540,569 570,583 5
S 119732,119763 540,559 621,640 1
S 69804,34993 545,585 586,596 5
S 86397,57363 541,557 610,650 5
S 90034,63490 540,563 623,638 3
S 60390,63270 553,587 615,645 4
S 70050,34946 551,568 608,653 2
S 270398,80897 552,574 611,650 2
S 34024,86215 568,597 623,638 4
S 90009,33775 540,560 619,641 3
S 90047,80721 540,553 554,576 5
S 271745,33641 552,569 621,639 2
S 60416,60454 558,580 608,652 5
S 90047,63247 540,558 617,643 4
S 33909,57383 574,595 610,650 5
S 80694,90004 541,573 609,652 4
S 80456,119332 540,575 614,646 4
S 63693,33633 549,582 583,595 1
S 57466,57391 553,594 608,653 5
S 90048,57364 540,557 614,647 1
S 60416,63247 555,583 614,647 4
S 63548,80851 544,585 618,642 5
S 34036,63473 564,599 609,651 3
S 35289,80721 567,587 609,652 4
S 34025,63066 566,599 610,650 5
S 33789,80692 567,604 610,651 2
S 120444,63019 540,551 620,640 3
S 70050,60396 550,569 570,581 4
S 34024,90044 567,597 610,650 4
S 33972,70047 575,593 608,653 2
S 119762,69843 540,557 558,573 5
S 33976,80874 565,602 619,641 4
S 119876,63098 540,562 609,652 5
S 80898,80736 540,566 620,640 4
S 35094,35472 562,597 609,652 4
S 120446,80748 540,557 558,572 4
S 80680,34033 540,577 578,603 1
S 85502,63693 541,562 563,575 5
S 86214,33907 540,564 576,593 5
S 34083,63107 564,597 615,645 3
S 80693,33640 545,568 579,594 4
S 90004,35211 540,564 569,587 1
S 60400,35413 553,587 619,641 5
S 60417,60329 550,588 617,644 4
S 63550,90046 553,577 610,650 4
S 34082,60330 560,603 617,643 1
S 33632,60457 566,606 618,642 1
S 63513,33767 540,583 622,638 1
S 119329,60178 540,563 564,592 2
S 120446,33976 540,550 567,599 3
S 57449,90035 567,582 611,650 4
S 60393,33779 554,587 617,643 1
S 60169,33766 551,596 612,649 2
S 277780,60453 567,606 610,651 2
S 80681,33779 545,565 622,638 5
S 80898,119736 540,564 614,647 5
S 79757,63104 540,578 608,652 1
S 60394,119875 552,590 608,652 3
S 80692,80736 546,566 617,644 4
S 90027,60331 540,570 608,652 4
S 60415,34025 556,584 585,595 3
S 90034,80897 540,564 619,641 3
S 271744,120024 548,574 619,642 4
S 86213,63473 540,572 608,653 4
S 60178,35559 558,587 618,643 1
S 35115,90049 559,599 615,646 5
S 80454,63083 541,574 575,583 5
S 119735,63692 540,558 559,583 2
S 35118,35475 563,596 621,640 1
S 86396,63066 540,570 615,645 5
S 63514,35095 553,569 570,597 3
S 35117,57389 568,591 619,642 2
S 35290,119765 559,594 619,641 4
S 34995,86210 573,589 617,643 5
S 90045,277783 540,565 578,595 5
S 63582,34025 550,585 586,593 5
S 35094,119765 561,598 616,645 3
S 34060,63067 561,603 609,652 3