D 176566
C 10
S 186825,189853 563,587 603,619 4
S 176561,176430 540,564 589,632 1
S 186850,248480 556,589 599,623 1
S 186840,189831 560,588 593,629 5
S 189849,187289 540,564 589,633 1
S 186854,176431 550,593 594,627 1
S 189830,186842 540,575 576,593 2
S 187439,186838 554,588 598,623 3
S 189830,176524 542,564 598,623 4
S 189850,187244 540,563 600,621 4
S 187295,187435 550,575 603,619 5
S 176559,187281 540,558 559,583 1
S 186855,187279 561,582 592,629 2
S 249170,187094 550,578 595,626 2
S 189848,248599 540,572 594,628 3
S 187095,187407 559,576 599,623 5
S 186830,187093 558,592 593,632 5
S 176557,187126 540,552 599,623 2
S 185442,187447 540,559 596,625 1
S 176576,189846 540,549 601,621 4
S 185446,187296 541,556 557,575 2
S 187289,186841 548,576 577,594 2
S 189853,176430 540,560 592,629 4
S 186824,176552 558,593 600,621 2
S 176574,187128 540,561 562,582 4
S 176574,186838 540,556 590,631 1
S 249314,185446 562,591 592,630 3
S 189851,187408 541,559 562,577 4
S 176549,186837 540,560 561,596 4
S 189773,186855 540,579 594,628 4
S 189832,248600 540,567 600,622 2
S 248597,187130 541,565 603,619 5
S 176558,187407 540,555 593,629 5
S 187127,185440 550,579 600,622 4
S 187246,176406 540,581 594,628 5
S 187403,248597 560,578 596,625 3
S 249315,189845 557,595 599,622 5
S 250881,249315 540,566 592,629 4
S 189844,189773 540,574 594,627 3
S 187243,248600 547,570 595,627 2
S 248588,186711 540,571 572,592 5
S 187283,186723 552,570 571,597 5
S 186852,189825 550,593 594,628 3
S 186839,187439 559,588 596,626 4
S 186825,187291 561,589 600,621 1
S 187246,249319 550,568 569,584 2
S 189873,185442 540,569 595,627 3
S 250881,176525 540,558 600,622 5
S 176576,248598 540,558 597,624 3
S 187126,176557 544,585 593,629 2
S 186840,187244 562,586 594,628 2
S 176551,187447 540,562 597,624 3
S 187281,189787 546,576 590,631 1
S 187403,189846 558,579 594,627 2
S 187368,186843 556,576 597,625 1
S 176567,186723 540,557 565,587 1
S 187101,249170 558,575 589,633 5
S 187405,186845 554,585 597,624 3
S 185405,186850 540,559 560,585 4
S 248597,189873 540,575 601,621 5
S 187447,186839 552,590 603,618 5
S 186823,187403 567,584 594,627 4
S 248599,187131 546,562 589,632 3
S 176552,176386 540,558 596,626 2
S 187372,186851 557,575 599,623 1
S 176567,187099 540,561 596,625 4
S 187097,176565 558,577 601,621 5
S 176418,176400 540,568 592,629 1
S 186839,187224 562,585 588,633 3
S 187095,187290 550,586 602,619 3
S 187192,189847 546,573 590,632 5
S 176552,187232 540,553 554,572 2
S 189867,189774 541,558 594,628 2
S 187244,186850 551,566 597,624 2
S 176557,187100 540,563 564,579 4
S 186845,176394 551,593 594,632 3
S 185404,186840 540,570 571,587 5
S 187224,185446 540,577 597,624 3
S 189825,186831 540,573 590,631 1
S 187229,185405 549,566 595,627 2