D 232608
C 9
S 194894,225365 576,592 643,668 5
S 176294,217003 575,617 636,675 2
S 217021,231812 554,581 646,665 5
S 225557,211688 549,564 636,674 5
S 225489,176293 540,582 642,669 4
S 232553,194898 540,557 571,595 3
S 231398,217010 540,568 639,672 5
S 211743,211255 575,592 634,676 3
S 210989,232567 560,585 639,671 4
S 176292,176419 586,608 646,665 4
S 176293,250883 577,616 642,668 4
S 217010,211688 560,580 581,596 4
S 231395,230581 540,566 638,672 5
S 210989,217014 553,592 638,672 1
S 185056,211717 569,603 641,669 4
S 225482,211713 549,571 572,590 3
S 250881,231390 574,608 643,667 3
S 231391,211243 540,565 640,670 2
S 211700,185057 567,598 641,669 2
S 231892,222825 540,559 645,665 2
S 176488,231907 568,613 635,675 3
S 225491,176268 551,569 582,610 2
S 190152,216578 567,608 637,673 4
S 240808,190150 554,597 598,607 3
S 231963,217018 540,561 562,576 5
S 217015,185056 554,584 646,664 1
S 225497,225353 540,580 638,673 1
S 225552,176417 544,571 648,663 3
S 231392,217021 540,568 633,678 4
S 232552,211576 540,557 563,593 1
S 232602,225451 540,550 637,673 1
S 232550,211717 540,564 565,601 2
S 194894,176418 570,598 641,670 5
S 176380,231908 575,612 645,666 1
S 232563,217002 540,552 559,583 3
S 176292,232568 579,616 644,666 1
S 211688,231963 574,590 638,673 2
S 217011,210989 552,587 636,674 2
S 185214,231398 575,595 642,669 4
S 230580,190152 545,564 570,605 4
S 225491,231389 548,572 642,668 4
S 231395,231389 540,571 634,677 5
S 211699,231964 564,599 646,664 1
S 232552,225342 540,564 565,574 4
S 190884,225338 575,595 637,673 1
S 194897,190152 569,598 633,677 5
S 232001,225453 540,567 568,581 1
S 231999,217014 540,554 555,587 4
S 217010,217022 552,587 640,671 5
S 211002,190152 554,594 638,672 1
S 225561,190150 540,577 578,609 4
S 222826,185214 543,586 587,602 5
S 185213,217015 570,602 643,668 1
S 225345,185053 552,571 572,607 4
S 217019,231894 556,580 636,674 2
S 231397,226872 540,576 641,669 2
S 211287,211242 560,599 646,665 3
S 225496,176488 540,581 642,669 2
S 231392,190883 540,572 642,669 3
S 231769,232563 540,570 642,668 3
S 232553,231388 540,566 641,670 3
S 176293,176381 575,619 646,664 4
S 176295,185214 581,613 636,674 2
S 225454,176267 544,578 639,671 4
S 232020,225448 540,555 647,663 4
S 211287,176412 560,598 599,600 1
S 216931,232607 553,590 646,664 3
S 176257,216929 578,611 637,673 2
S 185212,225359 566,605 634,677 1
S 217001,217015 555,585 638,672 4
S 216929,225351 553,590 638,672 5
S 232026,185053 540,557 645,665 3
S 217011,217018 557,582 639,672 3
S 185054,225347 580,597 640,671 1
S 232550,211688 540,566 567,605 2
S 225489,185212 543,576 577,603 1
S 211573,190152 557,598 599,600 4
S 217014,176266 554,585 646,664 1
S 176294,225364 587,606 645,666 4
S 232553,194894 540,564 574,595 5