D 174179
C 12
S 52760,113401 581,611 652,696 5
S 94651,41462 571,601 652,695 5
S 113522,49413 540,580 593,612 1
S 41419,113177 593,618 652,695 4
S 105432,54934 561,583 584,611 3
S 146499,49629 540,559 590,608 1
S 105811,49413 547,591 655,693 3
S 98611,106158 569,589 662,685 1
S 100226,146526 558,590 657,690 4
S 98615,94681 565,593 654,694 1
S 146518,264060 540,567 654,694 3
S 41352,94570 588,624 666,682 3
S 100205,113438 562,584 653,694 3
S 52688,113392 578,620 658,689 1
S 146501,49417 540,562 664,684 2
S 55069,113391 580,607 651,696 4
S 52760,106478 576,615 660,688 5
S 52688,146516 579,619 660,687 4
S 94651,94689 578,594 663,685 5
S 100199,41429 551,591 592,622 1
S 47367,146502 586,608 661,687 3
S 113397,47366 550,565 654,694 1
S 113436,52778 540,571 578,612 3
S 113248,99451 540,576 665,682 4
S 105432,49456 559,584 588,616 4
S 41461,54934 597,613 661,687 2
S 41409,100204 594,619 655,693 3
S 99329,105751 559,596 658,690 4
S 100209,94540 558,589 590,601 3
S 41419,100233 596,616 661,687 2
S 94915,94651 567,594 658,689 2
S 113522,94916 540,578 579,591 5
S 94618,49628 566,611 612,619 1
S 94683,49482 565,604 655,692 2
S 52688,100209 584,614 654,694 3
S 105811,146511 554,583 660,687 4
S 54936,49487 572,610 666,682 1
S 94619,113176 580,597 659,689 5
S 146501,94639 540,563 567,606 2
S 52872,99451 586,602 653,695 2
S 100227,47401 552,596 665,682 3
S 100193,47366 553,587 588,610 1
S 52873,264054 574,614 660,687 1
S 99326,55061 568,585 664,683 1
S 94619,94569 571,606 662,685 4
S 100192,106476 548,590 656,691 3
S 146508,41423 540,559 659,689 2
S 99307,113393 561,589 652,696 2
S 113710,106473 540,562 563,584 1
S 99306,55070 560,589 657,691 5
S 110419,94712 545,577 578,589 2
S 99329,106486 556,600 660,687 2
S 55076,146513 584,601 653,695 5
S 41461,49415 591,618 657,691 1
S 99451,49628 561,591 592,617 4
S 146513,94691 540,566 567,601 3
S 174106,113396 540,566 652,695 5
S 94916,113397 569,592 666,682 5
S 100193,94553 558,581 582,607 4
S 52766,113451 575,616 663,684 4
S 49418,94649 584,622 655,692 2
S 49483,94569 591,609 664,684 1
S 113176,106204 540,571 660,687 1
S 47372,174157 587,609 663,684 3
S 52766,100209 578,613 660,687 4
S 94553,105751 571,608 663,685 1
S 41352,146517 594,618 659,688 4
S 100228,41415 566,583 593,622 2
S 106473,106165 552,570 651,696 4
S 105900,94701 546,589 590,593 1
S 105901,49488 550,585 587,613 3
S 94694,113180 564,601 661,687 5
S 113181,54936 540,574 582,601 3
S 174176,94604 540,557 659,689 3
S 146506,99331 540,561 662,686 1
S 94641,113710 573,602 654,693 5
S 94569,106155 580,599 662,685 2
S 174171,55072 540,563 653,694 3
S 98606,113438 559,600 655,692 4
S 174106,49416 540,556 590,615 1