D 123238
C 12
S 257460,137620 540,568 572,607 3
S 137692,257436 553,570 571,610 4
S 137850,137620 544,583 584,597 3
S 131719,128832 540,564 571,608 1
S 123234,131746 540,556 577,601 4
S 131733,128616 540,573 574,609 2
S 131757,132268 540,571 578,600 3
S 131513,139150 541,570 571,612 2
S 131524,132276 540,577 578,605 5
S 128823,129308 540,567 576,602 3
S 137868,257473 543,581 582,608 1
S 131515,128823 540,573 575,604 2
S 131720,123241 540,562 572,607 1
S 132243,257429 541,579 580,604 2
S 137593,128828 551,578 579,603 3
S 129394,139302 550,567 579,600 4
S 128829,131792 540,567 570,609 2
S 131504,128729 542,570 576,602 4
S 128825,132252 540,568 575,604 4
S 131665,139313 540,571 572,608 3
S 131765,137851 540,575 577,601 1
S 129321,129305 540,577 578,611 1
S 128775,132251 540,560 561,575 2
S 128505,131603 540,558 559,573 1
S 137867,132278 545,580 581,603 2
S 139172,137886 540,570 571,573 5
S 139305,131756 540,553 571,607 3
S 131665,257460 540,576 577,606 1
S 131717,129380 543,559 579,600 2
S 131759,128824 544,562 578,601 3
S 129399,128824 543,575 576,610 5
S 128431,131792 540,560 561,572 3
S 132244,128775 548,572 573,608 5
S 137694,132270 553,571 572,610 5
S 257459,139312 540,563 577,602 2
S 139198,131759 540,570 579,600 5
S 128508,137596 540,556 557,582 1
S 137696,139152 541,582 583,609 1
S 139304,131505 540,554 580,599 5
S 128776,137630 540,553 574,604 3
S 137866,131606 547,578 579,607 1
S 131450,139192 541,576 578,600 1
S 137631,131449 552,575 580,598 5
S 137603,137858 551,579 580,604 4
S 128625,131659 540,560 561,562 5
S 137888,132268 550,577 578,603 3
S 139172,139302 540,570 571,612 4
S 131748,123231 541,564 574,604 2
S 137633,128618 547,581 582,608 1
S 137867,128557 547,577 578,607 4
S 137943,140056 555,573 574,605 5
S 129320,128556 540,576 577,606 1
S 128800,137865 540,564 565,579 5
S 137694,139156 550,573 577,602 1
S 131748,128838 540,570 573,606 5
S 137599,137596 556,575 576,602 1
S 137892,128776 554,573 577,601 3
S 137694,128828 547,577 578,610 4
S 129321,131602 540,579 580,605 4
S 257429,140056 540,556 580,598 2
S 139153,129399 540,572 573,609 4
S 139156,137895 540,568 579,599 1
S 123235,131659 540,551 576,602 5
S 132246,131792 548,572 581,597 1
S 137597,131718 547,582 583,600 5
S 128771,128766 540,566 573,606 4
S 131513,128772 540,574 575,608 5
S 139104,140055 542,558 581,597 1
S 128832,137891 540,569 570,611 1
S 123233,132251 540,560 572,607 1
S 137692,128825 550,573 574,605 4
S 139301,132276 540,559 572,607 1
S 139163,137857 540,564 571,607 1
S 137870,139147 550,574 576,602 4
S 131509,137860 543,568 574,605 5
S 123233,131717 540,555 556,570 1
S 131500,139314 541,573 577,601 5
S 139295,139156 540,557 581,598 5
S 137596,128517 551,578 581,598 4
S 129305,128836 547,566 582,597 1