D 145456
C 10
S 107704,114122 558,601 603,642 5
S 145538,144208 540,552 607,639 5
S 108046,144212 565,583 606,640 4
S 109427,145458 540,578 605,641 3
S 108005,108060 562,591 600,645 5
S 108098,109376 563,584 606,639 4
S 113790,114074 540,567 568,573 3
S 114185,107983 540,577 613,632 3
S 145446,107632 540,562 609,637 5
S 114180,108975 540,576 610,635 1
S 114188,107587 541,570 605,641 1
S 109166,109300 549,587 601,645 3
S 109292,108036 548,576 577,596 5
S 145455,114181 540,548 549,574 3
S 145538,114098 540,553 554,569 4
S 107956,109431 559,600 610,636 4
S 109295,144312 550,575 602,643 4
S 107958,144213 560,599 604,641 2
S 113639,262322 540,560 611,635 4
S 145443,114208 540,555 607,638 5
S 109427,109376 549,566 612,634 5
S 108046,144211 563,585 615,630 2
S 144151,144210 546,561 601,645 4
S 108994,107591 556,587 603,643 3
S 114119,107603 541,580 611,634 5
S 107976,145143 561,597 609,637 1
S 114188,145460 544,568 606,639 1
S 109164,108069 545,589 602,643 2
S 107702,108044 562,599 606,640 4
S 114178,107624 542,566 603,642 4
S 107633,107619 566,598 601,645 3
S 114177,108097 540,576 577,594 4
S 107958,114208 560,599 609,636 4
S 144154,108096 544,562 563,588 3
S 113781,145141 540,564 612,633 1
S 109296,107605 547,578 610,635 1
S 144316,108980 540,562 612,634 5
S 144155,108055 542,562 608,637 3
S 114178,108079 540,570 612,633 1
S 109169,109298 546,586 613,632 2
S 145444,263578 540,557 613,632 3
S 109166,107630 556,580 606,640 3
S 109436,145538 541,573 605,641 2
S 114122,108008 540,580 581,586 1
S 108036,263577 564,586 606,640 1
S 107604,262323 554,598 601,644 3
S 108038,114078 564,586 604,642 4
S 145446,108069 540,556 614,632 3
S 107957,109297 563,596 604,642 3
S 145456,107982 540,562 602,643 5
S 144318,108080 540,563 615,631 3
S 109165,107629 556,578 613,633 3
S 145454,108081 540,558 605,641 5
S 108096,107630 563,583 610,636 1
S 107605,107623 559,593 612,634 3
S 108036,107587 565,585 614,631 4
S 114121,108030 540,581 582,597 1
S 145146,263577 540,560 603,642 5
S 107631,114067 561,601 608,637 4
S 108046,109426 557,590 608,638 2
S 145453,114119 540,558 559,577 3
S 145445,108060 540,553 613,632 5
S 108308,113724 558,586 611,635 2
S 108008,108052 563,593 615,630 4
S 114181,107632 540,574 575,593 1
S 109228,145430 550,578 614,632 2
S 113789,107629 540,557 611,634 3
S 144154,107704 541,564 566,593 1
S 114178,109237 540,571 611,635 2
S 144155,109238 540,565 611,635 5
S 113787,108102 540,555 557,592 1
S 114178,108006 540,571 611,634 5
S 145446,107585 540,564 607,639 5
S 145453,107622 540,560 600,645 3
S 109438,107633 541,573 574,595 5
S 107975,107983 559,598 606,640 5
S 107701,109426 562,599 600,645 4
S 114178,109188 541,567 568,583 2
S 108986,144207 556,584 604,641 2
S 107958,144208 558,600 614,631 1