D 176192
C 8
S 147459,173237 572,589 608,642 1
S 173227,147236 549,567 568,599 5
S 147397,147559 564,597 607,642 1
S 175966,147460 540,555 571,589 3
S 175874,173613 540,561 603,647 4
S 176292,173651 540,566 567,578 1
S 173227,175787 540,576 610,640 4
S 175963,173457 540,554 555,583 3
S 173634,173655 547,587 616,634 3
S 173605,175773 552,589 607,643 2
S 175871,147527 540,559 564,585 1
S 173607,173684 553,588 617,632 1
S 175880,147394 540,565 566,598 1
S 256073,173613 557,591 607,643 4
S 175787,256074 540,573 602,647 4
S 173598,147377 549,594 595,606 2
S 251009,176197 542,570 604,645 3
S 175879,175869 540,558 607,643 3
S 173499,147558 554,574 575,597 4
S 175960,251732 540,563 606,644 4
S 147390,173894 569,596 603,646 3
S 176288,147377 540,561 610,639 3
S 173594,175769 552,591 614,635 2
S 175876,251733 540,566 567,578 5
S 251009,173627 549,564 565,577 4
S 251733,147368 548,575 576,605 1
S 173611,251731 548,591 604,646 3
S 173601,173594 554,587 608,641 2
S 175971,175772 540,563 564,578 3
S 175882,251733 540,564 614,636 2
S 175808,173912 544,560 564,589 4
S 173609,176029 559,580 603,646 3
S 173500,147467 542,587 588,591 4
S 173104,173104 547,573 606,644 5
S 175979,175997 540,563 609,641 2
S 175877,147582 540,560 561,583 1
S 147396,176268 559,603 616,634 5
S 251732,147567 545,579 605,644 2
S 175808,175770 544,560 606,643 2
S 175773,173634 540,573 574,575 2
S 173226,251733 540,580 603,647 4
S 175770,147372 540,572 573,606 5
S 147559,147582 566,583 614,636 1
S 175876,256074 540,558 559,595 5
S 147544,173627 556,592 605,644 2
S 147460,173893 563,597 604,646 3
S 173265,173605 552,569 613,637 5
S 251731,256074 555,570 571,583 4
S 173288,256073 546,577 578,592 1
S 175877,173599 540,562 610,639 1
S 173497,147460 548,579 613,636 2
S 173497,175870 542,585 611,639 1
S 173228,256072 545,571 572,584 1
S 147383,173892 564,601 617,632 2
S 185471,173627 544,563 617,633 2
S 175878,147472 540,567 568,592 2
S 173614,147561 553,583 616,633 3
S 175769,173105 545,568 608,642 4
S 173611,147567 559,580 615,634 2
S 147468,173299 558,600 613,636 1
S 173606,173605 554,586 611,638 2
S 147237,185471 571,593 610,639 4
S 147467,256071 561,597 613,636 1
S 175879,173609 540,569 570,580 5
S 147370,250998 564,605 608,642 5
S 176288,173892 541,559 613,636 1
S 175966,175772 540,553 606,644 3
S 173228,147369 550,566 608,641 2
S 173915,173269 556,598 617,633 2
S 256073,173656 564,584 610,640 1
S 175808,173646 540,573 613,636 3
S 176268,173228 540,572 602,647 4
S 175878,175873 540,560 612,638 2
S 175876,173915 540,563 564,590 4
S 147583,173112 550,594 617,632 5
S 173625,147583 556,580 613,637 3
S 147458,175996 559,600 615,634 4
S 147377,175769 563,605 606,646 5
S 175894,173622 540,565 566,579 5
S 175882,147544 540,559 613,637 2