D 133455
C 8
S 129398,135053 544,580 581,599 2
S 133397,257705 540,562 565,608 1
S 131907,131875 551,580 581,607 2
S 133454,135073 540,559 566,607 4
S 133241,117371 540,565 571,602 1
S 137538,137865 542,567 568,607 4
S 137585,133078 541,570 571,605 4
S 137693,137729 549,568 573,601 5
S 132268,131874 542,577 578,604 1
S 137589,135091 540,573 574,607 4
S 134911,257712 540,567 579,594 5
S 132981,132251 540,559 560,583 5
S 132243,131901 541,581 582,608 4
S 135098,133462 540,576 577,600 3
S 133499,132781 540,551 565,609 4
S 133079,117391 540,563 577,597 5
S 117372,137631 540,550 551,571 2
S 135074,117371 540,573 578,595 3
S 129380,132230 552,574 575,600 2
S 137897,132744 542,571 572,604 1
S 117400,132913 540,557 572,602 4
S 135065,134816 544,562 569,605 5
S 134805,132989 540,568 573,601 4
S 137859,131873 540,576 577,601 5
S 132986,137495 540,569 577,596 1
S 132761,132997 540,565 566,609 2
S 137535,137693 540,577 579,594 5
S 132247,134805 540,582 583,601 2
S 137894,137537 545,569 570,604 4
S 137586,133088 540,571 575,599 4
S 134819,137887 540,570 571,609 5
S 132980,132980 540,558 573,601 1
S 132781,133241 540,564 576,597 1
S 137947,132230 540,577 578,599 5
S 129376,137692 549,577 578,595 3
S 131906,137695 547,584 585,609 4
S 133088,137883 540,560 577,597 2
S 137692,132226 543,575 576,607 5
S 133503,135054 540,560 572,602 3
S 131874,132235 556,571 572,608 3
S 129390,131873 540,585 586,608 5
S 137894,134927 546,568 570,604 3
S 132781,132761 540,560 573,600 1
S 117389,137857 540,561 562,575 3
S 133131,137866 540,561 568,606 5
S 133502,133403 540,548 578,595 4
S 135082,132744 544,564 576,597 2
S 133400,117391 540,549 574,600 5
S 137692,132995 540,581 582,602 5
S 117371,131906 540,565 566,574 5
S 134887,132818 540,565 578,596 1
S 133401,132744 540,560 572,602 3
S 133244,137634 540,561 566,608 2
S 132269,132995 545,575 579,595 5
S 117376,135082 540,559 570,604 3
S 137585,132996 540,576 577,600 3
S 134927,132773 542,563 567,606 5
S 132771,135050 540,555 565,608 1
S 131901,132981 545,584 585,608 4
S 132252,131469 552,568 569,609 4
S 135051,117372 541,564 571,603 1
S 131447,133086 543,580 581,602 5
S 134815,132990 541,560 578,595 4
S 132980,137892 540,561 577,596 2
S 117399,135081 540,566 567,607 1
S 134556,131906 540,568 569,609 5
S 134804,135055 540,567 578,596 5
S 134885,117374 540,568 572,601 5
S 137885,131873 548,567 572,601 2
S 117373,131901 540,553 576,597 1
S 137589,137868 541,570 571,604 3
S 133500,135068 540,560 561,575 2
S 117389,137584 540,560 561,568 3
S 132778,137867 540,556 576,598 2
S 132987,132764 540,563 574,599 1
S 134926,137495 540,569 577,597 3
S 137632,137631 548,565 576,597 3
S 131444,137703 544,578 579,607 4
S 137862,132778 547,570 571,609 3
S 132283,257704 543,574 575,600 5