D 61441
C 8
S 79097,86740 550,575 576,609 1
S 71408,87202 540,576 577,603 3
S 73279,87199 543,576 577,606 1
S 86871,70637 552,575 578,596 5
S 87602,70660 552,581 582,596 5
S 71054,89227 540,575 576,581 4
S 88968,73918 548,586 587,603 4
S 73178,74516 548,569 570,608 3
S 86870,89573 554,574 575,606 2
S 276610,86908 540,569 570,581 3
S 78749,70980 540,583 584,604 3
S 56814,71430 540,566 567,578 1
S 40085,74417 540,556 576,597 4
S 61398,71332 540,553 554,571 4
S 61453,86946 540,563 564,582 4
S 61477,74416 540,567 575,599 3
S 61396,73454 540,556 573,601 1
S 79230,89086 552,576 577,605 2
S 78744,78879 547,575 576,608 5
S 73278,74437 543,577 578,604 3
S 73214,70642 546,572 573,601 2
S 74570,87199 544,578 579,608 3
S 61433,73216 540,560 561,575 4
S 89203,73919 548,591 592,606 4
S 89222,70662 552,583 584,601 5
S 61433,73446 540,550 566,607 2
S 71273,78952 540,572 573,603 5
S 73214,70643 550,567 569,605 5
S 40086,89076 540,556 565,609 3
S 89221,70638 550,585 586,598 3
S 71217,89222 544,562 563,575 4
S 71271,89203 540,576 577,602 1
S 86945,70642 555,575 576,602 3
S 40085,71408 540,562 563,574 3
S 71522,267358 545,571 572,580 4
S 71054,86947 540,567 568,577 2
S 79231,73479 552,575 576,607 5
S 61397,88971 540,557 558,582 2
S 89221,62582 551,585 586,598 4
S 71427,74524 544,571 572,605 5
S 61485,79230 540,569 570,582 5
S 89556,73422 547,591 592,606 4
S 62489,86800 540,566 576,598 5
S 56813,78750 540,560 561,582 3
S 71429,89079 546,569 570,607 3
S 56809,87547 540,563 576,598 2
S 73281,89148 541,579 580,594 5
S 71054,89148 544,562 566,607 1
S 61397,89084 540,553 571,602 5
S 56815,89087 540,554 572,601 1
S 61433,71446 540,550 551,567 5
S 73280,73919 543,577 578,599 2
S 56817,71273 540,563 564,576 1
S 88971,89198 548,586 587,602 5
S 79097,70660 542,583 584,606 3
S 88968,70979 546,588 589,606 1
S 61438,87004 540,556 557,582 5
S 71328,70662 544,568 577,596 2
S 61440,78949 540,552 569,604 5
S 73178,73918 545,571 575,599 4
S 276610,89226 540,560 561,580 1
S 40086,74567 540,555 556,578 2
S 74566,73423 550,570 575,599 5
S 89222,61443 548,587 588,604 2
S 62436,89197 540,568 571,602 2
S 71523,70979 542,573 574,600 2
S 89226,87554 546,590 591,607 1
S 71427,89226 540,577 578,586 1
S 61438,62583 540,550 568,606 3
S 89222,70980 551,584 585,606 4
S 61431,78753 540,562 563,569 1
S 89204,70703 549,589 590,605 1
S 87602,73479 554,579 580,598 3
S 71271,87547 541,570 571,608 2
S 56818,71329 540,556 557,568 4
S 56813,71409 540,555 556,568 1
S 61396,71056 540,552 553,572 1
S 86908,89078 552,578 579,609 4
S 62426,79089 540,564 565,576 5
S 89227,89203 548,589 590,601 3