D 134780
C 9
S 62223,134660 554,584 595,625 2
S 62248,118289 555,583 600,620 2
S 40255,262069 563,588 599,622 1
S 102973,71786 540,567 595,626 2
S 75525,37388 541,579 588,633 4
S 102986,62221 540,566 567,586 1
S 134772,62013 540,549 559,581 3
S 78620,62216 540,577 598,623 3
S 40256,40372 564,588 595,626 4
S 116473,75515 540,565 594,626 4
S 40255,74793 561,590 594,626 5
S 134651,88592 540,553 554,571 4
S 91847,71786 542,565 596,624 5
S 75389,75514 540,585 591,630 3
S 134771,71666 540,563 600,621 2
S 134619,88589 540,560 599,622 5
S 74793,40163 543,582 602,618 3
S 61825,134665 557,587 597,624 1
S 74783,40162 553,574 602,619 2
S 37384,61915 564,589 597,624 4
S 75470,61826 542,580 581,589 4
S 40377,62221 556,591 592,630 5
S 56616,40361 557,591 592,631 3
S 61797,91852 554,591 599,622 1
S 134646,134660 540,565 593,628 5
S 117518,134663 540,557 593,628 2
S 88397,132437 541,574 591,629 3
S 134782,61796 540,555 563,582 5
S 102973,40362 540,571 598,622 1
S 102979,117490 540,566 598,623 5
S 88397,71667 549,566 601,619 5
S 88400,102799 550,566 594,627 3
S 40261,40361 564,586 594,627 3
S 88556,62249 548,564 565,590 3
S 72551,116830 552,582 588,633 4
S 118277,88394 540,556 588,632 2
S 134774,75471 540,560 602,618 5
S 62017,91854 552,589 603,618 4
S 61795,116829 550,594 595,628 2
S 102980,72551 540,566 593,627 3
S 74792,74765 545,581 596,624 5
S 61796,91901 558,586 602,619 4
S 102975,116470 540,567 592,628 1
S 40360,102979 561,588 597,623 3
S 40255,71842 564,588 593,628 2
S 75471,134660 549,574 594,626 3
S 134649,102981 540,564 591,630 4
S 74792,132502 547,580 589,632 1
S 134782,88397 540,552 553,567 2
S 74760,117487 545,585 595,625 4
S 74786,116833 550,576 591,629 4
S 74785,40361 555,571 594,627 5
S 134666,62014 540,565 598,623 2
S 62014,134661 560,580 590,630 3
S 62226,72998 559,580 597,623 2
S 134787,88392 540,551 591,630 2
S 134776,102986 540,563 589,632 2
S 102977,102979 540,562 596,625 3
S 118270,88392 540,554 555,568 2
S 40369,75515 560,590 591,629 5
S 74770,132496 542,586 590,631 5
S 71667,40360 559,577 602,619 5
S 75500,88593 542,580 588,632 5
S 102982,116833 544,559 590,631 3
S 102980,75470 540,572 588,632 1
S 134644,71796 540,550 595,625 2
S 75469,40255 553,569 570,589 1
S 62247,118291 546,591 602,619 5
S 75389,40360 550,575 576,586 4
S 134645,61795 540,561 562,584 5
S 102973,118293 540,565 590,631 1
S 91851,88395 543,566 594,626 1
S 118335,40377 540,561 602,618 1
S 88398,134661 540,576 597,624 4
S 116850,88390 540,565 594,626 2
S 134663,102974 540,564 601,620 1
S 91853,37389 541,569 588,632 5
S 62221,71675 554,586 593,628 5
S 134779,74794 540,548 554,572 2
S 116470,62223 540,562 563,591 5