D 168995
C 8
S 128231,141407 571,592 606,649 2
S 168838,128831 540,558 619,637 1
S 260790,154586 567,600 611,644 5
S 168961,139153 540,560 561,583 2
S 128218,165773 567,595 620,635 1
S 154405,166274 543,572 609,646 5
S 132085,154524 546,583 616,639 1
S 139299,141445 553,591 620,636 1
S 168982,140656 540,560 561,582 4
S 154946,128442 540,568 608,647 1
S 168622,140727 540,565 616,640 2
S 128428,131722 563,586 611,645 2
S 154524,166272 547,562 615,641 1
S 154587,166300 540,576 612,643 5
S 128274,128660 570,590 615,641 3
S 140683,141379 547,578 614,641 1
S 165764,154407 540,563 617,639 5
S 169479,141406 540,560 612,643 4
S 168209,139294 540,568 569,592 4
S 154940,128629 540,566 567,592 2
S 140671,140535 545,580 620,636 1
S 166314,141427 540,570 571,579 1
S 128230,154939 562,601 610,645 1
S 128440,128795 562,590 619,636 4
S 131717,259198 544,589 613,642 5
S 132113,141378 552,577 612,644 3
S 131730,168212 548,584 605,650 2
S 149845,128799 549,570 619,636 3
S 257472,140614 553,582 619,636 5
S 128765,154520 564,585 611,644 5
S 131722,139173 555,577 620,636 1
S 154522,139154 544,566 567,586 2
S 169481,128432 540,561 562,595 2
S 124061,154475 576,593 607,648 5
S 128628,128832 569,584 617,638 1
S 154894,140056 540,572 573,581 3
S 164349,166303 543,558 609,646 3
S 259198,139070 562,599 619,636 4
S 128742,149847 566,584 611,644 4
S 128659,168206 571,586 612,644 1
S 154940,257458 540,570 571,586 1
S 165759,123342 540,562 610,645 4
S 128442,168860 562,589 612,643 1
S 139070,140670 549,580 613,643 5
S 154514,128773 543,570 609,647 1
S 168227,124057 540,556 572,597 3
S 128627,128626 566,587 616,639 2
S 154519,165794 540,577 617,638 3
S 132113,260789 542,586 587,605 3
S 128825,154587 563,578 612,643 4
S 149864,165802 543,573 606,650 1
S 166307,140613 540,567 617,639 4
S 128666,168622 569,589 606,650 1
S 141427,166315 541,580 615,640 1
S 128440,166271 560,591 616,640 1
S 149847,166337 545,572 616,640 1
S 168955,128273 540,562 607,649 2
S 128230,141444 563,601 609,646 1
S 141527,128624 550,570 616,640 3
S 168954,123490 540,555 567,605 2
S 168961,141376 540,557 558,577 1
S 154587,131743 541,567 568,585 3
S 257460,154938 557,576 612,644 2
S 154570,139192 540,577 578,589 5
S 168205,128441 540,556 565,587 2
S 128292,128826 570,588 614,641 2
S 131730,166287 551,580 608,647 5
S 168956,154888 540,560 561,567 1
S 168959,139162 540,556 557,583 4
S 128659,128658 556,600 618,638 2
S 139147,168991 560,576 617,639 2
S 154898,128833 540,570 571,582 1
S 140726,123351 549,575 610,645 4
S 128660,141377 559,597 609,646 4
S 257473,154523 560,575 620,636 1
S 128430,165809 555,595 612,644 5
S 128428,139155 553,597 619,637 3
S 141374,165793 552,570 619,636 5
S 168985,128432 540,563 564,587 4
S 128665,123338 562,596 612,643 4