D 156985
C 11
S 140395,131500 550,567 577,608 4
S 153718,132077 540,568 569,581 4
S 156984,159047 540,557 571,614 4
S 129306,150490 558,576 577,609 5
S 150488,150630 540,569 574,610 1
S 156980,153713 540,559 575,609 3
S 131510,153700 555,577 578,613 4
S 150234,255072 540,571 579,606 4
S 140347,129314 540,574 575,578 3
S 255069,132112 540,556 582,603 1
S 140331,153666 543,568 573,612 2
S 156982,132109 540,557 579,605 3
S 150099,153699 544,571 575,610 4
S 158966,131756 540,561 562,574 3
S 131503,156898 547,587 588,603 1
S 150286,131758 540,577 578,614 5
S 150562,131750 541,565 576,609 1
S 131514,132109 551,580 581,610 4
S 131756,129279 548,576 584,600 1
S 150475,132082 540,568 571,613 5
S 156986,150490 540,556 579,606 2
S 156955,131658 540,558 559,585 2
S 254512,131500 540,561 562,586 5
S 156982,140337 540,566 567,575 4
S 150274,150473 543,566 571,614 1
S 131757,150643 542,583 584,615 4
S 129288,132108 549,585 586,608 2
S 153716,156894 540,571 574,610 1
S 254521,131751 540,560 561,582 1
S 140348,150274 540,578 583,601 1
S 129287,140365 546,590 591,609 1
S 140365,131515 549,570 580,605 3
S 140395,255080 540,579 580,614 5
S 150469,131514 540,576 581,603 4
S 254509,131500 540,555 584,600 4
S 132109,153713 546,575 576,612 2
S 255603,255079 540,562 583,602 3
S 150286,131516 540,573 577,608 2
S 150099,131763 548,568 579,606 5
S 129313,131760 553,583 584,612 3
S 129316,153645 558,579 580,607 5
S 156866,156951 540,568 576,609 2
S 156952,140337 540,554 570,614 5
S 129312,131792 547,589 590,601 1
S 131506,156983 559,574 582,602 5
S 153775,129279 540,564 565,581 5
S 156892,131513 540,556 557,581 5
S 254522,131606 540,558 559,574 4
S 140337,140336 540,575 579,606 4
S 129312,255603 557,580 581,610 5
S 131515,132111 547,583 584,614 5
S 150786,159053 540,566 584,601 4
S 255069,150238 540,566 582,602 5
S 140332,150103 540,576 577,615 3
S 153715,150097 540,561 581,603 5
S 140391,140400 548,568 584,601 4
S 159063,139089 540,560 583,601 1
S 139089,131603 540,582 583,607 5
S 129287,153697 547,588 589,608 1
S 254521,129282 540,560 581,604 2
S 150474,153733 545,563 582,603 5
S 131506,153721 559,574 583,602 1
S 254508,150643 540,557 558,573 5
S 129317,150474 547,589 590,613 5
S 150317,150473 540,577 582,603 1
S 254508,150099 540,550 571,613 5
S 131603,140367 547,580 581,611 2
S 129279,140401 560,576 581,604 3
S 140344,159046 540,578 579,611 3
S 131766,156895 540,585 586,603 4
S 131659,153712 544,582 584,600 5
S 131765,129313 540,585 586,608 5
S 150274,140345 540,570 579,606 1
S 131758,131751 543,581 584,601 1
S 156952,140366 540,568 569,582 3
S 131516,140345 549,581 582,609 5
S 139094,150234 540,579 580,614 4
S 131515,131516 552,579 584,600 4
S 153717,156957 540,571 579,605 4
S 255069,131524 540,558 576,608 3