D 210987
C 8
S 210937,166549 540,552 553,587 5
S 170968,209416 555,576 594,629 3
S 166563,194764 553,585 600,624 5
S 184049,171108 541,570 594,630 4
S 210986,154730 540,555 563,588 1
S 166551,211124 549,590 604,620 1
S 210981,194430 540,548 549,570 3
S 209871,154816 540,566 594,630 3
S 180605,168971 549,573 592,632 3
S 149594,191042 567,585 592,632 1
S 183823,154731 546,568 569,596 3
S 177722,166314 547,582 602,622 3
S 194596,184208 541,558 598,625 1
S 210971,216888 540,549 602,621 2
S 154847,168837 564,583 604,620 4
S 181729,211083 541,580 599,625 5
S 154808,164386 555,594 595,629 2
S 168661,209560 552,582 602,622 4
S 180565,164392 543,580 599,624 2
S 194596,191055 540,567 600,624 3
S 166550,181477 548,590 599,624 3
S 166376,154835 551,591 594,629 5
S 154830,216893 552,596 597,629 1
S 154845,211083 556,592 601,623 4
S 194416,165830 540,566 567,581 1
S 195205,209561 540,566 604,619 5
S 170960,149603 544,584 585,592 5
S 184175,177524 540,572 603,621 1
S 183745,154845 547,568 569,592 1
S 149605,177560 557,597 604,620 1
S 180602,181483 545,576 603,620 2
S 170966,209403 549,582 600,624 2
S 194415,211140 542,561 599,625 3
S 194586,149605 540,572 573,596 4
S 149607,209400 562,591 592,633 5
S 184048,166561 541,569 570,579 1
S 165847,180856 555,589 596,627 3
S 209586,211215 540,560 601,622 1
S 181726,216922 540,582 594,630 1
S 183824,211187 540,577 593,630 3
S 195198,191076 540,565 597,626 5
S 180554,149606 543,581 582,592 2
S 248240,211188 540,573 595,629 5
S 194457,171071 540,565 594,630 3
S 209586,154817 540,561 593,630 1
S 209854,154810 540,560 595,629 3
S 180409,180858 540,584 604,619 1
S 209854,216890 540,567 589,634 5
S 170965,154656 545,585 586,598 2
S 184050,209813 545,566 604,619 5
S 154846,211215 566,581 592,631 5
S 210887,209422 540,557 604,620 4
S 210890,209417 540,550 594,629 1
S 195198,149593 540,557 558,597 4
S 210980,194601 540,548 549,572 1
S 191113,168229 540,575 596,628 3
S 195220,183746 540,564 565,575 2
S 154732,209603 560,591 596,627 5
S 181727,154830 540,582 583,591 4
S 183986,216925 540,576 595,629 5
S 252594,191057 544,589 590,634 2
S 180411,154810 549,576 598,625 2
S 166549,180856 551,587 590,633 5
S 183824,154655 540,574 575,591 2
S 165829,211086 563,581 590,634 3
S 210981,183822 540,560 561,568 4
S 195207,180655 540,563 564,580 1
S 248240,177525 545,561 602,622 4
S 183981,149606 540,575 576,590 1
S 166279,184216 551,591 596,627 3
S 210891,191145 540,566 567,575 3
S 177723,180855 552,575 602,622 3
S 195194,180411 540,563 564,575 3
S 149602,171072 563,589 600,624 1
S 209585,216890 540,566 599,624 3
S 154825,209401 560,589 600,623 5
S 149602,209602 555,597 601,623 5
S 210977,166281 540,561 562,582 4
S 183983,171075 540,576 595,628 4
S 194599,216888 540,572 604,619 2