D 178946
C 10
S 178396,166175 540,556 557,579 5
S 170295,167221 540,564 582,608 2
S 178599,156789 540,557 583,607 5
S 178861,178781 540,565 577,613 1
S 170256,167137 540,571 580,610 5
S 167071,164153 554,573 574,616 2
S 167061,178860 551,574 583,607 4
S 253118,163988 560,577 580,609 1
S 164083,167447 540,581 582,617 3
S 166690,164086 548,587 588,617 2
S 164064,156789 546,571 580,610 5
S 170316,167062 540,564 579,610 2
S 178944,167468 540,556 557,562 1
S 156789,166876 540,557 577,612 3
S 178938,166892 540,560 561,569 3
S 167145,178861 553,577 584,605 1
S 252454,167157 540,565 566,581 1
S 178421,166879 540,563 576,614 5
S 170295,166881 540,564 565,573 5
S 167221,167449 544,587 588,612 2
S 166977,164085 540,578 584,605 2
S 167181,178874 545,589 590,612 5
S 166690,167070 555,580 584,605 1
S 167480,178590 542,565 583,606 4
S 178946,167478 540,553 587,603 3
S 163976,167062 540,574 579,610 4
S 170256,167180 540,570 571,588 5
S 166691,178395 551,584 585,612 4
S 178937,178442 540,558 580,610 4
S 178566,164089 540,566 587,602 1
S 178944,178407 540,548 580,609 3
S 163976,164084 546,564 577,612 1
S 163974,167070 540,572 584,605 2
S 178397,166175 540,565 582,608 1
S 170226,178937 540,568 574,615 4
S 178941,170251 540,552 553,560 3
S 178422,166895 540,566 577,613 5
S 167145,170292 543,587 588,617 3
S 167072,167479 548,580 584,606 2
S 167134,178442 548,582 583,612 2
S 166869,178786 543,583 584,617 1
S 167135,164083 546,583 584,608 5
S 167186,167145 547,587 588,615 5
S 164085,166699 549,569 576,613 3
S 164086,178936 542,576 587,602 4
S 163987,167062 543,569 586,604 2
S 167072,178436 554,574 578,611 1
S 166977,166870 547,564 574,616 3
S 178600,166699 540,552 553,580 4
S 164081,163982 540,580 581,612 1
S 170341,178396 540,565 580,609 1
S 178958,167158 540,550 556,576 1
S 166881,178875 541,581 583,607 5
S 170254,166868 540,572 575,614 1
S 164080,167468 545,572 575,614 1
S 178882,167478 540,562 587,602 1
S 178568,166869 540,568 569,576 4
S 163993,166870 549,565 579,610 5
S 252454,178783 540,572 585,604 4
S 178787,164079 540,558 559,577 2
S 178779,178786 540,554 583,607 1
S 166977,163974 540,578 579,614 1
S 167222,167076 553,578 580,610 5
S 167144,164068 551,579 580,614 4
S 178587,164079 540,557 573,617 3
S 166174,178860 558,579 580,615 1
S 166870,178441 544,582 583,612 5
S 164082,163982 540,581 582,612 5
S 166891,163975 552,569 586,604 2
S 166902,164082 540,582 585,604 1
S 166880,166876 554,569 576,614 1
S 166869,178882 550,577 585,605 1
S 252468,167061 540,575 576,613 4
S 164065,178779 540,577 584,606 2
S 163993,178937 548,566 582,607 5
S 178568,164084 540,564 565,574 3
S 164154,178421 552,571 579,610 4
S 164065,178860 540,579 587,603 5
S 166870,167447 549,576 583,606 4
S 164085,167146 540,578 587,602 3