D 18373
C 9
S 60492,18709 545,587 610,650 2
S 18764,80201 540,562 608,652 1
S 81988,268905 572,599 608,652 3
S 280790,18758 540,557 609,652 4
S 280789,38306 540,565 609,651 2
S 69696,63061 564,589 618,643 4
S 34497,69820 544,563 622,639 4
S 80203,18453 566,600 608,652 4
S 34506,60453 540,568 614,646 3
S 80008,81987 562,601 613,648 5
S 81994,63061 573,596 620,640 4
S 34508,69767 540,567 615,645 3
S 35797,57175 550,573 614,646 2
S 18769,60486 540,563 618,643 3
S 18389,80202 540,560 567,599 5
S 66718,57186 562,586 621,640 3
S 80008,80162 569,593 623,638 4
S 66718,60497 552,596 610,650 4
S 60802,34669 556,573 613,648 2
S 35815,268895 544,570 615,646 2
S 18770,69761 540,564 610,651 5
S 60801,69665 557,572 573,587 5
S 34531,30579 540,569 622,638 4
S 34511,34500 540,566 609,652 4
S 66720,81991 551,596 617,644 5
S 79942,18779 563,595 613,647 2
S 60800,63646 557,574 617,643 2
S 34535,60489 540,570 614,647 1
S 18712,81994 540,560 566,603 1
S 268635,69794 571,602 614,647 2
S 34531,69823 541,562 609,651 2
S 18706,38244 540,554 619,641 4
S 35807,63648 540,577 616,645 2
S 63084,268635 557,585 586,607 3
S 277649,63591 540,578 617,644 1
S 278329,57295 540,557 610,650 4
S 63080,60508 550,592 618,642 3
S 81987,34800 570,601 610,651 5
S 268892,18776 558,597 608,652 1
S 34487,81990 540,571 572,608 4
S 18466,18455 540,550 611,649 3
S 35808,63592 544,572 618,643 1
S 81990,69759 564,606 609,651 3
S 18391,18646 540,562 617,644 4
S 57201,69794 540,581 621,640 5
S 60452,79935 551,587 588,601 4
S 18766,80203 540,567 568,599 5
S 80204,80201 566,599 622,639 1
S 60805,79941 548,579 580,593 5
S 34593,80202 545,560 569,597 3
S 18761,63693 540,555 611,649 2
S 18375,60509 540,552 619,642 3
S 69694,268895 562,590 608,653 5
S 69667,34613 562,589 617,644 2
S 18389,57240 540,552 553,580 5
S 278333,60497 540,561 619,642 3
S 80295,60491 567,601 609,652 3
S 80008,34610 562,601 611,650 4
S 35812,268896 540,579 617,643 3
S 30583,63084 542,557 558,584 2
S 79936,38244 563,599 620,640 5
S 280790,82002 540,556 614,647 2
S 34489,38313 540,572 615,646 4
S 34590,63646 541,568 611,650 3
S 63084,69761 562,581 610,651 4
S 66669,60508 563,583 620,640 3
S 66794,18454 552,596 616,645 1
S 82002,35819 577,593 614,646 1
S 34599,60491 546,561 618,642 4
S 18389,79946 540,552 556,600 1
S 268633,79940 578,595 616,645 1
S 79946,268633 556,601 616,644 2
S 57198,69696 547,574 575,590 1
S 69667,81990 558,593 609,651 5
S 80008,57185 561,602 611,649 4
S 57240,18758 541,584 612,649 1
S 34487,69696 542,570 571,590 4
S 268633,63038 579,594 623,638 2
S 34532,60496 540,570 611,650 3
S 268891,80300 564,591 619,641 4