D 188994
C 8
S 173539,172715 557,583 629,665 4
S 188627,175145 540,566 630,665 4
S 173786,148169 543,587 588,594 5
S 148331,188491 560,591 636,659 3
S 173782,188716 548,580 634,660 3
S 173398,172640 561,583 584,596 2
S 188996,173607 540,560 561,577 3
S 173607,173609 550,582 628,666 1
S 172659,172798 575,601 632,663 4
S 188992,148532 540,557 573,617 3
S 188551,187777 541,560 628,666 3
S 173612,148237 546,589 629,666 5
S 173608,148185 559,574 636,659 5
S 188875,188741 540,555 625,669 4
S 148336,175451 556,593 632,662 3
S 188981,188771 540,550 635,660 4
S 188874,175490 540,552 553,582 5
S 173539,148378 562,578 625,670 3
S 172634,251837 571,601 627,667 1
S 188567,188973 540,574 628,667 5
S 173398,172629 552,592 633,662 1
S 172660,173783 571,606 640,655 2
S 148357,173545 562,586 639,656 2
S 175163,148420 550,575 576,592 5
S 148354,188634 552,595 629,666 1
S 172626,188698 573,594 627,667 1
S 173529,172625 553,588 589,598 1
S 173531,148429 562,579 626,668 4
S 143962,188717 583,600 638,656 2
S 173610,143963 546,587 588,607 1
S 172628,172626 563,606 630,665 2
S 172626,173613 573,594 629,666 3
S 148237,173367 568,585 627,667 1
S 186567,148542 540,573 581,608 5
S 173615,188568 553,583 634,660 2
S 173020,148393 565,601 626,668 4
S 188985,148170 540,550 561,596 3
S 188553,148309 540,573 638,657 5
S 188555,173526 540,566 638,657 5
S 173609,173789 544,588 637,657 3
S 175165,188783 541,586 640,655 2
S 143983,172763 580,600 633,662 4
S 173610,188633 559,574 635,660 5
S 173017,175145 571,594 629,665 2
S 175163,251839 542,584 625,669 1
S 188634,175164 540,562 563,576 4
S 173551,148543 560,578 579,610 2
S 186502,143947 549,568 573,614 5
S 175488,148353 551,570 571,588 4
S 172662,148333 571,606 630,665 1
S 148544,148394 573,615 637,658 4
S 148355,188981 561,586 628,666 2
S 143985,188742 570,609 633,662 3
S 172659,172763 568,607 636,658 4
S 173528,148559 555,587 639,655 4
S 148192,148482 564,590 591,597 2
S 173612,173020 548,586 627,668 5
S 188879,173609 540,561 635,660 1
S 173618,143963 546,589 590,613 4
S 188689,186559 540,557 626,668 5
S 143948,148191 579,607 627,667 3
S 175159,148175 547,577 578,597 4
S 188745,173854 540,553 627,667 3
S 188643,173854 540,558 633,662 4
S 172630,172750 569,600 631,663 2
S 188985,172715 540,548 638,657 3
S 188781,173789 540,553 556,576 3
S 173610,172630 545,588 625,670 1
S 188650,186561 540,569 626,669 3
S 173615,143948 559,577 578,615 4
S 173398,172998 559,585 630,665 2
S 188743,143955 540,567 580,605 3
S 188555,148421 540,566 567,595 4
S 173363,173786 564,581 627,667 2
S 148420,188551 571,591 639,656 3
S 148532,175464 579,612 628,666 1
S 188508,172633 544,562 569,601 5
S 148551,148530 588,603 635,659 2
S 172686,148175 575,599 626,669 3
S 186498,188720 540,575 630,664 1