D 147738
C 9
S 214503,228045 565,583 584,603 3
S 216122,227962 562,590 639,657 3
S 228067,216193 563,608 631,665 5
S 175610,187075 543,564 631,666 3
S 173506,235990 540,557 581,606 5
S 213157,228066 557,579 580,601 4
S 147744,189664 540,554 640,657 4
S 186026,187094 547,565 640,656 1
S 189664,228922 556,574 587,603 4
S 214505,228759 559,587 588,605 2
S 189637,228204 541,586 587,602 2
S 228060,228768 576,592 629,668 3
S 228070,213190 567,605 629,668 3
S 228044,186361 562,606 631,666 4
S 216223,235990 567,593 594,611 4
S 215475,228753 556,593 635,662 3
S 215472,173684 555,596 632,664 4
S 214509,187094 563,582 640,657 4
S 227970,175557 568,594 638,659 4
S 228768,227962 571,605 630,666 2
S 175608,187089 545,561 633,663 4
S 175538,173401 542,565 630,667 4
S 214653,228075 549,593 635,662 3
S 189634,228750 550,579 581,599 5
S 235979,173638 572,613 633,664 1
S 187074,214657 551,566 567,579 4
S 216122,189662 564,587 627,669 4
S 175608,235990 541,565 627,670 3
S 147745,173508 540,548 635,662 3
S 227963,175568 565,597 632,665 1
S 147741,175541 540,558 636,661 3
S 175565,189680 542,560 632,665 1
S 215475,228745 565,583 627,669 5
S 228769,175613 568,608 626,670 4
S 187382,189684 552,574 639,658 1
S 216223,186029 568,591 640,656 2
S 186366,216181 543,571 631,665 1
S 228044,214717 565,603 629,667 5
S 228752,173635 570,609 628,668 5
S 187071,228922 540,580 584,606 3
S 216188,173369 565,592 636,660 3
S 228752,173373 576,602 635,662 3
S 213188,175617 551,587 639,657 2
S 235991,216222 584,603 627,669 2
S 216187,236310 560,596 632,665 5
S 173373,187095 540,556 557,572 3
S 214543,173682 552,591 634,662 2
S 228751,187079 572,608 628,668 3
S 185987,175559 540,575 626,671 2
S 187091,216124 540,580 581,594 3
S 187383,216125 554,571 572,591 1
S 147605,186027 540,566 630,666 2
S 216121,236310 567,585 627,669 3
S 228768,175614 578,597 636,661 5
S 173377,236313 540,567 631,666 4
S 228770,147803 580,596 630,667 2
S 228737,228769 570,614 633,664 4
S 228750,187072 582,598 627,670 1
S 214653,228922 548,593 634,663 4
S 187080,229022 540,580 581,612 2
S 229029,186028 580,612 629,667 5
S 187071,175609 540,577 629,667 5
S 228750,236313 570,610 628,668 5
S 173371,213157 540,555 639,658 3
S 216121,173367 553,598 635,661 1
S 214539,228204 563,582 640,657 3
S 213187,228069 549,589 590,601 5
S 189691,228768 553,579 637,659 2
S 214503,228924 556,591 640,656 3
S 147743,228769 540,554 630,666 5
S 228753,189690 567,612 636,661 1
S 147742,229029 540,553 636,660 1
S 147745,187073 540,551 552,575 4
S 173506,229029 540,557 575,616 4
S 173400,175614 540,570 637,660 5
S 189684,228030 551,579 630,667 4
S 187384,216288 541,583 630,666 1
S 186030,228769 541,569 575,600 4
S 147745,186867 540,552 639,657 2
S 187088,147803 540,579 631,666 1