D 105518
C 11
S 147820,249240 546,573 574,587 5
S 105715,187392 540,565 596,641 5
S 187097,249241 567,587 608,629 4
S 145136,145635 540,574 604,633 5
S 147820,249241 540,579 580,582 4
S 187390,175541 569,588 597,640 1
S 110239,185987 540,569 570,587 1
S 173558,187092 550,576 577,589 4
S 173623,110241 556,572 598,640 2
S 110109,105728 540,566 596,641 2
S 249239,187096 559,587 600,637 1
S 109902,173615 540,559 560,581 5
S 110110,106715 540,566 607,631 4
S 110239,189556 541,560 600,638 3
S 187393,110246 558,600 601,640 4
S 147602,187390 550,571 572,594 1
S 173555,110117 546,580 599,639 5
S 145671,110241 542,574 603,635 5
S 145618,110096 540,577 609,628 5
S 175542,105512 553,584 606,631 4
S 186027,187393 561,583 602,636 5
S 186029,146002 564,579 607,630 1
S 110098,175614 540,571 604,633 4
S 187097,173703 559,594 608,630 1
S 109922,186365 540,566 602,636 2
S 187077,185991 567,582 600,637 2
S 110240,189559 540,571 597,641 1
S 105613,110052 540,555 609,629 5
S 105510,187096 540,560 609,628 5
S 145671,185990 540,580 598,640 3
S 109903,145659 540,562 563,566 3
S 145136,146007 540,576 598,639 1
S 175538,187386 561,578 610,628 1
S 175542,173693 561,577 602,635 4
S 105512,146002 540,558 559,578 2
S 105513,173695 540,560 561,576 5
S 186029,110246 555,587 610,628 2
S 175538,105511 560,580 603,635 5
S 173626,249241 557,572 604,633 2
S 145617,173695 541,572 607,631 2
S 173552,189558 552,576 577,592 4
S 105512,147824 540,554 555,576 1
S 175608,189554 556,581 582,597 4
S 187079,187093 553,597 601,636 2
S 145618,187382 540,576 577,600 1
S 186026,147819 563,581 609,629 3
S 110110,110249 540,572 608,630 2
S 106724,173623 540,552 603,635 2
S 105509,110054 540,554 596,641 5
S 249241,173704 559,588 605,633 4
S 109921,105725 540,559 602,635 3
S 146007,147834 540,578 601,637 1
S 187100,187089 563,591 603,634 3
S 187079,187386 555,596 605,633 1
S 187075,175541 559,590 609,629 4
S 146003,187080 545,572 573,587 2
S 105715,186030 540,561 562,589 4
S 105701,173627 540,561 609,629 3
S 110261,105731 540,568 606,631 5
S 110246,186030 540,563 603,635 4
S 173565,187077 540,584 606,632 4
S 175543,186017 560,576 607,630 3
S 187080,173696 554,597 606,631 3
S 109918,173566 540,562 563,581 2
S 113725,187099 540,572 573,598 3
S 105514,187077 540,561 610,627 1
S 147903,185990 550,571 599,638 4
S 173616,187393 546,581 582,597 5
S 173569,187094 547,575 599,639 5
S 173563,173564 553,572 597,640 5
S 147820,110115 547,573 608,630 4
S 110112,110046 540,567 597,641 4
S 173696,113741 548,583 604,634 2
S 109922,187101 540,567 601,637 1
S 109899,173627 540,568 611,627 1
S 175548,106713 547,587 598,639 1
S 185988,105634 558,583 604,633 5
S 105518,110118 540,551 611,626 5
S 249240,146002 556,590 606,631 4
S 173693,105732 549,581 601,637 4