D 135408
C 9
S 149634,135344 546,586 587,601 1
S 141684,141857 561,579 580,600 3
S 258145,154425 540,562 579,600 5
S 134257,141914 540,558 582,598 5
S 134296,141848 540,560 561,590 4
S 165055,154420 544,570 579,600 1
S 134252,154667 540,556 557,580 4
S 154796,135406 543,585 586,603 3
S 149744,142011 559,581 582,606 5
S 164756,141926 549,574 575,606 5
S 164764,142079 553,569 578,602 2
S 141685,141836 559,580 581,603 5
S 154719,142092 556,574 582,597 4
S 154815,141852 553,575 576,610 3
S 256970,253341 540,564 565,576 3
S 154823,142072 554,574 575,606 3
S 149744,137299 550,591 592,601 2
S 134334,141763 540,555 574,606 5
S 256971,142011 540,569 574,606 3
S 134335,141683 540,563 564,581 1
S 134339,141937 540,550 572,608 3
S 256970,142100 540,557 581,599 2
S 253344,137282 549,578 579,610 1
S 165149,141834 540,574 575,605 2
S 135963,141836 540,557 573,606 1
S 257004,134469 540,565 574,606 1
S 135967,137275 540,561 570,609 5
S 134264,165093 540,551 552,571 4
S 164733,137275 540,581 582,607 4
S 135395,165094 540,557 558,574 2
S 154666,138270 545,586 587,606 3
S 134333,164908 540,553 554,572 4
S 135390,164880 540,557 558,579 1
S 141866,141921 546,588 589,611 2
S 135969,135337 540,560 579,600 2
S 253344,141683 556,571 577,602 1
S 149752,142089 554,588 589,598 2
S 135386,137273 540,564 575,604 3
S 135391,141900 540,564 565,580 4
S 255707,134468 547,592 593,608 5
S 141897,141937 551,583 584,610 3
S 149753,142073 558,584 585,607 3
S 164748,142012 554,571 579,600 4
S 165149,141685 545,566 567,583 4
S 135390,141849 540,562 581,598 2
S 165149,137286 544,568 578,601 4
S 164906,141859 551,566 568,611 3
S 257036,141834 540,569 570,584 4
S 149748,141943 561,581 582,602 1
S 141900,255707 552,582 583,605 1
S 141683,141837 561,578 579,611 2
S 134330,141685 540,561 577,602 4
S 253259,141848 540,570 571,611 4
S 256970,164913 540,569 570,575 5
S 164910,138380 540,578 579,612 3
S 256998,142100 540,572 575,604 4
S 134297,165146 540,561 562,571 4
S 149753,134468 560,582 583,609 3
S 164765,138272 546,576 581,598 2
S 141847,135345 559,577 578,612 5
S 165066,141938 545,570 576,604 1
S 164763,137278 548,575 576,604 3
S 164907,134364 546,571 572,611 3
S 141826,154418 561,576 582,597 2
S 254906,134379 547,582 583,608 1
S 165110,141848 541,571 581,599 1
S 258145,165146 540,551 552,569 4
S 253261,154863 544,566 567,580 5
S 141849,141683 549,586 587,601 5
S 164422,135340 554,572 575,605 1
S 164883,138379 552,567 581,599 1
S 164421,149753 541,585 586,611 5
S 165145,141837 544,565 578,601 4
S 141867,137274 550,585 586,610 1
S 149750,142071 563,578 579,610 3
S 164881,137275 552,568 572,608 3
S 149744,142191 549,592 593,600 1
S 253260,149634 540,571 572,582 3
S 141684,142053 557,582 583,602 1
S 164789,134366 544,577 579,600 1