D 33886
C 11
S 70788,34016 557,595 597,628 1
S 57258,61196 545,572 598,628 1
S 57177,35616 548,566 599,626 2
S 70785,33988 568,585 599,626 5
S 60538,61020 552,567 603,622 1
S 35457,35457 540,567 593,633 5
S 70838,34064 554,599 600,625 4
S 70853,61299 557,599 601,624 2
S 34067,35584 540,559 560,575 1
S 57216,34057 549,564 603,623 3
S 35424,34087 540,567 604,621 3
S 33981,61303 540,560 596,629 1
S 70440,70515 550,595 605,621 1
S 61020,277476 554,576 592,634 2
S 34019,60560 540,553 554,578 2
S 60546,61173 546,575 590,635 1
S 62671,70843 558,581 602,624 1
S 60537,70872 551,569 570,598 3
S 35419,35103 540,569 595,631 1
S 34068,60561 540,561 562,582 3
S 57213,35758 541,573 599,626 4
S 70757,62674 564,592 596,629 3
S 35655,70788 540,574 599,626 1
S 61018,35798 543,586 597,629 1
S 277476,61018 540,572 573,587 3
S 62674,70434 548,591 602,623 5
S 62679,34976 556,585 597,628 5
S 62674,60964 550,589 601,625 4
S 70865,70466 559,598 599,628 5
S 57047,70851 543,582 583,587 1
S 35585,34058 540,574 590,635 4
S 35583,61179 540,573 604,621 3
S 57258,34955 546,570 592,633 1
S 57162,62721 550,566 598,628 3
S 33894,35627 540,549 550,563 1
S 70790,61018 554,596 597,629 3
S 35627,60965 540,573 574,586 2
S 33980,57051 540,553 594,631 5
S 35759,70863 540,577 578,594 2
S 57175,57258 549,566 593,632 5
S 61016,35798 550,579 604,622 3
S 70842,34947 567,588 598,628 5
S 35102,60963 540,558 559,582 2
S 70751,35419 567,590 592,633 1
S 70511,34065 562,586 601,625 5
S 35459,35763 540,568 597,628 2
S 35419,62722 540,563 564,588 1
S 35656,57227 540,570 594,631 2
S 70751,70785 562,595 599,626 4
S 61302,70444 551,586 595,631 3
S 70462,61197 559,589 593,632 5
S 70872,62671 555,600 601,629 4
S 57213,61021 548,566 603,623 4
S 70748,70466 565,592 601,624 2
S 70866,35416 561,595 599,626 1
S 60548,70791 546,575 576,589 5
S 35763,35609 540,571 599,627 2
S 34058,35105 540,554 595,630 4
S 61022,57052 553,578 598,628 4
S 35584,70789 544,560 561,594 4
S 57049,70838 543,582 583,594 5
S 70444,61174 562,584 603,623 2
S 35760,277476 540,574 593,632 5
S 35458,61019 541,559 594,631 3
S 61191,61198 558,577 593,632 4
S 70837,35762 564,590 592,634 5
S 34958,60546 540,565 566,580 4
S 70843,34952 565,590 595,630 1
S 70840,34070 554,598 599,630 1
S 60533,70436 540,582 602,624 5
S 60536,35761 540,581 597,628 5
S 35439,35759 540,566 596,629 4
S 70397,35456 559,584 599,627 3
S 34065,34053 540,551 595,631 5
S 35626,70850 540,569 570,586 5
S 57034,57213 551,576 591,634 2
S 62724,35586 560,582 595,631 5
S 60963,60534 548,579 592,633 5
S 70748,277476 568,588 597,629 3
S 35760,34016 540,577 600,626 5