D 22758
C 11
S 22992,24113 540,568 593,609 4
S 10921,23029 546,586 587,619 2
S 10878,24078 560,586 587,616 2
S 11050,22991 548,573 582,621 5
S 10824,24106 557,583 591,612 5
S 23259,23158 549,593 594,624 1
S 22785,23057 540,552 553,565 3
S 11044,22980 541,581 590,612 5
S 10825,22960 548,593 594,615 2
S 11031,23002 544,582 586,617 1
S 10825,23292 559,582 589,614 5
S 11044,23328 546,576 583,620 2
S 23259,23124 563,579 586,617 2
S 10888,23124 564,579 580,622 1
S 11074,23185 543,577 590,613 4
S 23055,23137 540,575 579,624 5
S 10882,22891 557,586 587,622 2
S 22794,24112 540,559 581,622 2
S 22759,10914 540,558 589,614 2
S 23028,22910 540,570 590,612 3
S 10881,24121 559,584 585,624 4
S 22970,10903 540,557 558,591 2
S 11000,21710 553,577 591,612 5
S 11023,22905 550,579 588,615 4
S 11079,24107 547,570 587,615 4
S 23053,23028 540,578 580,622 2
S 11027,22968 556,571 579,624 5
S 10887,21723 563,579 589,613 3
S 23027,23202 541,566 567,588 2
S 22977,24074 540,568 580,623 5
S 10879,23027 559,586 589,614 4
S 23023,24121 540,573 592,611 3
S 22978,23345 540,560 586,616 1
S 23037,24074 540,574 580,623 5
S 10998,23033 541,585 588,615 3
S 11000,23309 555,574 583,620 1
S 23049,282198 542,569 570,578 2
S 10881,23326 553,591 592,616 1
S 22920,23020 540,563 591,611 2
S 10906,23316 555,582 583,622 3
S 10880,23307 552,591 592,619 5
S 23003,10887 540,564 565,591 1
S 22784,23001 540,550 588,614 3
S 11025,23345 548,579 589,613 5
S 23196,23245 557,577 582,620 5
S 22977,21726 541,557 586,616 1
S 23023,23133 540,569 584,619 5
S 10881,23156 557,587 588,616 2
S 10922,24118 546,587 592,611 5
S 22746,22910 540,549 592,610 4
S 10902,24113 558,581 583,620 2
S 22981,22960 540,568 583,619 1
S 23041,22903 540,571 581,622 3
S 23105,23291 544,572 593,609 2
S 23033,23137 540,570 592,610 2
S 22786,11032 540,553 554,582 4
S 22992,23002 540,563 593,610 1
S 23049,23022 548,563 587,616 4
S 23003,24074 540,570 580,622 4
S 23028,22889 540,572 580,622 2
S 10824,22977 555,585 586,620 2
S 11081,23019 543,575 583,620 5
S 22759,23326 540,562 586,616 3
S 23023,23203 542,563 564,582 2
S 23028,21723 543,564 581,622 3
S 23259,21710 550,591 592,616 1
S 23197,23179 554,580 591,612 1
S 22978,11032 540,559 560,574 1
S 22799,23055 540,566 567,576 5
S 23020,21724 544,559 590,612 1
S 22896,23157 540,553 583,619 3
S 10882,23245 549,594 595,614 4
S 22955,23333 540,569 584,618 2
S 11032,23316 543,581 584,618 2
S 10905,21672 560,579 589,614 2
S 23021,11000 540,569 570,581 4
S 10878,24112 552,594 595,619 4
S 23106,23160 551,566 592,611 5
S 10899,23291 555,585 587,615 2
S 22785,23137 540,552 591,611 3