D 59390
C 10
S 59378,34020 540,549 628,659 5
S 272592,12649 540,563 634,654 4
S 284052,18504 572,615 632,655 4
S 18499,12810 544,589 636,651 3
S 34276,12776 540,576 577,589 5
S 272595,34305 540,558 559,573 2
S 4098,12775 568,610 622,665 4
S 4102,35019 573,603 623,665 1
S 13162,6599 568,598 626,662 2
S 13023,35031 561,587 626,661 5
S 4088,34306 578,602 625,663 5
S 34231,278288 542,577 631,657 4
S 34115,12488 540,572 626,662 1
S 33949,18360 540,566 625,662 5
S 4101,34268 574,602 622,666 2
S 12644,8241 574,595 630,657 3
S 35022,18359 540,562 563,581 3
S 34270,13910 541,572 631,656 2
S 18367,13144 560,580 581,599 4
S 13906,278228 560,583 630,658 3
S 4040,34024 577,609 636,652 3
S 4037,12775 582,605 628,660 3
S 33948,12744 540,568 570,592 2
S 278238,12777 551,578 579,593 5
S 35030,12488 540,561 575,597 5
S 34277,35063 550,566 633,655 3
S 59392,30688 540,563 629,659 3
S 34130,13018 543,564 621,666 2
S 4099,12781 581,597 626,661 3
S 35026,34127 540,554 627,660 3
S 13028,12490 554,594 629,658 4
S 18482,18369 556,580 624,663 3
S 13025,34277 553,596 624,663 2
S 35061,34273 540,557 629,658 2
S 30697,12924 547,576 631,656 2
S 18378,12954 553,586 636,652 1
S 35026,12777 540,558 569,590 1
S 13905,59379 556,587 633,654 1
S 12775,12776 566,593 631,657 5
S 30719,34305 545,576 625,663 5
S 30696,35012 549,575 631,657 3
S 8235,8222 571,602 629,658 3
S 8236,30719 578,597 630,657 3
S 13008,6599 551,594 595,608 1
S 13144,8222 575,592 625,662 4
S 12954,34277 560,591 627,661 5
S 278236,34286 544,583 627,660 1
S 284063,12770 576,609 634,653 2
S 30688,12764 549,575 630,658 2
S 18362,4089 551,588 589,608 5
S 12778,35031 561,597 635,653 3
S 59380,30710 540,555 633,654 4
S 33765,13018 540,565 623,664 2
S 12488,30717 565,607 636,651 2
S 34268,33765 542,570 626,661 3
S 272595,34270 540,563 630,657 3
S 18370,284065 560,582 586,601 5
S 13905,8221 554,589 636,652 2
S 33952,4060 540,567 583,598 3
S 12772,12925 566,593 624,664 2
S 35062,59382 540,554 631,657 1
S 12810,30691 565,589 623,665 5
S 13009,4093 563,582 583,608 4
S 34235,12810 540,579 580,589 2
S 12951,13007 557,595 627,660 4
S 278307,34127 550,580 631,656 4
S 4038,34047 574,612 632,656 4
S 34129,35029 540,573 622,665 5
S 278237,18502 553,575 629,658 5
S 34041,33941 540,569 634,654 1
S 12776,4095 566,593 627,661 2
S 30687,8212 549,575 576,610 2
S 13904,35024 557,586 633,654 2
S 4101,277726 577,600 624,663 3
S 12814,4066 559,594 630,658 3
S 59380,12636 540,560 624,663 5
S 33953,4095 540,572 625,663 1
S 35029,13024 540,566 623,665 1
S 34296,4099 547,563 578,599 1
S 12487,34041 576,595 622,665 1