D 222370
C 8
S 238707,217752 540,563 564,575 3
S 224901,231999 587,630 642,681 5
S 217398,231321 564,591 640,682 1
S 224046,231993 598,623 648,675 3
S 224046,226611 600,622 649,673 5
S 220683,227839 567,592 593,634 1
S 217674,222556 557,589 651,672 2
S 224948,227806 595,613 640,683 2
S 208487,227873 548,590 604,626 4
S 239497,222552 580,598 654,669 2
S 224293,227814 589,608 647,676 1
S 220622,224928 567,595 596,616 2
S 208414,227789 555,580 639,684 1
S 217670,224048 557,593 597,623 1
S 224368,231265 583,605 653,669 4
S 219227,220623 540,569 571,591 2
S 208136,227873 552,579 652,670 1
S 224914,231729 586,628 639,683 2
S 224956,222429 595,615 654,669 4
S 218960,208918 540,564 565,597 1
S 224314,227780 578,613 654,669 2
S 208540,220139 552,591 592,601 5
S 227881,231872 600,631 644,679 1
S 224299,231887 584,610 643,679 3
S 227836,222432 596,632 649,674 4
S 219569,227874 540,567 654,669 2
S 219220,227875 540,565 595,636 4
S 219562,217008 540,555 571,607 3
S 220139,224303 568,600 601,617 2
S 219565,231062 540,559 654,669 4
S 227877,227218 593,638 647,675 3
S 208493,226601 551,589 642,680 2
S 216985,231728 574,601 648,674 4
S 208139,220153 551,578 579,595 3
S 208703,231919 550,572 647,675 2
S 224916,227053 594,619 639,684 3
S 224943,235345 594,611 654,669 4
S 222368,216961 540,553 564,607 2
S 219317,227088 564,588 649,673 2
S 208715,217674 541,582 583,585 5
S 208125,224775 556,576 590,613 1
S 224295,227807 583,612 644,678 1
S 219226,227789 540,568 641,681 4
S 224919,226463 597,614 647,676 3
S 217070,227824 572,598 639,683 1
S 222884,227573 572,608 652,670 4
S 222372,237291 540,558 639,683 5
S 222377,224771 540,552 594,611 1
S 208139,216985 546,583 584,597 4
S 208130,230532 554,572 641,681 3
S 218961,227822 541,562 644,678 4
S 208472,224242 554,581 589,609 5
S 216951,227846 569,604 605,624 3
S 217801,224350 545,568 578,606 2
S 224368,235345 578,611 647,675 3
S 217677,227554 556,590 654,669 2
S 224770,231918 581,623 649,673 3
S 224234,227829 577,622 646,676 2
S 217680,231735 553,592 645,677 3
S 220688,231917 564,593 644,678 2
S 219216,224046 540,569 602,620 5
S 208543,238591 560,582 583,593 3
S 208916,227572 554,599 651,671 3
S 208489,224292 558,580 587,609 2
S 218576,224292 546,565 590,607 3
S 220685,224926 564,596 597,626 3
S 208917,222546 559,594 644,678 1
S 208413,220627 549,584 585,594 3
S 224950,222556 586,622 641,682 2
S 208720,231916 551,568 650,673 5
S 219230,224046 540,567 594,627 3
S 217409,227828 566,585 645,678 4
S 227883,231872 600,632 653,670 5
S 219569,222885 540,555 580,601 2
S 208875,227805 563,581 642,681 4
S 218683,220685 540,569 570,595 1
S 224908,231297 589,626 639,684 2
S 227883,226188 603,630 639,683 2
S 224046,226598 603,618 653,670 2
S 220682,224314 561,601 602,608 2