D 273287
C 12
S 94553,52717 554,577 627,653 4
S 279431,54565 579,603 633,648 1
S 54603,273782 540,556 618,662 1
S 47365,49641 557,587 623,657 2
S 48842,27965 561,606 626,654 2
S 26424,53031 578,601 619,662 5
S 94829,53238 540,580 625,656 1
S 94840,47301 547,568 625,655 2
S 47370,46923 564,582 630,650 1
S 48953,53168 569,595 628,652 4
S 49489,47350 559,594 627,653 5
S 279431,47348 581,601 632,649 2
S 54603,40928 540,567 575,602 5
S 54595,54634 540,563 630,651 1
S 95284,26420 540,575 625,655 4
S 52873,48865 558,583 627,654 3
S 47366,52887 559,586 622,658 1
S 94603,48820 550,577 630,651 1
S 54617,54624 540,562 625,655 4
S 94571,95439 551,579 624,657 4
S 26427,53068 572,609 632,648 5
S 26429,52728 571,610 620,661 4
S 94572,48953 550,579 580,592 4
S 47375,53061 559,589 626,654 5
S 47422,47439 571,592 632,649 2
S 95253,40931 540,567 568,607 2
S 54592,53236 540,564 624,657 3
S 54586,26428 540,557 621,660 4
S 49628,53429 567,584 623,658 3
S 52687,47361 566,583 624,657 3
S 40935,47348 570,603 630,651 2
S 54421,26429 540,564 576,606 3
S 54508,40929 540,565 633,648 5
S 94555,53061 550,583 633,648 2
S 273296,47301 540,548 619,661 3
S 52689,53012 565,585 624,657 3
S 47421,54584 562,599 632,648 5
S 266406,53633 540,577 622,658 1
S 40928,53235 576,601 623,657 2
S 94654,47301 549,577 622,658 4
S 55073,47511 550,587 627,653 3
S 40934,46940 572,602 618,662 4
S 53729,52777 542,557 559,583 2
S 95283,52679 540,572 632,648 2
S 94828,52678 546,571 627,653 3
S 26426,49379 573,607 632,649 2
S 54578,53737 540,567 633,648 3
S 94864,53505 545,573 624,657 5
S 47366,53058 563,582 626,655 4
S 95459,49094 540,554 632,649 5
S 47366,54634 557,587 623,657 4
S 94875,54634 544,576 630,651 1
S 94864,49488 547,572 573,587 5
S 95255,53033 540,566 624,657 4
S 94775,53059 553,569 629,651 2
S 26419,26423 571,606 632,648 1
S 95286,52766 540,575 576,582 2
S 26428,48820 581,601 624,657 3
S 40927,53021 575,602 627,654 4
S 49395,46924 558,597 620,660 4
S 49491,53020 557,596 624,656 1
S 94773,49110 550,572 573,587 5
S 40934,54565 574,600 633,648 2
S 47520,54577 570,600 623,657 1
S 54442,40931 540,558 621,659 3
S 54422,54936 540,562 563,588 4
S 94603,273775 548,579 618,662 5
S 47520,54565 575,596 620,660 4
S 94555,52898 554,578 619,661 4
S 48956,52699 572,591 625,656 2
S 47418,53251 566,594 627,654 3
S 52873,40935 550,591 620,661 1
S 54642,95433 540,560 630,651 4
S 95289,49490 540,572 573,596 2
S 55071,46940 552,586 633,648 3
S 47439,53070 567,602 633,648 2
S 54578,274235 540,569 570,592 3
S 94840,273541 548,567 627,654 2
S 54443,26418 540,553 574,603 5
S 40938,48958 578,595 623,657 3