D 175579
C 12
S 175586,172467 540,556 557,571 4
S 172536,250881 544,574 587,627 1
S 175874,175806 544,564 587,627 1
S 175806,181067 542,558 566,584 5
S 176268,184988 544,561 594,621 5
S 175871,172445 543,563 564,582 2
S 251009,184952 540,554 585,629 4
S 181058,175582 563,585 594,621 5
S 184831,250884 564,583 591,623 2
S 181073,176294 562,588 598,617 3
S 175772,181069 540,566 567,597 1
S 175900,175805 540,572 589,625 4
S 175580,175808 540,562 563,566 4
S 172480,190150 550,572 586,629 1
S 184614,250998 553,598 599,621 2
S 176596,176299 558,576 586,629 4
S 251010,184988 540,558 595,619 1
S 172534,185055 549,572 590,624 2
S 175775,175771 540,562 591,623 1
S 175843,177023 540,573 574,589 2
S 172445,175773 545,583 588,626 2
S 176000,181069 547,562 563,593 4
S 173234,176865 540,554 555,583 3
S 185471,173269 540,564 592,622 5
S 172540,173223 540,580 593,622 4
S 173234,181071 540,567 590,624 5
S 175580,177021 540,557 559,582 3
S 181059,185054 562,585 590,624 2
S 184808,175804 556,589 590,628 4
S 177017,175773 560,582 595,620 3
S 181066,176258 559,591 596,619 5
S 175775,184613 540,570 571,595 3
S 181067,173225 565,586 594,620 3
S 173288,185052 540,561 588,627 4
S 176610,185053 555,580 587,628 4
S 176869,176292 555,582 597,618 1
S 175874,173223 546,562 597,618 1
S 175775,176586 540,560 561,576 3
S 175769,175804 540,560 586,628 5
S 181063,176263 567,582 587,627 1
S 172349,184952 554,576 594,621 5
S 173236,184983 540,557 595,619 3
S 172537,175805 546,572 593,622 2
S 172446,173225 554,574 590,624 1
S 172536,181067 545,573 574,589 5
S 184616,175771 555,597 598,628 3
S 175872,181070 540,571 572,591 2
S 172540,184799 551,566 591,623 2
S 173226,175808 540,566 596,619 1
S 173113,181068 540,558 559,593 1
S 176000,173235 540,575 596,619 5
S 176589,173225 548,584 591,623 3
S 175898,173105 542,569 599,615 5
S 175899,184799 542,570 598,616 5
S 172471,181058 544,578 579,584 5
S 175808,175584 540,562 594,621 2
S 172530,175773 552,567 591,624 4
S 177018,176257 550,591 595,620 3
S 172352,176268 547,582 587,628 2
S 177021,184956 549,592 593,623 2
S 176596,173104 558,576 588,627 4
S 175873,175585 543,564 597,618 4
S 173235,181057 540,566 567,584 1
S 184829,185065 555,592 593,630 3
S 175770,175775 540,562 597,618 3
S 175769,181059 540,569 588,626 4
S 181061,175786 555,594 598,617 3
S 176613,250998 557,580 592,622 4
S 184616,251733 565,587 599,616 2
S 177022,251010 559,580 597,618 4
S 172473,190151 546,575 589,625 1
S 172538,177023 551,567 568,586 2
S 250995,185055 540,560 588,627 2
S 172455,175771 551,576 590,625 2
S 172530,181060 540,581 588,627 1
S 175771,185055 540,562 587,628 3
S 172482,176263 541,580 599,615 2
S 172430,176412 545,580 595,620 4
S 175901,176488 544,568 597,618 1
S 251733,176000 540,550 551,577 4