D 149806
C 8
S 154477,149465 540,554 555,580 2
S 154305,149788 540,555 556,585 1
S 255694,149474 540,559 560,585 5
S 154524,149474 540,554 559,577 3
S 154871,149465 540,571 572,590 1
S 154519,154868 540,562 563,576 1
S 154799,154796 540,569 570,588 1
S 149789,254925 540,564 565,582 5
S 149789,154703 540,551 552,584 4
S 154935,154305 540,554 558,578 5
S 154900,154826 540,564 565,578 4
S 149465,154900 540,576 577,579 4
S 154307,149789 540,560 561,588 4
S 142176,154871 545,562 563,580 2
S 154871,149477 540,572 573,588 4
S 149467,149476 546,563 564,584 1
S 154760,254910 540,567 568,581 2
S 154713,154712 540,570 571,589 4
S 154935,154753 540,563 564,578 3
S 154783,154578 540,571 572,583 3
S 254910,154896 540,563 564,576 3
S 154517,154753 540,565 566,589 2
S 154933,154938 540,566 567,585 3
S 141607,154824 540,554 555,580 5
S 154521,154799 540,564 565,584 1
S 149822,154824 540,561 562,590 3
S 149479,154799 547,562 563,583 2
S 149827,154576 540,550 559,577 5
S 154933,149473 540,566 567,580 3
S 142176,154477 540,570 571,587 3
S 149826,154714 540,562 563,580 5
S 154899,154759 540,563 564,583 3
S 154765,154761 540,564 565,587 2
S 154515,154405 540,561 562,584 2
S 154474,154580 540,554 556,580 1
S 154406,154587 540,559 560,583 1
S 149470,154799 540,573 574,578 3
S 154896,154824 540,558 559,589 2
S 154869,154511 540,561 562,589 2
S 154519,255695 540,566 567,576 2
S 154753,149788 540,567 568,582 4
S 154474,154896 540,563 564,582 3
S 254927,149790 540,558 559,581 1
S 154823,154570 540,563 564,587 1
S 149567,149563 542,564 565,579 5
S 149470,154940 543,564 565,584 1
S 254925,154797 540,559 560,582 5
S 142176,149559 540,572 573,589 5
S 154570,154714 540,554 555,589 1
S 154305,154570 540,550 551,590 2
S 149560,154586 541,567 568,576 2
S 149491,154517 540,573 574,590 1
S 149826,149564 540,553 554,589 5
S 154759,149476 540,565 566,576 1
S 154350,141609 540,562 563,586 5
S 154306,154307 540,560 561,586 3
S 149479,154938 540,569 570,587 4
S 154935,154901 540,569 570,588 2
S 149805,255695 540,549 550,590 3
S 154303,141608 540,551 552,585 4
S 154704,254927 540,566 567,583 5
S 149825,154302 540,558 559,586 5
S 149472,154308 540,573 574,577 5
S 154519,154762 540,567 568,587 3
S 154578,154515 540,562 563,587 1
S 149834,154896 540,558 559,583 3
S 154578,154797 540,559 560,583 4
S 154405,154303 540,550 551,586 1
S 149566,154799 540,575 576,584 5
S 149566,154947 540,572 573,575 5
S 154483,154877 540,556 557,590 3
S 149481,154940 540,574 575,580 5
S 154754,154826 540,571 572,584 2
S 154764,149559 542,561 562,579 4
S 149566,154851 540,567 568,579 5
S 154303,149560 540,553 554,574 4
S 149479,154752 540,572 573,590 1
S 149805,154797 540,563 564,587 5
S 154307,149466 540,553 554,568 4
S 149790,149788 540,564 565,590 4