D 136131
C 12
S 177075,225857 545,561 575,594 2
S 177289,224139 540,570 571,590 1
S 225875,143449 564,604 610,653 2
S 172236,184467 540,565 615,647 1
S 136156,177120 540,556 557,573 5
S 225827,224768 569,600 611,652 4
S 184567,224145 541,577 578,593 2
S 224903,209606 561,602 614,648 1
S 176723,209560 543,560 617,646 5
S 224901,211238 564,598 615,647 1
S 142890,225876 540,558 572,594 4
S 237979,222990 556,586 617,646 1
S 216626,191043 555,585 622,641 2
S 225067,184523 576,596 611,652 3
S 184568,194758 541,578 623,640 4
S 224886,143453 564,597 612,651 3
S 177288,171335 540,572 612,651 4
S 211383,136150 558,575 624,639 4
S 136158,223330 540,556 559,587 1
S 148941,184566 540,564 565,569 3
S 180975,224903 546,569 570,600 4
S 237978,224839 563,581 611,651 3
S 211375,224891 550,580 581,595 2
S 237563,194764 572,602 609,654 5
S 136162,223655 540,558 622,640 2
S 237563,222989 565,608 610,652 1
S 143497,224891 540,564 565,600 5
S 177075,222990 540,570 623,640 3
S 223391,171336 563,586 610,653 4
S 216619,225067 553,586 587,596 3
S 176722,223391 544,560 565,584 1
S 211580,209809 556,581 623,639 5
S 194826,136152 553,569 621,641 5
S 180975,216626 540,577 578,580 5
S 223392,224991 563,585 610,652 2
S 225876,211166 573,593 621,641 1
S 195144,223393 552,571 572,594 1
S 172236,209777 540,570 614,649 4
S 225876,171619 573,593 612,650 5
S 142869,216619 540,565 566,584 3
S 172246,211224 542,559 616,647 3
S 136134,136199 540,551 621,641 1
S 209454,224071 544,581 582,586 2
S 211582,237564 548,589 590,606 5
S 176722,143299 543,561 621,641 4
S 223721,177413 566,583 622,641 2
S 177332,224115 541,570 571,593 2
S 209642,211072 549,578 613,650 1
S 142882,223330 540,561 564,582 1
S 216626,194530 552,588 612,650 4
S 224908,225050 561,603 617,645 4
S 177362,209570 540,572 616,646 5
S 136160,136210 540,552 618,644 3
S 143260,237707 540,557 619,643 4
S 209712,195160 542,586 616,647 2
S 225876,223007 561,606 613,650 5
S 142882,190989 540,565 566,582 5
S 224122,194764 560,596 610,652 4
S 194825,209402 543,580 613,650 5
S 177120,223353 542,567 568,588 5
S 176718,184486 540,570 616,646 2
S 225856,165434 562,607 622,640 1
S 136159,224840 540,550 617,645 5
S 180975,195162 540,580 612,651 1
S 224909,209785 562,603 612,650 2
S 177362,143381 541,572 612,651 3
S 190986,209424 547,574 609,654 1
S 143202,222989 540,564 613,650 2
S 136133,216572 540,562 563,580 1
S 224900,223008 560,602 621,642 4
S 184568,194765 544,575 623,639 3
S 184566,225882 540,580 581,592 1
S 223353,224985 560,587 615,647 1
S 225872,256803 562,606 618,645 1
S 225828,143450 568,602 613,650 1
S 211581,177414 559,577 623,640 4
S 184570,171312 540,579 617,646 1
S 211478,223656 548,586 623,639 4
S 142883,171332 540,559 620,643 1
S 209644,237563 548,580 581,604 4