D 23146
C 12
S 20302,24186 567,595 647,671 1
S 22792,38655 552,569 640,678 3
S 22790,26789 553,568 569,591 5
S 22774,30182 551,576 577,606 5
S 22888,20330 540,577 578,604 1
S 22010,28044 553,581 652,667 3
S 22902,37540 551,566 638,680 1
S 24074,29766 540,559 651,667 2
S 34668,28063 588,613 652,667 1
S 24112,30115 540,566 577,607 4
S 22774,24056 552,574 641,677 2
S 22634,30183 549,593 594,595 5
S 22013,29795 555,581 648,671 5
S 20389,29766 561,593 642,676 3
S 19942,35898 569,589 648,670 2
S 22074,30532 553,578 579,613 2
S 30541,37721 576,615 650,668 2
S 22060,38606 543,588 645,674 3
S 22919,22634 545,572 573,589 1
S 22895,36851 549,565 647,672 3
S 22960,28299 540,574 640,678 1
S 30545,28298 580,613 645,673 4
S 280174,34653 554,583 584,618 2
S 30116,37784 571,612 638,680 3
S 30334,37580 568,604 641,678 5
S 34619,29779 587,610 637,682 3
S 22073,29924 553,578 579,595 3
S 22791,37540 545,576 652,667 2
S 22980,29931 540,576 577,598 4
S 20385,38655 556,600 642,677 5
S 20429,37730 555,596 649,669 4
S 20340,28246 574,589 640,679 3
S 22895,37723 540,579 639,679 2
S 22763,37709 548,577 641,677 2
S 22075,34687 553,576 579,624 1
S 22961,34660 541,571 590,610 4
S 22890,36851 544,570 640,679 5
S 20339,37645 572,592 641,678 5
S 24114,29767 540,569 646,672 5
S 278372,36853 577,595 644,674 3
S 278373,38508 577,594 650,668 1
S 26787,29778 554,591 638,680 4
S 23020,20339 540,567 568,597 3
S 22058,20414 558,573 574,592 3
S 19934,38528 571,586 640,678 2
S 22074,24055 551,579 649,669 2
S 30149,37724 581,601 648,671 2
S 277660,36853 581,620 647,672 1
S 30109,29127 574,611 639,679 5
S 26850,37422 555,593 643,676 1
S 23157,22148 540,564 565,587 2
S 22787,28373 543,581 640,679 3
S 30111,38630 574,610 638,681 2
S 19946,277111 562,596 640,678 2
S 30532,29127 586,604 649,669 1
S 23133,20415 540,564 565,588 3
S 278373,37648 567,605 637,681 1
S 22970,37720 546,563 651,668 5
S 23149,24061 540,550 642,677 3
S 34625,34775 583,611 645,674 5
S 22793,23541 547,573 642,677 1
S 22634,30544 549,593 594,611 4
S 30115,28248 582,602 644,675 4
S 22073,29182 547,584 646,673 2
S 20385,35948 566,590 645,673 3
S 26792,34771 553,594 648,670 1
S 29936,37538 563,607 652,667 1
S 22956,20317 540,579 580,604 4
S 30381,37720 569,606 648,671 2
S 30539,37729 575,615 639,679 2
S 26787,29795 562,582 639,680 2
S 30544,35928 588,603 649,669 5
S 30545,38528 585,608 643,675 2
S 22798,38568 541,577 639,679 1
S 278372,29801 572,601 640,678 1
S 23133,28045 540,563 644,675 4
S 22167,37777 555,586 649,669 5
S 22968,22014 540,572 573,585 5
S 23025,26789 540,568 569,582 1
S 22009,29778 549,584 650,668 3