D 240625
C 9
S 211745,195422 545,563 564,602 5
S 212685,209457 540,550 594,637 3
S 212147,209456 540,568 596,635 4
S 212438,191016 540,551 557,572 1
S 191057,194782 557,579 603,627 5
S 190655,194713 540,564 601,630 5
S 212675,195317 540,554 602,628 1
S 191214,195320 560,592 605,626 4
S 195424,212731 563,598 599,638 5
S 191215,194780 553,597 599,632 4
S 190663,190982 540,565 566,584 5
S 191035,190816 551,580 608,623 5
S 191036,190815 551,581 603,627 3
S 191011,194303 542,584 585,588 4
S 190867,209457 540,572 594,637 1
S 249616,212148 555,588 605,626 4
S 212446,190815 540,566 602,628 1
S 212438,240623 540,557 604,626 4
S 212442,195047 540,565 566,574 1
S 212676,190799 540,549 603,628 2
S 190743,212698 540,559 594,636 1
S 184091,212143 552,592 601,630 1
S 190810,190798 540,558 600,631 3
S 190881,184178 540,569 570,591 1
S 194323,195292 557,599 607,623 2
S 195042,211708 547,574 607,623 1
S 195428,194706 562,598 603,628 1
S 194322,195420 561,594 606,624 5
S 190744,191041 540,563 564,582 1
S 211743,247549 540,571 600,630 2
S 249616,195146 562,581 606,625 4
S 191216,190869 563,589 603,628 2
S 212147,194322 540,556 569,586 3
S 240624,195007 540,552 607,623 5
S 212731,212438 540,563 606,624 4
S 191037,195008 555,576 606,624 3
S 195422,194763 571,590 598,632 2
S 212418,195291 540,552 593,637 5
S 184173,194999 553,590 604,627 1
S 194343,211270 569,587 603,628 1
S 191216,195015 562,591 605,626 2
S 195038,211269 543,578 597,634 1
S 194792,195419 551,579 605,625 5
S 191037,195004 554,578 604,627 4
S 190744,195427 540,570 571,593 1
S 184182,195418 553,588 596,635 3
S 184183,194734 561,578 600,631 5
S 212732,190655 540,557 598,633 2
S 212677,191219 540,553 560,593 5
S 190868,195142 540,569 599,631 5
S 194288,194771 566,588 606,625 5
S 190881,195294 540,576 602,629 2
S 194975,194716 550,565 595,635 2
S 195426,212446 562,599 600,634 2
S 190655,190815 543,558 605,625 4
S 194995,212685 540,581 598,632 2
S 190879,190665 540,574 593,638 5
S 190875,194349 540,573 574,587 2
S 191035,211271 546,584 595,635 3
S 212143,212438 540,559 597,634 2
S 184180,195011 561,582 607,623 1
S 212676,194713 540,554 606,624 2
S 194979,247576 543,572 607,624 2
S 195006,195045 550,573 598,633 2
S 190810,190878 541,556 599,631 2
S 190652,195423 540,567 568,598 4
S 190800,195426 540,562 563,601 5
S 212442,190869 540,566 595,636 1
S 212144,247579 540,562 596,634 5
S 190867,190876 540,565 594,637 5
S 190654,195016 540,570 599,632 2
S 191214,190817 567,585 606,624 2
S 190802,194832 540,562 563,574 3
S 184184,190658 550,589 605,626 5
S 194974,212675 544,569 607,623 3
S 212143,212448 540,562 598,632 5
S 191036,190656 550,581 605,625 5
S 190874,195421 544,562 596,634 5
S 191220,195008 558,596 597,633 5
S 212418,184183 540,560 561,589 5