D 220339
C 8
S 210698,220241 540,568 612,629 2
S 179808,170505 556,584 607,634 4
S 210719,182316 540,555 556,576 5
S 196111,195723 540,571 607,634 5
S 210715,179807 540,563 606,634 3
S 170139,249867 559,588 602,638 3
S 183335,163802 543,584 585,591 1
S 156366,196736 561,601 605,636 4
S 163800,191383 557,597 609,631 1
S 209128,209167 540,565 609,631 5
S 156578,220244 565,596 610,630 4
S 210293,163788 540,564 610,631 3
S 220244,194019 540,552 605,635 2
S 179807,182109 561,578 598,643 1
S 194108,191381 541,571 606,634 4
S 210715,156578 540,557 605,636 4
S 156379,195883 562,598 605,636 2
S 163838,163759 569,585 613,628 1
S 182102,170147 546,588 608,632 5
S 183333,163733 542,586 605,636 2
S 220161,163979 540,559 601,639 1
S 163761,163843 559,598 608,632 4
S 210252,210711 540,570 612,629 3
S 220241,220343 540,562 601,640 1
S 182112,194073 552,584 604,636 4
S 156368,163763 571,592 603,638 5
S 167426,183333 559,590 612,628 3
S 220336,156578 540,562 605,635 2
S 183338,210304 550,577 609,631 2
S 220338,210697 540,556 601,640 5
S 182114,249867 554,582 600,641 5
S 170139,163841 564,583 600,641 4
S 182118,163769 549,589 608,633 5
S 220161,163761 540,552 568,589 1
S 210251,163733 540,567 568,597 2
S 182108,156582 548,586 587,592 1
S 183493,195856 549,575 611,629 5
S 182118,156370 554,585 602,638 4
S 191365,241043 540,574 600,640 1
S 191381,170175 540,579 580,593 3
S 163976,156578 561,590 603,637 4
S 183337,182104 547,580 600,641 2
S 183521,170131 547,573 601,639 2
S 220243,220242 540,562 603,638 3
S 182120,210309 561,578 604,637 1
S 195675,209193 540,578 603,637 1
S 250005,170505 559,579 598,642 2
S 170500,183333 562,582 602,638 1
S 250005,183399 554,584 602,639 3
S 163763,191391 560,596 600,640 5
S 191364,196489 540,577 609,631 2
S 163838,195884 558,596 600,640 3
S 220335,163800 540,556 600,641 1
S 220252,196491 540,559 600,640 4
S 156365,178155 562,600 611,630 1
S 191390,210326 548,572 608,633 4
S 167425,156383 560,590 605,636 3
S 209125,156582 540,573 574,597 2
S 209124,250016 543,560 600,641 1
S 156578,209192 570,591 604,636 2
S 191392,156578 540,581 582,592 1
S 182118,167414 548,590 609,631 3
S 163841,156385 565,588 606,634 3
S 167421,196491 560,591 609,631 2
S 210215,183312 541,558 559,581 5
S 183399,156369 540,583 603,638 2
S 209026,209196 540,566 609,632 4
S 178275,182110 556,587 601,640 5
S 210293,196030 540,562 613,628 2
S 220337,194100 540,549 550,578 2
S 183521,210685 544,576 607,633 5
S 220248,183521 540,563 609,632 5
S 210699,170147 540,557 598,642 3
S 163732,156384 566,592 608,633 4
S 209125,163800 540,567 568,595 2
S 182111,178165 546,590 608,632 3
S 220156,220160 540,555 609,631 3
S 182332,183396 551,581 599,642 4
S 220243,183522 540,558 602,638 1
S 163763,183332 570,587 602,639 3