D 256228
C 10
S 100198,273775 542,587 647,691 1
S 49361,105959 582,611 653,684 5
S 99308,105958 548,590 656,682 1
S 99311,55076 552,586 587,597 1
S 49612,100204 585,601 649,689 4
S 49078,106490 587,614 652,686 2
S 48817,106166 587,626 650,688 4
S 48818,52778 599,615 654,683 3
S 99332,48983 561,582 589,616 2
S 256195,113521 540,562 661,677 5
S 94681,106493 555,600 650,687 1
S 94539,113395 564,598 652,685 3
S 100210,256189 551,584 657,680 4
S 94714,106166 566,582 659,678 5
S 95160,99310 565,580 652,685 3
S 49627,52874 574,610 657,681 3
S 99315,113665 556,584 661,676 5
S 106185,48901 552,567 587,625 5
S 94692,49197 565,587 657,680 2
S 54937,94709 568,599 657,680 3
S 99309,49330 548,590 591,618 4
S 256226,94691 540,560 561,597 4
S 146521,105942 540,553 654,683 2
S 49080,94653 582,616 652,686 1
S 113439,94914 540,559 646,691 4
S 49627,113522 581,603 654,684 2
S 106220,100205 547,568 658,679 1
S 94625,49503 569,591 661,676 1
S 113396,52874 540,573 574,601 1
S 99306,49364 555,581 582,613 3
S 113523,49381 544,564 661,677 5
S 48912,113686 586,621 658,680 1
S 94554,49387 566,599 653,684 1
S 48901,98620 585,628 649,688 3
S 48922,273775 595,615 660,677 2
S 94688,110420 566,587 657,681 3
S 106260,52767 545,567 568,608 3
S 146517,100227 540,566 567,584 2
S 105900,273782 541,581 660,678 3
S 49372,49641 584,605 654,684 5
S 49261,146509 587,610 653,684 1
S 100199,94709 551,578 650,688 4
S 52688,48909 572,610 655,683 4
S 94710,94697 559,590 659,678 4
S 113436,110419 540,562 658,680 2
S 100200,52688 543,586 587,604 2
S 100199,100205 552,577 661,677 3
S 49330,99328 583,612 651,687 4
S 113439,113181 540,559 661,677 3
S 48988,146529 588,615 646,691 3
S 100199,146525 546,582 652,685 2
S 49261,106479 585,611 657,680 3
S 49365,52768 586,605 651,686 4
S 49347,54934 582,613 646,691 3
S 47374,49075 574,605 606,617 4
S 47369,94697 574,603 650,688 1
S 52874,256189 568,605 652,686 4
S 106194,256192 540,577 650,687 4
S 256195,49078 540,551 583,617 4
S 94688,113666 559,595 647,690 5
S 146522,94640 540,562 563,597 1
S 256192,49328 540,556 585,609 2
S 105901,49213 542,581 586,610 5
S 54935,49043 567,600 601,616 1
S 106005,94653 548,572 653,685 4
S 98615,94555 555,589 660,677 3
S 100195,146515 546,581 649,688 3
S 105900,47369 540,582 583,604 4
S 49080,106486 582,617 659,678 1
S 113517,48980 543,562 649,689 1
S 106244,113397 540,577 656,682 1
S 47368,49140 569,608 650,688 3
S 110420,113393 540,572 652,686 4
S 105433,94688 552,578 579,584 4
S 113517,273783 540,574 661,676 2
S 256195,113248 540,557 647,691 1
S 105901,94686 540,584 585,595 5
S 94640,146513 571,589 650,688 2
S 99309,105783 547,590 650,687 2
S 94625,47364 564,597 655,682 3