D 112383
C 8
S 111440,46081 541,559 630,661 3
S 46083,43785 562,597 623,668 2
S 45800,112248 568,606 627,665 1
S 97582,45098 550,571 633,659 2
S 273526,273527 561,579 634,658 1
S 53424,45887 560,585 586,597 4
S 54628,112544 550,579 630,661 5
S 54594,46782 556,574 575,599 5
S 46081,46079 567,593 624,668 4
S 275109,46081 562,604 638,653 3
S 112272,97600 540,564 565,573 5
S 273552,45990 558,587 638,654 3
S 54585,45416 555,578 582,604 5
S 54593,45856 557,574 575,607 4
S 112389,45472 540,559 581,602 2
S 53407,43805 566,582 628,664 3
S 45800,98250 572,601 624,667 3
S 112397,45990 540,554 626,666 4
S 53418,111482 566,582 624,668 4
S 97608,273552 540,577 630,661 5
S 45866,54578 573,597 631,661 1
S 98213,53316 540,577 627,664 4
S 112282,45096 540,561 635,657 4
S 54569,273251 558,578 632,659 4
S 45501,112308 573,604 637,655 3
S 53321,45989 554,597 636,656 3
S 46026,98278 560,601 632,660 5
S 45619,112260 570,605 631,661 4
S 46024,45314 560,604 624,667 4
S 53309,46080 561,591 628,664 2
S 53309,43813 565,587 626,665 5
S 112383,45469 540,552 578,603 3
S 110867,45620 540,574 579,596 2
S 97595,95439 545,573 627,664 3
S 97578,45621 544,578 579,600 5
S 111380,45981 540,557 562,601 1
S 45621,46083 573,603 629,662 5
S 110861,45367 540,575 576,609 2
S 273552,112299 554,591 625,666 4
S 112270,98279 540,560 638,653 4
S 54558,45469 550,584 585,605 1
S 53297,45502 563,592 593,607 3
S 45502,45257 566,610 623,668 5
S 97195,45469 543,581 582,603 4
S 54596,53408 550,580 624,668 3
S 45619,43808 579,596 638,654 1
S 97195,45090 540,584 632,659 4
S 112315,97130 540,560 635,657 1
S 112315,112546 540,554 629,662 3
S 275109,45981 568,599 629,662 1
S 45891,54564 575,592 636,655 1
S 53423,53309 557,590 632,660 5
S 95446,53317 547,580 625,666 2
S 111387,45366 540,568 580,600 4
S 262934,54563 540,557 633,659 2
S 46784,45471 563,594 595,608 3
S 111391,45409 540,557 579,607 2
S 112274,43783 540,558 631,661 1
S 111393,97600 540,564 629,662 5
S 275109,273538 565,601 638,653 1
S 97193,45891 548,574 575,605 2
S 46024,45982 561,603 635,657 3
S 45799,53305 574,600 628,663 1
S 97197,112244 552,572 633,659 2
S 53423,43808 559,588 637,655 2
S 45468,45294 578,603 623,668 2
S 111443,53322 541,557 635,656 1
S 45501,43788 577,600 626,666 4
S 46782,112259 556,600 628,663 3
S 111378,43782 540,568 623,668 3
S 53297,45297 569,587 625,667 1
S 46080,273251 568,592 625,667 4
S 112274,112071 540,554 636,656 2
S 45982,53311 567,595 632,660 2
S 53409,112244 555,593 625,666 2
S 53297,54575 559,597 634,658 2
S 54594,45501 544,587 588,600 5
S 45982,95442 563,599 637,654 5
S 97600,112064 550,567 635,657 5
S 45393,273527 578,610 632,660 5