D 284074
C 10
S 281777,30719 543,566 567,598 1
S 12489,34040 541,564 624,662 5
S 3960,12810 540,563 564,572 5
S 30688,13018 563,588 622,663 4
S 278302,35093 559,587 588,614 1
S 34273,278240 563,597 634,651 2
S 13024,13064 551,578 630,656 4
S 278239,13398 552,594 632,654 3
S 34130,13038 570,599 624,661 2
S 4071,13013 540,570 571,582 4
S 4027,12775 540,561 562,580 1
S 278290,34318 564,581 635,651 2
S 35123,13786 581,600 633,653 1
S 34092,30687 569,606 632,654 2
S 34997,34308 574,605 634,652 3
S 3927,30719 540,560 630,655 3
S 35153,18377 576,605 622,663 4
S 12771,35122 549,567 569,612 1
S 35096,13292 577,614 620,665 1
S 18370,278286 548,587 629,656 1
S 35098,34995 586,603 633,652 4
S 4173,34274 540,564 632,654 4
S 12770,18549 540,577 623,662 1
S 4071,13007 540,562 631,655 5
S 278240,13492 554,592 623,662 1
S 4197,34231 540,560 623,663 4
S 35119,13788 571,612 627,659 3
S 35117,4130 572,609 621,664 5
S 30686,18361 558,594 630,656 2
S 18368,18500 551,584 621,664 5
S 278236,18368 566,582 633,653 2
S 8222,30709 540,564 567,586 5
S 4193,18379 540,566 567,576 4
S 34231,35121 564,592 593,605 3
S 34127,34266 577,592 624,661 1
S 35121,18540 572,609 629,657 1
S 12923,3944 542,583 632,653 3
S 3959,8284 540,549 623,663 3
S 4030,18547 540,567 635,651 3
S 30708,13288 555,599 624,661 4
S 35119,34329 576,607 626,659 4
S 12637,34230 541,565 566,600 2
S 34277,35101 562,597 598,614 5
S 30719,34273 566,589 623,662 4
S 30716,34320 559,596 628,657 1
S 35119,13176 569,614 634,651 3
S 30607,13292 564,585 625,661 1
S 34252,13789 565,593 624,661 2
S 12806,34231 544,578 579,590 2
S 34308,13075 571,593 625,660 2
S 8232,13012 540,569 633,653 1
S 12962,30742 545,582 583,597 4
S 4101,18539 540,559 623,662 5
S 3925,35095 540,550 625,661 2
S 34989,18539 579,608 628,658 5
S 3961,12956 540,562 563,579 5
S 281780,278239 540,576 634,651 2
S 34324,278284 570,596 622,664 5
S 35089,35095 577,603 624,661 1
S 8235,34228 540,571 628,657 4
S 34112,34273 573,597 634,652 4
S 13027,33942 550,576 632,653 5
S 34274,30718 567,593 629,656 4
S 12764,34047 548,567 635,650 4
S 6599,13025 540,567 630,656 1
S 34267,8284 566,597 635,650 2
S 34270,13458 566,596 635,650 5
S 34089,13076 567,609 621,665 4
S 34094,13012 579,595 635,650 1
S 12746,30696 550,565 566,595 4
S 34235,3947 559,599 634,651 2
S 278289,13389 551,594 634,652 4
S 12807,34093 540,581 582,596 2
S 34114,13787 567,603 625,660 3
S 13906,13492 557,575 634,651 3
S 12951,34273 541,583 584,596 5
S 34993,34130 573,611 625,660 4
S 278288,34149 564,582 623,662 1
S 278228,282828 566,583 623,662 2
S 12648,34277 540,573 574,593 4