D 110576
C 12
S 108330,105544 567,582 587,628 3
S 105294,106137 548,563 595,620 3
S 110557,108539 540,561 591,623 2
S 105402,108543 540,572 592,623 4
S 108324,105752 553,597 598,620 4
S 106830,110573 544,572 590,624 5
S 106830,107354 540,578 579,582 4
S 106822,107348 551,566 592,623 1
S 105542,105294 544,563 593,621 3
S 107026,106790 540,583 588,626 4
S 105294,107353 540,571 572,588 3
S 107270,105780 554,574 598,617 1
S 106031,108538 540,564 565,582 1
S 105389,106089 540,565 587,627 5
S 106087,106821 540,561 562,576 2
S 107272,105403 548,579 595,620 1
S 105361,107078 540,572 598,617 3
S 105932,108493 540,562 563,576 4
S 110596,107385 540,561 588,627 1
S 108587,106086 545,584 595,620 2
S 108458,105285 547,592 593,622 4
S 105386,107428 540,571 591,623 4
S 106037,105301 540,564 565,577 5
S 105899,105779 540,568 591,624 4
S 105922,105520 540,559 586,629 4
S 106086,108528 540,563 598,616 5
S 105301,108516 546,562 585,629 4
S 105546,108324 540,574 595,619 2
S 107429,105545 559,582 599,615 2
S 105529,108403 540,574 587,627 2
S 106906,106086 544,575 589,626 3
S 105390,107348 540,569 570,590 2
S 106049,110572 540,563 598,617 3
S 110596,105750 540,552 600,615 1
S 107053,105296 545,580 589,626 2
S 106789,105298 540,577 595,620 5
S 105383,104759 541,563 598,616 2
S 106049,106017 540,558 586,628 4
S 105385,108588 542,561 588,627 3
S 105932,106882 540,556 597,618 3
S 106790,108330 540,578 579,584 5
S 106046,104760 540,565 566,583 5
S 107348,105752 548,587 591,623 1
S 105555,108459 540,569 587,628 3
S 105301,105301 540,575 588,626 4
S 263887,105297 548,574 585,629 3
S 106788,107065 540,575 592,622 3
S 105803,107077 540,561 597,617 3
S 106045,108329 540,558 561,588 4
S 110560,107495 540,553 564,584 1
S 107030,105486 553,568 595,619 2
S 105752,107313 540,569 594,621 2
S 105899,105919 540,566 600,615 5
S 105542,105530 542,566 585,629 2
S 105298,108328 540,569 570,595 4
S 110574,105780 540,556 598,616 3
S 110598,108482 540,559 560,585 3
S 105280,105934 543,568 591,624 4
S 108591,106031 542,585 596,619 4
S 105751,108533 540,561 597,618 4
S 263887,107392 552,570 587,627 4
S 108536,105936 543,588 600,615 3
S 108546,105383 557,573 589,625 3
S 106032,108463 540,559 560,588 3
S 107271,108483 555,572 597,617 5
S 107488,108538 566,581 586,628 3
S 107035,105939 551,571 588,627 4
S 110597,105493 540,562 563,567 3
S 108591,105940 550,577 588,626 2
S 110597,110573 540,553 589,626 4
S 105490,107050 540,563 564,582 5
S 110575,106901 540,552 553,575 1
S 106901,107067 543,577 589,626 2
S 105910,107312 540,559 594,621 4
S 108330,107073 553,595 596,623 3
S 110598,263844 540,548 591,624 5
S 264134,107363 540,563 596,619 1
S 107497,107364 555,592 593,626 5
S 105545,108599 540,572 589,625 5
S 107497,106874 554,594 595,621 1