D 143651
C 9
S 76989,51629 560,589 603,636 3
S 115675,76261 548,574 575,589 1
S 133874,76258 540,574 605,634 1
S 76754,136947 561,590 602,638 4
S 133869,75828 540,578 579,595 1
S 263747,76999 548,578 579,585 1
S 143640,92319 540,559 560,596 5
S 133890,52410 540,580 609,630 1
S 107795,75830 549,583 584,598 4
S 115699,76307 545,578 579,590 1
S 75828,133915 561,598 611,628 4
S 107690,133914 550,586 609,630 5
S 108248,51629 553,572 609,631 2
S 133874,76260 544,564 568,588 1
S 136927,75832 540,560 599,641 2
S 107794,103859 543,588 602,637 3
S 56291,101623 560,602 603,637 2
S 262131,76268 540,584 609,630 1
S 103901,103858 560,580 600,640 2
S 76267,76998 559,595 605,634 5
S 52412,114905 565,601 602,637 5
S 263747,76758 555,572 607,633 1
S 76259,51577 558,598 599,640 1
S 263769,75827 549,580 610,630 1
S 115673,136443 542,578 612,627 3
S 133871,75832 540,580 600,640 1
S 76693,76985 560,594 609,631 5
S 77000,52412 562,587 602,638 5
S 102132,136949 551,591 609,631 3
S 76759,136437 559,592 609,631 2
S 256771,133873 540,558 559,564 3
S 115699,76268 549,574 607,632 2
S 262135,76974 548,575 604,635 2
S 263756,51580 542,584 585,595 1
S 76269,103868 561,594 600,640 2
S 115674,115596 549,571 607,633 2
S 136808,108151 540,562 563,584 1
S 76694,76988 554,598 599,640 2
S 102133,92365 551,591 612,628 5
S 107715,143088 549,586 604,636 3
S 108154,115450 549,581 603,637 3
S 107639,56286 559,579 608,631 5
S 133883,92363 547,572 573,581 5
S 115675,51583 540,583 584,598 5
S 52443,52409 560,604 605,639 3
S 143089,136436 540,561 597,642 5
S 143088,115676 540,556 557,573 3
S 107787,133906 550,583 602,638 1
S 107744,114873 551,583 607,633 1
S 136793,76999 540,570 571,586 2
S 76266,101624 568,587 599,641 4
S 75827,143103 559,600 601,639 3
S 136548,76256 540,574 612,628 3
S 133816,76267 540,576 577,600 3
S 136797,115694 540,565 566,575 2
S 143086,76755 540,555 557,593 3
S 133816,93045 540,568 569,590 5
S 107722,76258 555,579 607,632 2
S 101622,75842 560,584 601,638 5
S 56264,143103 570,593 601,638 2
S 107793,75834 545,587 588,593 4
S 133869,75688 548,567 568,600 4
S 115701,76754 541,583 600,640 2
S 136809,107655 540,570 571,581 5
S 51594,115427 567,603 610,629 4
S 136547,76985 540,570 571,585 3
S 143104,51592 540,564 567,603 3
S 107800,75827 558,573 609,630 2
S 133888,92337 540,567 601,639 2
S 115692,76694 555,570 571,593 2
S 76243,133668 564,594 610,630 4
S 76998,103867 555,592 600,639 2
S 75829,52354 562,598 599,642 5
S 107747,51591 557,578 579,598 1
S 76269,51592 561,594 612,627 5
S 133817,114851 540,573 600,640 3
S 75834,133906 564,597 603,636 5
S 136834,75834 540,566 567,599 2
S 103905,52353 558,582 583,601 2
S 102135,103863 562,580 606,634 2