D 21924
C 12
S 20858,5837 540,554 582,614 1
S 3554,9016 553,581 583,613 4
S 20718,8946 540,565 581,615 1
S 8739,6262 540,574 582,614 2
S 21257,3763 540,556 584,612 2
S 6383,5901 547,569 590,607 4
S 3572,21085 549,583 584,618 3
S 20848,20824 540,560 577,619 5
S 3735,3765 544,585 587,609 4
S 9016,4303 540,562 589,608 4
S 21089,6324 540,558 559,574 3
S 8944,3057 540,565 566,578 1
S 21248,8945 540,557 577,619 2
S 3066,3053 550,588 589,619 4
S 3731,21072 554,576 584,612 5
S 3058,20762 550,592 593,615 4
S 985,20762 561,576 591,606 5
S 20859,9025 540,565 590,606 5
S 5848,9030 552,572 581,616 4
S 3712,21083 545,587 588,616 4
S 3059,3848 563,578 590,607 3
S 21082,12090 540,565 586,611 2
S 21142,3766 540,564 585,612 1
S 12091,3314 540,570 571,584 2
S 6015,21142 550,569 582,614 4
S 20762,20760 540,564 586,610 3
S 21248,3315 540,551 557,578 3
S 20762,3646 540,557 587,609 1
S 6323,9030 540,579 588,608 4
S 3572,8944 554,579 584,612 2
S 984,21079 547,590 591,614 5
S 4296,3286 551,575 586,610 3
S 3060,6039 552,589 590,608 4
S 3736,21248 545,583 584,616 4
S 8945,12000 540,566 587,609 3
S 12091,8910 540,573 584,613 3
S 6347,3066 548,569 570,589 4
S 8401,3552 544,569 570,588 1
S 21249,3713 540,559 560,582 2
S 3056,20763 561,581 582,615 1
S 8418,6041 540,573 588,608 5
S 984,3285 551,587 588,613 4
S 20859,6041 540,558 576,620 4
S 8406,3283 548,564 578,618 3
S 21257,21927 540,556 587,609 3
S 21249,3325 540,565 566,587 3
S 21998,3713 540,552 553,585 1
S 20760,5864 540,556 576,620 4
S 21083,12112 540,560 561,564 4
S 20848,3604 540,559 589,608 2
S 3061,6068 556,585 586,617 4
S 21252,5898 540,559 588,609 1
S 20761,3552 540,565 566,585 3
S 21257,5898 540,563 587,609 1
S 20761,3317 540,563 564,577 4
S 3067,3657 547,592 593,621 2
S 5840,8742 550,575 582,614 1
S 3067,6094 556,583 588,609 4
S 5841,12001 548,578 581,615 1
S 3056,3762 558,583 584,621 4
S 6429,6093 541,573 590,607 1
S 12094,3315 540,572 573,582 3
S 6324,3656 540,581 582,620 5
S 8944,3316 540,571 572,584 3
S 6387,6041 546,570 590,606 1
S 8401,985 540,573 574,586 4
S 5855,3053 542,581 589,607 5
S 8414,12112 540,576 590,607 1
S 21994,4301 540,562 576,620 3
S 5863,8742 542,581 589,608 3
S 3711,9032 543,587 588,616 4
S 4301,8947 547,579 583,614 1
S 8910,3713 540,568 569,581 3
S 985,21085 553,585 586,620 4
S 3549,12000 544,587 588,610 2
S 12000,8740 540,561 577,619 5
S 21077,4301 540,564 565,584 2
S 21993,21085 540,554 582,615 5
S 12000,20858 540,559 582,614 4
S 6322,3645 540,581 585,612 3