D 14582
C 9
S 35820,18567 547,581 583,616 4
S 38446,17547 550,589 590,610 2
S 14601,13947 540,554 582,618 2
S 38173,34723 557,575 580,620 4
S 34804,280947 544,582 583,618 1
S 14607,18730 540,553 586,614 2
S 34799,18471 550,577 583,616 1
S 34235,35883 542,574 592,608 5
S 34238,18714 548,570 577,622 5
S 38457,13955 554,587 590,609 3
S 14606,13942 540,557 590,610 4
S 38455,18830 557,584 585,619 1
S 13965,34495 540,552 553,575 1
S 34803,18474 546,581 582,620 2
S 38456,34721 551,591 592,612 2
S 18247,38203 541,570 571,578 1
S 34228,281683 544,573 578,621 5
S 18096,38490 544,561 562,579 3
S 38203,18793 553,583 588,612 5
S 30745,35881 542,571 578,622 2
S 17630,38489 540,559 560,585 5
S 17646,18731 541,556 582,618 3
S 13960,18469 540,555 580,620 5
S 17543,276984 540,556 558,588 4
S 34236,17552 545,573 581,619 4
S 38489,280947 550,591 592,612 5
S 35821,17547 547,582 583,619 1
S 13963,38494 540,559 560,587 4
S 14773,38445 540,562 563,582 5
S 14600,278342 540,551 592,607 2
S 38446,13958 555,583 584,616 3
S 38156,13941 555,575 578,622 4
S 276979,13958 562,583 590,609 3
S 13964,38204 540,557 558,585 2
S 18104,34635 546,561 578,622 5
S 18248,34749 546,565 579,621 2
S 30657,38204 540,578 579,586 3
S 14779,38107 540,566 567,579 2
S 17637,13966 540,560 586,613 2
S 38204,18648 549,587 588,619 1
S 34584,13959 543,581 589,610 3
S 14583,276976 540,551 563,582 2
S 17646,13959 540,558 592,607 1
S 34556,18467 550,571 584,616 5
S 18246,18473 540,571 591,609 5
S 14778,38492 540,561 562,582 2
S 34236,13934 540,579 586,613 5
S 17924,14606 540,564 581,618 2
S 18097,35942 540,569 581,619 1
S 17629,281683 540,563 578,621 1
S 34228,38109 551,566 567,588 5
S 14600,38491 540,555 556,585 2
S 17630,38158 540,568 569,579 5
S 13962,17714 540,561 583,617 5
S 17542,34235 540,559 560,566 2
S 17646,18792 540,558 590,609 3
S 14584,38204 540,552 557,579 4
S 14605,38158 540,553 554,579 1
S 34247,18810 551,569 577,622 5
S 14779,18648 540,555 591,608 5
S 13959,13962 540,560 587,612 4
S 34238,34631 542,576 589,610 5
S 14604,13942 540,561 584,616 3
S 17627,18470 540,562 590,610 1
S 18097,18567 542,562 580,620 2
S 17635,35943 540,568 588,611 4
S 18096,35821 540,570 571,580 4
S 38172,17551 548,583 587,613 5
S 34248,38454 544,575 576,591 5
S 276974,18730 551,593 594,617 5
S 18252,35883 542,566 587,612 1
S 38455,13943 558,582 589,611 3
S 38191,18793 546,588 589,619 3
S 34236,276986 551,567 568,586 4
S 35822,35899 551,578 579,621 3
S 17648,17707 540,562 591,608 2
S 14607,18471 540,557 581,618 5
S 276989,13942 552,593 594,619 5
S 38156,34743 554,577 588,612 5
S 276980,14607 563,581 589,610 3