D 74380
C 11
S 116133,116091 550,569 603,638 3
S 103079,171753 548,567 610,632 2
S 132736,88683 555,572 599,643 4
S 74485,132792 540,550 558,574 3
S 88265,143169 540,574 575,599 1
S 137097,143169 559,591 599,643 4
S 132793,87646 544,587 608,633 5
S 74496,132741 540,550 551,585 5
S 74468,88341 540,554 610,631 2
S 87017,137068 540,567 568,588 4
S 135927,171763 555,585 586,593 1
S 132735,87864 546,581 600,641 3
S 133378,87010 546,590 601,641 1
S 88341,91817 540,572 608,634 3
S 88682,143517 543,563 568,590 3
S 135927,88334 555,586 599,642 2
S 135861,135861 564,580 605,636 2
S 74383,88237 540,558 559,562 5
S 87926,132783 540,572 611,630 2
S 135865,132787 550,593 607,634 2
S 135861,88184 562,581 607,635 1
S 102794,87009 540,574 607,635 1
S 133148,117254 550,585 598,643 1
S 116271,74459 549,572 605,637 5
S 137096,148972 566,584 611,631 3
S 91738,116190 540,574 599,643 1
S 117430,137056 553,572 601,641 2
S 87872,116190 540,566 567,568 5
S 117271,117261 555,570 600,641 3
S 142896,116065 563,590 612,630 5
S 134244,133382 548,589 599,642 2
S 117425,143169 544,582 599,643 4
S 87871,88341 540,556 613,629 3
S 136025,91817 555,590 600,642 5
S 142859,148896 560,592 607,635 5
S 148899,117261 560,599 603,638 1
S 116089,137067 542,575 576,585 2
S 74507,148974 540,560 569,591 4
S 143170,116405 566,590 602,639 1
S 148898,74469 557,602 603,640 2
S 171754,78876 565,598 609,632 2
S 116409,116091 545,578 605,636 5
S 103079,74434 547,567 604,638 3
S 132741,116092 545,583 607,635 5
S 116283,132799 549,572 610,632 4
S 87909,252171 540,572 573,593 2
S 132776,87645 558,573 601,641 1
S 135864,87868 560,583 611,631 4
S 87961,134244 540,561 562,581 5
S 87961,148971 540,572 611,631 1
S 148896,87650 561,599 604,638 3
S 116284,133147 553,568 601,640 1
S 132741,74507 544,585 608,634 4
S 74383,117308 540,558 605,636 3
S 116409,143517 552,570 599,643 3
S 74388,88268 540,549 610,632 4
S 135868,117259 560,581 602,640 4
S 137134,171754 562,590 606,636 3
S 135929,171750 559,581 582,590 2
S 148971,74496 560,599 605,637 3
S 78973,171750 540,554 570,593 4
S 143225,91716 567,589 609,633 4
S 117426,87915 549,577 603,638 3
S 132799,116384 556,578 612,630 3
S 252171,87868 568,595 599,642 5
S 102794,135866 540,576 601,640 1
S 148992,142860 573,589 612,630 5
S 74518,74513 540,559 612,630 1
S 88236,116382 540,569 613,628 2
S 91738,133069 542,567 568,588 1
S 117425,87870 548,579 608,633 1
S 74388,74507 540,551 605,637 2
S 137075,102782 560,586 602,639 5
S 171751,134248 561,602 610,631 5
S 132762,117402 548,582 607,634 5
S 86844,91808 540,563 606,636 5
S 135404,87864 556,583 602,639 1
S 117086,148897 551,572 608,634 4
S 132795,87865 545,588 606,635 3
S 74383,143173 540,551 564,590 2