D 65580
C 10
S 67216,66180 551,581 616,637 3
S 65059,63749 540,569 614,639 2
S 67271,271389 543,578 607,647 3
S 67036,66598 568,584 618,636 4
S 66655,64421 563,607 614,639 5
S 67264,63727 546,579 580,595 4
S 67215,66645 548,585 586,590 4
S 271387,66592 540,563 618,636 1
S 65058,63736 542,561 573,599 5
S 65059,66623 540,566 567,594 1
S 67157,66586 561,580 608,646 5
S 67246,67048 555,574 617,636 3
S 67177,67408 547,591 618,635 1
S 66275,64448 540,571 617,636 2
S 65048,64415 543,563 607,646 3
S 67073,66586 553,594 609,644 2
S 66642,271143 567,597 610,643 2
S 67183,63735 553,584 585,605 1
S 66263,67065 546,566 611,643 1
S 66609,63749 561,598 604,649 1
S 66259,67040 540,576 607,646 1
S 65184,271385 540,556 610,643 4
S 67251,63734 545,586 587,594 3
S 65195,63727 540,555 566,602 4
S 65058,66577 541,561 562,598 2
S 66657,271375 573,597 608,645 3
S 271374,67002 540,555 567,583 4
S 66601,63736 565,595 614,639 1
S 67046,66589 561,593 615,639 3
S 67269,66580 542,580 606,648 4
S 67209,67046 552,582 610,643 5
S 271387,65185 540,565 604,649 3
S 66274,271088 540,576 577,590 3
S 67214,271386 559,576 613,641 5
S 271385,66263 540,561 562,571 4
S 65055,67065 540,573 615,639 4
S 67271,63932 547,575 576,583 3
S 65088,271385 542,559 616,638 3
S 271085,66590 556,588 604,649 2
S 67177,66179 552,585 610,643 1
S 67074,66663 563,583 584,602 3
S 66649,66586 561,605 609,644 5
S 66179,64978 540,569 570,578 3
S 64978,67178 543,573 574,578 1
S 65184,66663 540,557 566,601 4
S 63727,66213 568,601 609,644 2
S 67266,66664 542,582 583,599 3
S 67251,66587 552,579 607,646 5
S 67268,271390 553,569 619,634 1
S 65055,64448 540,567 607,647 4
S 67070,66595 556,592 613,641 2
S 64920,66210 542,578 614,639 4
S 67073,63748 563,585 610,644 5
S 271393,67262 540,559 560,573 2
S 65184,64419 540,567 610,644 1
S 271440,63759 540,561 612,641 3
S 66053,63749 540,563 605,648 1
S 271716,66588 565,608 609,646 3
S 66232,271375 547,569 613,640 5
S 65093,64420 542,560 618,636 1
S 66233,67058 550,565 612,641 5
S 67264,66577 553,573 574,591 3
S 65056,66597 540,566 615,639 4
S 65040,66178 541,565 611,643 4
S 66232,63727 541,575 576,600 3
S 66648,66592 564,601 605,648 2
S 67036,66174 557,595 608,645 3
S 66248,66586 541,573 619,635 3
S 63734,63760 566,606 611,643 2
S 67247,66643 553,577 578,597 1
S 67039,66588 566,587 605,649 5
S 66623,66589 561,594 611,642 5
S 67147,66597 546,589 613,640 3
S 66266,63727 540,575 576,598 5
S 67259,63733 554,573 574,599 1
S 271136,66213 571,590 608,645 3
S 63735,67062 564,608 614,639 5
S 271393,67269 540,554 555,583 1
S 271385,67048 540,561 562,597 5
S 64960,66600 540,578 579,597 5