D 58425
C 9
S 32645,13926 543,579 641,681 2
S 17860,12963 568,601 640,682 3
S 32863,58072 542,572 645,676 5
S 277891,12982 542,564 648,674 1
S 17851,17874 573,599 643,678 1
S 280879,33497 563,597 649,672 5
S 8179,12780 593,612 648,674 5
S 33420,12925 540,570 585,609 4
S 30960,32777 558,577 641,681 3
S 58427,12781 540,561 587,613 1
S 57976,32309 540,563 643,679 5
S 57981,12923 540,558 650,672 2
S 280880,12951 562,598 647,674 2
S 30798,12952 555,593 594,612 5
S 12781,32694 589,610 642,680 5
S 30951,12806 551,586 587,612 3
S 58422,17691 540,562 572,608 3
S 12955,12962 586,605 647,674 5
S 278192,17686 556,581 653,669 2
S 278192,17852 547,591 592,607 2
S 17998,32287 564,586 651,670 4
S 17680,18034 566,610 651,670 2
S 57944,12810 540,569 589,607 1
S 32801,30797 550,565 651,670 5
S 8155,57630 577,621 651,671 1
S 17863,8164 566,603 643,679 5
S 32240,12954 553,571 640,681 1
S 30961,17863 548,586 638,683 5
S 17684,33487 579,598 645,676 3
S 58229,17686 540,550 569,609 4
S 8174,17655 590,615 649,672 1
S 12981,18037 580,605 647,674 1
S 32645,12985 544,579 648,673 2
S 32193,17654 547,582 649,672 1
S 58218,32928 540,556 557,568 2
S 17884,12810 572,592 646,675 1
S 32197,18037 550,582 642,679 2
S 32199,17950 553,578 579,589 2
S 12952,17851 589,604 653,668 5
S 8174,8161 594,610 643,679 4
S 13920,8175 572,612 613,617 2
S 58208,30799 540,566 644,678 5
S 32912,18001 547,564 650,671 5
S 30948,17951 553,587 588,599 5
S 12975,280882 573,615 648,674 4
S 57981,32357 540,560 644,677 4
S 32637,32702 546,574 648,674 1
S 18005,18033 556,598 639,683 4
S 17654,13930 561,603 645,676 4
S 13922,32498 578,605 639,683 5
S 57970,272383 540,568 640,681 3
S 8175,17863 589,617 640,681 5
S 17709,18033 583,598 647,674 4
S 32241,32316 540,585 641,680 3
S 58189,32636 540,561 562,576 2
S 17686,12984 582,597 647,675 4
S 58019,32800 540,568 569,571 1
S 12808,17708 577,620 643,679 3
S 32911,12810 540,573 648,673 5
S 32201,32703 552,580 638,683 3
S 58026,272385 540,553 638,683 1
S 30955,8176 557,578 581,624 1
S 278194,57994 550,593 643,679 4
S 18033,30936 566,590 642,679 5
S 278194,18037 553,590 646,675 4
S 32202,17852 552,582 583,599 5
S 30951,17851 547,590 591,600 5
S 58021,32799 540,560 561,567 5
S 32861,12807 545,570 653,668 5
S 58023,30799 540,562 563,591 3
S 32644,30941 543,578 579,585 3
S 32644,32269 541,580 651,671 5
S 30948,17851 557,582 583,600 4
S 17681,32346 567,610 644,678 3
S 8176,57771 589,617 653,669 5
S 30953,280882 554,582 645,677 5
S 32645,272384 541,581 643,679 5
S 58188,32701 540,564 653,669 1
S 17870,8158 571,598 650,671 2
S 12810,33473 581,614 649,673 5