D 138927
C 12
S 138887,81395 540,553 581,616 5
S 86249,129174 546,581 584,614 3
S 138923,80387 540,562 590,608 2
S 131474,138908 540,551 577,620 4
S 129816,86248 540,563 564,585 4
S 86349,129278 545,577 590,608 1
S 90056,131858 540,576 585,612 3
S 86394,119206 547,572 590,608 5
S 130260,90057 540,565 566,574 2
S 130217,129008 540,561 591,606 3
S 86321,81019 546,577 580,618 2
S 130285,130180 540,563 580,618 5
S 80388,81409 559,578 586,612 2
S 129702,129666 540,574 583,614 5
S 86369,86322 544,575 578,619 4
S 119301,130300 542,571 581,617 3
S 130182,128999 540,565 579,618 3
S 129692,86237 542,566 578,619 5
S 129953,129266 540,572 576,621 3
S 129945,81379 540,559 560,582 5
S 81026,119163 549,586 587,616 3
S 138924,131866 540,561 576,621 5
S 81405,130286 545,584 585,621 1
S 81019,119193 554,580 586,612 3
S 119793,129953 542,571 586,612 3
S 129692,119319 540,575 580,618 3
S 119322,86355 540,576 588,610 5
S 132205,129703 540,558 559,568 5
S 268722,129267 559,577 590,608 5
S 129954,119208 540,572 590,608 3
S 138884,129701 540,562 588,610 3
S 119211,86393 541,568 581,617 5
S 129817,130181 540,562 587,610 5
S 119296,80094 542,569 570,591 2
S 128979,130264 540,558 578,620 3
S 119205,80389 540,576 577,591 2
S 81036,81027 548,588 589,619 5
S 119325,86352 540,578 589,608 4
S 80089,130261 556,584 588,610 5
S 129946,129821 540,565 577,620 3
S 90063,129758 542,574 583,614 1
S 81379,86366 544,589 590,618 5
S 90026,81450 546,571 586,611 5
S 81419,131857 554,575 589,609 2
S 128980,86321 540,562 586,611 5
S 81377,90057 554,579 580,617 1
S 89986,86237 550,568 582,615 2
S 80388,119249 551,586 587,618 4
S 81420,85436 552,577 589,608 4
S 138922,81451 540,549 550,582 5
S 131866,81016 540,554 578,619 3
S 119296,86246 540,576 585,612 1
S 81027,130217 548,588 589,610 5
S 119793,86349 546,566 588,609 4
S 130178,128979 540,564 584,614 3
S 81035,81379 546,591 592,621 3
S 119194,81018 540,574 575,577 2
S 138907,86245 540,556 557,575 4
S 138883,119249 540,559 582,616 5
S 86321,119789 544,579 580,620 5
S 268723,90010 556,580 586,611 2
S 130300,90063 540,558 577,621 3
S 80092,85439 551,588 589,615 4
S 138922,129664 540,551 552,571 2
S 86393,119321 542,578 584,614 4
S 129002,119208 540,559 578,620 5
S 90031,138885 546,571 578,620 1
S 129008,86349 540,557 590,607 1
S 119303,90066 540,574 578,619 2
S 131858,86394 540,553 584,614 1
S 130300,129663 540,567 582,616 5
S 119324,119207 546,569 583,614 2
S 86248,86321 555,570 587,611 3
S 138926,132200 540,552 585,612 4
S 138922,130180 540,557 590,607 4
S 90026,129164 540,580 582,616 3
S 129822,86310 540,564 565,581 2
S 129000,81396 540,556 557,575 5
S 129692,86352 540,575 582,615 4
S 86241,129817 551,573 579,618 2