D 130842
C 8
S 184475,180860 549,586 613,647 5
S 166307,211363 547,562 612,648 4
S 194814,141741 562,584 611,649 1
S 184510,132326 559,579 609,650 3
S 177561,130845 556,571 620,639 2
S 137954,211370 540,554 612,647 5
S 211370,165749 555,598 614,646 2
S 137614,191033 540,554 558,585 3
S 184482,181329 558,578 610,649 5
S 216604,149607 571,591 619,641 5
S 131278,166309 540,553 608,652 4
S 131252,168837 540,552 553,571 2
S 141944,223352 540,558 622,637 1
S 166306,184510 540,568 621,639 1
S 223327,137637 566,601 619,641 4
S 237980,180869 561,603 610,650 2
S 216604,194792 560,602 621,638 3
S 166314,184535 540,575 576,587 3
S 211375,141744 560,594 616,643 3
S 164392,211477 542,564 610,649 3
S 137953,211473 540,563 620,639 3
S 211386,237896 557,598 608,651 2
S 154816,184351 540,571 572,581 3
S 137594,168203 540,560 622,638 5
S 131256,216572 540,560 562,600 5
S 168622,184485 541,574 575,588 3
S 184484,168205 547,589 615,645 5
S 184478,195144 553,581 607,652 3
S 184225,165751 549,583 616,644 2
S 132329,191032 540,558 615,644 3
S 223357,171109 562,607 615,644 2
S 184224,180860 548,583 608,651 5
S 131258,138599 540,556 621,638 3
S 216626,181329 570,593 620,640 3
S 166307,216735 544,566 573,592 5
S 154728,184526 540,572 622,638 2
S 216687,137634 570,593 620,639 4
S 137959,181481 540,560 561,587 4
S 194800,194807 561,582 612,647 5
S 209712,216735 566,585 610,650 5
S 130837,168229 540,548 549,575 2
S 184535,141945 548,592 621,638 5
S 211477,216734 559,597 611,648 3
S 168209,216735 542,570 607,652 2
S 211362,250209 560,594 611,649 3
S 184526,171073 550,588 617,642 1
S 154728,209712 540,568 619,640 3
S 168211,168227 540,575 622,638 2
S 209454,171029 563,586 616,643 5
S 211375,141739 568,587 609,651 5
S 171109,223185 549,576 619,640 4
S 211364,154725 567,585 620,640 5
S 184513,250162 561,576 622,637 1
S 237900,211364 577,596 614,645 1
S 131272,211474 540,562 619,640 5
S 181478,216734 545,584 621,638 2
S 184494,164389 560,577 622,637 5
S 138640,223391 540,564 619,641 2
S 191032,181303 562,581 609,650 1
S 194818,141741 556,590 622,637 2
S 130841,168229 540,561 609,651 3
S 211370,168622 560,594 618,641 1
S 131253,184470 540,551 617,642 3
S 223353,138643 565,604 622,637 1
S 211477,166315 563,594 610,650 3
S 211582,184469 564,596 612,647 5
S 211478,168974 567,590 617,643 2
S 138638,132314 540,561 622,637 3
S 209454,211385 556,593 616,643 3
S 237898,154810 571,603 614,645 3
S 184534,149608 552,588 608,651 4
S 154725,180856 540,568 569,578 2
S 209454,154810 559,589 608,652 4
S 223187,168971 566,600 620,640 5
S 184536,223711 560,579 580,605 2
S 216687,154806 560,603 614,646 5
S 184533,171075 555,586 614,645 2
S 191029,223708 551,590 609,651 2
S 171029,211380 540,582 617,643 3
S 209711,130843 566,585 609,651 4