D 52595
C 8
S 52875,273013 549,568 613,632 4
S 44895,44271 559,602 603,643 4
S 44920,55665 561,593 602,642 3
S 55263,52871 540,566 608,636 5
S 52588,45117 540,551 567,582 1
S 53053,46124 553,574 612,633 5
S 44896,53041 571,591 614,631 2
S 45267,53038 552,587 609,636 3
S 45108,54947 553,592 611,634 1
S 45107,55664 553,592 605,639 2
S 52962,55001 546,586 601,643 2
S 45903,55688 556,579 610,635 2
S 45905,55408 554,582 600,645 5
S 44911,44271 556,599 611,634 4
S 45117,55364 553,596 600,645 2
S 53090,55361 554,569 613,632 2
S 52864,273018 540,577 614,630 2
S 52585,44900 540,561 565,595 2
S 52869,44272 540,580 608,637 1
S 53078,53078 546,577 609,636 1
S 52587,44894 540,560 561,603 2
S 53078,53060 544,580 612,632 3
S 52861,273022 548,564 604,640 5
S 45111,55265 556,590 614,631 2
S 52612,45116 540,560 561,591 3
S 55335,52806 542,561 610,634 4
S 53088,54945 540,584 607,637 4
S 45905,44905 546,590 608,637 3
S 53056,44894 548,577 578,591 1
S 45108,55652 558,587 606,639 3
S 52608,53039 540,559 606,639 2
S 44908,44228 566,591 613,632 4
S 55365,52871 540,566 603,641 2
S 52603,45107 540,554 560,584 2
S 52849,44895 541,567 614,630 1
S 52840,44904 540,575 576,591 5
S 55631,53054 540,564 565,576 4
S 45104,273017 553,590 602,642 1
S 44895,273017 559,602 603,645 4
S 53060,45012 549,576 611,634 1
S 52571,53056 540,560 561,579 1
S 45906,44882 554,583 584,597 3
S 55362,53052 540,574 575,581 2
S 52806,45099 540,573 574,581 1
S 53039,44885 549,579 580,603 2
S 45116,55664 554,594 614,631 5
S 52588,45187 540,549 556,596 3
S 55635,46948 540,559 560,589 5
S 55404,45870 540,565 614,630 3
S 45104,52864 555,587 608,636 5
S 55391,273016 540,562 604,640 4
S 55365,44941 540,566 567,591 4
S 44908,44205 568,589 601,644 1
S 55625,45878 540,570 571,584 1
S 45112,52959 561,584 614,631 2
S 53043,44899 544,587 607,638 4
S 46945,44879 544,589 590,591 4
S 55403,53090 540,560 561,576 4
S 273013,44909 540,564 606,638 2
S 53060,45010 540,585 602,643 2
S 52961,53054 543,588 614,630 2
S 275288,52847 572,597 608,637 1
S 52962,273014 549,583 607,638 2
S 52588,55365 540,552 602,642 1
S 52840,44912 546,563 569,585 1
S 55361,55644 542,565 604,641 1
S 44879,55652 573,592 606,638 5
S 52585,53041 540,554 555,586 3
S 45114,45868 563,583 611,633 2
S 52578,52839 540,560 561,569 2
S 44912,45010 557,597 607,637 3
S 46945,53087 552,581 606,638 4
S 44919,44272 564,589 601,643 1
S 53084,273018 540,580 600,644 3
S 52849,45880 540,573 574,580 3
S 55265,44271 540,566 606,639 4
S 273011,52954 540,564 612,633 4
S 52841,45115 540,572 573,590 2
S 46945,44906 550,584 611,634 4
S 275192,52865 558,591 603,642 5