D 104421
C 12
S 55156,94451 548,567 571,601 5
S 101176,104389 540,556 568,604 3
S 104422,104387 540,553 570,602 4
S 55374,55517 545,585 586,596 3
S 104332,101152 540,563 570,603 2
S 104395,93905 540,551 552,573 1
S 97517,93906 540,558 567,605 2
S 52670,104395 542,584 585,608 5
S 52826,104392 553,571 572,607 3
S 93898,93887 540,575 576,605 2
S 55113,101134 540,580 581,599 5
S 52848,93658 552,571 572,604 5
S 101176,55317 540,560 574,598 4
S 55103,55511 548,565 579,594 4
S 93897,55327 545,564 573,600 3
S 101123,93930 540,565 578,595 2
S 104332,55033 540,552 553,580 4
S 94177,101171 540,570 571,608 1
S 101027,93905 540,563 570,602 1
S 101172,55119 540,559 560,577 4
S 97519,55255 540,562 568,605 3
S 101152,55157 540,562 563,580 5
S 104311,104392 540,551 570,602 2
S 55156,101118 541,574 575,598 5
S 52845,55252 546,576 577,604 1
S 55018,55519 551,570 571,608 1
S 101180,55327 540,565 578,594 4
S 52835,94165 552,571 578,595 4
S 101206,94294 540,556 570,602 3
S 93930,94294 540,569 577,595 3
S 93929,55339 542,565 566,609 4
S 97517,55516 540,571 572,607 4
S 55157,101114 545,570 572,600 2
S 101204,55098 540,556 557,578 5
S 97487,94175 542,559 565,607 1
S 55015,104392 541,579 580,607 4
S 55103,93934 540,577 578,608 2
S 55112,94177 546,573 574,600 4
S 52826,93932 543,581 582,608 1
S 52664,101209 554,575 576,599 1
S 101124,93658 540,560 572,600 4
S 55113,101135 540,580 581,602 2
S 101121,94175 540,560 573,600 4
S 55118,55512 543,575 577,595 4
S 94302,97499 540,568 570,603 5
S 97493,55318 540,570 571,585 2
S 52668,101123 553,574 575,600 5
S 52817,104395 543,583 584,595 3
S 93886,55253 545,566 579,594 5
S 101124,55317 540,562 566,606 5
S 52848,93933 546,577 578,601 4
S 93658,93658 543,558 570,602 4
S 52664,104389 543,585 586,600 5
S 55099,101205 540,578 579,598 4
S 94451,93904 540,564 575,598 5
S 101171,94295 540,567 569,603 4
S 104391,104331 540,562 566,606 2
S 101171,104330 540,556 573,600 2
S 101120,104393 540,570 571,609 4
S 52666,93656 554,574 578,594 4
S 104312,101132 540,557 571,602 2
S 104311,94176 540,559 560,570 2
S 52825,104337 541,583 584,605 3
S 52817,94295 550,575 576,603 4
S 97524,55113 540,565 566,575 1
S 104332,52845 540,563 564,576 2
S 52825,104391 549,575 576,605 1
S 55102,104395 540,576 577,596 5
S 101208,52845 540,551 552,573 5
S 101204,55097 540,563 565,607 1
S 52668,94451 555,573 574,601 3
S 55317,101176 545,585 586,606 5
S 101184,55034 540,558 559,571 4
S 101123,101184 540,567 576,596 1
S 94165,104423 540,572 575,598 1
S 52671,94292 547,580 581,601 5
S 101180,94176 540,552 573,599 5
S 52665,101180 554,574 575,605 4
S 104311,55113 540,553 554,570 4
S 52848,55327 546,577 578,607 4