D 201222
C 10
S 219226,222620 566,599 663,681 3
S 208261,222553 558,578 579,605 2
S 222468,206374 575,604 654,689 5
S 219635,231261 567,602 603,620 4
S 199475,218166 540,551 650,694 4
S 231918,222487 596,619 655,689 5
S 199327,222481 540,568 577,601 3
S 231057,218161 586,604 663,680 2
S 231995,218839 592,621 650,694 1
S 199277,231179 540,572 664,680 2
S 231917,231917 591,625 658,685 1
S 231997,206451 599,614 661,683 2
S 199326,218886 540,566 569,588 3
S 218840,245097 568,588 654,690 3
S 206327,222576 552,574 653,691 5
S 231050,231916 588,603 604,618 3
S 206037,205834 544,565 655,689 3
S 208241,218355 555,579 660,684 1
S 219616,219216 578,595 653,691 5
S 199477,231078 540,564 658,686 1
S 218997,218915 558,602 651,692 4
S 231333,219649 592,618 662,682 1
S 218357,231113 551,596 597,617 2
S 205768,217971 540,572 659,684 2
S 231145,218813 586,613 653,690 3
S 231063,206547 582,607 651,692 3
S 218994,217960 567,596 663,681 3
S 201978,222425 540,571 572,605 1
S 222480,206451 578,600 658,685 1
S 219229,231321 572,595 655,688 2
S 219619,235346 575,596 597,617 1
S 207702,231143 548,581 582,616 2
S 231327,231133 597,612 662,682 4
S 231177,218992 591,615 653,691 3
S 201983,219641 541,563 564,605 5
S 230880,222499 579,610 659,684 3
S 219216,218536 574,590 660,683 5
S 206330,231088 549,576 585,608 3
S 218832,232049 569,586 587,626 3
S 219635,218355 566,604 656,688 4
S 231287,231262 583,621 658,686 2
S 222419,231298 575,601 662,682 4
S 231144,202027 579,620 663,680 1
S 231994,231300 585,628 658,686 2
S 231331,231056 586,624 654,689 3
S 218881,222558 565,593 594,601 1
S 199499,207682 540,561 562,577 2
S 219635,205825 567,603 659,685 2
S 219642,207625 563,606 663,680 2
S 217942,222481 550,595 596,598 5
S 218355,231993 553,595 662,682 5
S 231999,222491 597,618 661,683 2
S 199480,202019 540,566 650,694 5
S 218915,231062 559,600 601,616 4
S 231923,201337 597,620 649,694 1
S 207704,218832 551,578 655,688 3
S 219229,206598 570,596 654,690 2
S 219617,231332 577,594 595,627 4
S 218932,231061 568,592 654,690 1
S 199480,232049 540,565 650,694 2
S 219640,231260 563,603 653,691 3
S 218881,205838 564,593 664,679 3
S 205768,231327 546,561 585,623 5
S 199269,218345 540,578 662,682 4
S 219204,231088 572,592 593,611 3
S 201295,222495 540,564 650,694 3
S 208261,219641 559,576 577,604 5
S 231144,231264 578,620 653,690 3
S 199479,206374 540,553 661,682 2
S 219635,222622 570,599 661,682 3
S 201985,218922 544,561 563,597 3
S 222554,218993 576,606 654,689 1
S 222419,206025 565,610 656,688 3
S 246870,208262 540,560 561,588 5
S 207702,218814 542,587 650,694 1
S 246866,231087 540,560 579,613 4
S 231260,217962 588,614 649,694 3
S 230874,207400 586,601 664,679 2
S 207704,231143 545,584 649,694 4
S 206262,231918 542,577 592,624 3