D 79786
C 10
S 66852,121993 568,612 613,633 2
S 79936,261233 574,619 620,626 3
S 261227,121617 589,632 633,642 5
S 79940,121993 582,608 609,634 3
S 69694,121883 540,573 599,625 2
S 70034,121998 540,559 618,636 4
S 69646,122001 573,610 614,640 4
S 69937,69636 540,568 572,613 2
S 80019,121884 585,611 612,623 5
S 63823,121649 564,608 614,640 5
S 79851,121993 540,549 602,624 4
S 69926,66850 540,567 580,601 2
S 69929,59957 540,558 559,587 5
S 66868,261233 572,606 614,640 1
S 59145,121673 566,590 595,622 5
S 79934,121884 587,606 614,639 5
S 66638,81279 576,601 602,616 3
S 69939,121648 540,558 591,625 3
S 66784,121674 540,567 596,622 2
S 121998,122000 604,624 625,639 1
S 70023,81302 540,558 604,649 3
S 69674,121675 541,565 605,649 5
S 121868,121674 602,622 623,635 1
S 60016,81294 570,598 608,645 2
S 79954,80417 572,616 617,646 5
S 80239,81305 590,611 612,645 4
S 59140,121674 570,585 596,622 4
S 59139,66628 557,597 598,601 4
S 69930,81019 540,558 608,646 1
S 69932,66608 540,557 579,596 2
S 81262,85383 593,613 614,644 5
S 121739,121885 590,629 630,646 5
S 69645,81306 575,608 609,646 3
S 80140,121683 589,609 618,635 1
S 122000,121992 605,623 624,643 4
S 69695,268727 540,575 611,642 5
S 66785,121996 540,574 602,624 4
S 58109,85384 561,599 616,638 2
S 59954,79936 566,601 602,610 4
S 70025,81333 540,558 616,637 3
S 66608,81113 545,581 585,619 4
S 81278,121993 585,620 621,642 3
S 79939,79819 579,612 613,643 4
S 69637,121998 573,613 618,636 4
S 80360,121995 582,619 620,627 4
S 59277,79952 550,592 593,610 1
S 59807,81301 562,606 617,636 1
S 66852,80360 572,609 610,614 3
S 66785,66588 541,565 566,584 3
S 85385,79820 596,617 618,642 5
S 69693,81720 543,567 595,615 1
S 79934,121738 577,616 617,644 1
S 69823,79830 540,567 609,645 5
S 121994,121885 603,622 623,646 3
S 69817,59106 540,565 566,595 5
S 121648,81292 586,630 631,640 3
S 70024,59278 540,551 564,597 2
S 121740,81720 593,626 627,642 5
S 59806,81333 563,604 610,644 5
S 69934,121885 540,568 611,643 5
S 66609,85385 570,603 604,624 4
S 79980,81720 576,611 617,636 5
S 69817,122315 540,566 614,639 4
S 79980,269001 573,615 619,635 2
S 122001,122000 605,624 625,647 3
S 59285,121673 566,597 598,631 5
S 66784,121996 544,561 618,636 2
S 58110,81262 562,596 597,612 1
S 66843,69646 542,573 574,609 1
S 59146,81720 560,585 613,641 3
S 66844,79938 542,573 576,616 2
S 79936,261229 576,617 618,631 1
S 59144,79821 560,587 605,648 2
S 69770,261228 540,571 600,621 1
S 79851,122002 540,561 610,643 2
S 70034,66868 540,561 576,603 2
S 69647,81331 572,611 618,636 2
S 69648,122001 580,602 617,637 2
S 59279,69646 559,602 603,605 2
S 59106,121615 553,598 599,617 1