D 84180
C 11
S 161994,203458 572,607 608,626 3
S 125029,202949 548,566 687,704 2
S 162402,246675 564,608 609,619 5
S 127294,203453 548,570 588,626 1
S 127293,162019 540,580 679,712 1
S 259899,127293 550,566 687,704 5
S 151711,126112 553,593 675,716 5
S 127235,200323 554,572 588,621 4
S 126608,203756 556,573 605,630 3
S 124931,126121 540,564 685,707 4
S 84176,125679 540,556 557,579 2
S 124935,203629 540,566 596,624 5
S 126607,162408 543,588 677,714 2
S 127403,199814 551,593 688,704 1
S 124928,84268 540,572 679,712 1
S 125053,200071 540,566 586,601 1
S 200063,162408 580,612 688,703 1
S 124942,126608 540,558 559,574 3
S 127276,162408 547,575 576,595 2
S 254103,253881 570,589 679,712 3
S 124935,127288 540,569 688,704 1
S 200044,84216 577,622 673,718 2
S 203875,125072 594,639 687,705 2
S 203720,161882 603,629 674,718 4
S 245761,127337 598,641 685,707 2
S 84217,203695 540,555 600,624 5
S 203630,161530 593,626 685,706 5
S 203627,125066 589,632 684,707 1
S 162012,203450 567,609 610,619 3
S 200288,160376 580,623 688,703 5
S 124929,259592 540,570 687,705 2
S 200321,126130 588,620 684,707 5
S 127294,203710 545,573 593,635 3
S 200087,127403 584,602 681,710 2
S 246730,84494 587,610 677,715 1
S 125060,157383 540,571 572,590 2
S 127286,124986 540,580 676,715 1
S 200073,84171 579,608 674,717 1
S 246731,203725 585,612 613,628 2
S 157420,84496 565,594 684,708 3
S 200043,203694 583,615 616,623 4
S 203450,199816 589,626 684,708 2
S 203694,127293 590,635 682,709 1
S 254122,127267 569,594 688,704 4
S 259898,126608 544,572 684,708 4
S 127307,203458 548,573 588,628 3
S 126131,254128 560,580 676,716 3
S 157136,124944 567,585 674,717 5
S 200321,160500 595,613 686,705 3
S 84495,203705 540,567 598,629 5
S 126584,203459 554,574 587,631 1
S 203710,126130 597,632 673,718 4
S 259893,199971 540,570 595,613 1
S 84175,203873 540,556 605,627 5
S 268190,157139 540,559 679,713 3
S 161736,161538 588,624 680,712 1
S 245737,125069 599,635 678,714 1
S 84220,254130 540,558 575,592 4
S 246731,126112 584,612 680,712 1
S 203717,126605 607,623 677,715 3
S 162011,161740 572,604 605,626 1
S 203874,254128 598,634 683,708 1
S 254134,124942 562,605 677,714 2
S 203449,161939 598,617 683,708 3
S 203874,161822 606,625 688,703 1
S 254125,126131 564,602 682,709 3
S 203725,126614 603,634 685,707 5
S 126584,268191 545,584 683,709 5
S 199712,203714 569,611 612,635 2
S 124937,161894 540,571 680,712 1
S 84361,203726 540,565 603,634 4
S 84265,200083 540,563 584,599 5
S 254141,126339 568,602 682,709 1
S 127402,200258 556,587 589,612 4
S 200084,203562 573,611 687,705 5
S 162010,203719 570,608 609,639 3
S 200321,126122 592,616 686,706 1
S 84175,202990 540,549 688,704 5
S 127301,245761 540,580 609,630 2
S 203627,127288 595,626 675,716 4