D 34767
C 10
S 34771,57098 540,548 549,562 4
S 79591,38430 557,573 601,618 1
S 90001,57011 561,591 595,625 2
S 86178,38430 556,592 593,627 4
S 79694,57002 556,579 595,625 1
S 34775,80597 540,560 561,590 5
S 57085,62895 540,569 592,627 1
S 80600,86178 549,589 601,619 4
S 57084,86404 542,557 558,593 4
S 85538,38067 551,590 601,618 4
S 38274,86396 540,566 568,583 1
S 60940,62896 547,565 600,619 1
S 86160,60933 565,582 588,631 2
S 57046,38897 540,570 593,627 4
S 57008,80657 540,570 571,590 2
S 38191,79705 540,556 557,576 1
S 85538,267845 553,589 592,627 5
S 90004,79700 567,585 589,630 2
S 90003,39752 563,590 592,627 4
S 38288,63346 540,569 588,632 5
S 38269,79705 540,569 570,586 4
S 62906,85603 545,573 594,625 3
S 38377,60932 540,566 593,627 1
S 79582,70115 542,587 598,621 5
S 38145,85605 540,556 590,630 5
S 80596,57003 555,582 597,623 3
S 38276,38893 540,563 589,631 1
S 38274,267845 540,558 600,620 4
S 57064,60943 540,563 589,630 1
S 86408,60942 553,597 598,630 4
S 86157,38892 556,589 597,622 1
S 38270,79585 540,560 593,627 4
S 38217,62897 540,565 566,570 1
S 269034,86154 547,586 590,629 5
S 57079,63345 540,566 589,631 2
S 86161,80625 558,589 590,632 5
S 34778,86205 540,551 559,589 3
S 63347,86407 545,576 577,583 5
S 79693,60939 550,586 600,620 5
S 34771,79702 540,562 563,581 3
S 70111,63358 556,572 595,625 5
S 60945,35882 542,567 602,618 5
S 38264,57003 540,560 598,622 3
S 35836,79700 540,561 588,632 2
S 57009,80625 540,570 590,630 3
S 57010,90002 543,565 566,587 2
S 63358,86157 550,573 574,586 1
S 80638,85606 551,588 590,629 1
S 90003,79704 555,598 600,619 1
S 38146,79590 540,562 592,628 3
S 34769,90001 540,555 559,593 5
S 90003,86158 558,595 600,619 3
S 86395,60942 569,584 593,627 4
S 86407,38070 565,585 596,624 4
S 57010,39706 540,571 591,628 3
S 39735,80638 540,576 577,584 1
S 60941,57013 543,568 590,629 4
S 34774,39735 540,553 554,569 5
S 86205,57015 561,587 589,631 2
S 35887,62902 540,562 563,579 5
S 57063,62912 541,563 596,624 1
S 57097,38452 540,568 597,623 1
S 80637,60941 561,578 592,627 1
S 90002,79582 563,589 598,622 2
S 63375,35883 545,579 594,626 2
S 57064,39750 540,567 593,627 4
S 79695,57012 552,583 600,619 4
S 86205,85606 565,583 595,625 2
S 34771,79700 540,560 598,621 1
S 79701,38893 551,580 597,623 2
S 60941,80597 545,566 567,589 5
S 60934,86160 549,565 597,622 2
S 60938,60942 546,566 595,625 3
S 57008,79582 546,561 562,573 1
S 80524,35882 552,583 591,629 5
S 60939,57014 540,575 596,623 2
S 60940,86407 540,571 593,627 1
S 85602,63307 557,586 593,627 5
S 38264,86154 540,560 561,595 3
S 38288,79584 540,561 562,571 2