D 95387
C 11
S 99198,98565 544,562 615,652 3
S 114331,95376 567,589 623,644 2
S 95332,109323 540,559 625,643 2
S 98595,95147 540,567 622,646 2
S 136471,99177 568,606 625,642 2
S 98593,136531 540,566 615,653 2
S 136797,109317 568,600 626,641 2
S 98659,107378 542,557 558,584 3
S 108424,100530 561,582 617,650 2
S 98660,109320 540,570 571,584 3
S 136574,98565 572,592 624,643 3
S 95288,104983 540,556 624,644 4
S 266383,98675 540,558 626,642 2
S 95298,95386 540,553 612,656 5
S 109324,107431 561,592 612,656 3
S 95317,98540 540,558 614,654 1
S 136472,98540 573,602 613,654 5
S 104813,104874 543,586 620,647 5
S 136584,136575 570,591 618,650 3
S 114314,95150 565,588 619,649 1
S 104917,136597 548,573 574,590 4
S 114325,104982 565,590 617,650 3
S 109302,95159 553,598 615,653 5
S 136806,107412 577,593 625,642 1
S 109247,107447 555,593 623,644 1
S 98662,99177 540,564 621,647 2
S 107431,136806 556,579 626,641 1
S 136585,107466 562,599 622,646 2
S 95330,107466 540,552 558,584 3
S 100406,136599 540,575 576,595 4
S 95387,98721 540,556 612,656 1
S 104928,95386 543,580 625,643 5
S 114340,107372 561,595 615,653 1
S 136599,98541 568,588 620,648 1
S 95374,98676 540,552 624,644 1
S 136463,98606 574,603 614,653 5
S 104923,107406 552,570 616,652 2
S 95368,95332 540,549 613,654 4
S 100405,104887 540,572 626,642 1
S 108423,95322 561,582 621,646 1
S 136796,104934 574,594 621,646 5
S 136585,95336 565,597 614,653 1
S 109315,104996 562,590 620,648 2
S 99198,136793 543,562 572,594 4
S 263572,104877 553,597 622,645 4
S 98556,109320 540,563 564,596 4
S 107406,104935 557,582 612,656 3
S 95322,136588 540,561 563,599 4
S 109244,108918 553,595 613,654 2
S 104987,104900 553,573 621,647 2
S 95330,107424 540,561 623,644 3
S 104923,108423 545,577 578,593 2
S 265388,100394 540,558 613,654 4
S 98635,99176 540,560 612,656 1
S 100402,114326 540,571 618,650 1
S 109315,136582 561,590 619,649 4
S 136589,107374 566,594 624,643 5
S 265388,109320 540,556 623,644 5
S 107376,98723 551,582 615,652 1
S 108918,99175 550,595 617,651 5
S 100573,136534 548,564 614,653 5
S 104917,99150 543,578 621,646 2
S 107380,136791 559,575 624,643 3
S 136585,104907 563,599 619,648 4
S 100415,108422 540,570 620,647 5
S 98594,136575 540,566 623,645 1
S 98552,109234 540,561 614,653 2
S 136794,108433 571,596 621,646 4
S 107371,136596 557,574 620,647 4
S 107452,95336 559,580 626,641 2
S 136537,95317 566,604 623,644 4
S 136827,104802 570,601 622,646 1
S 108422,136797 552,591 617,650 5
S 107430,95335 550,584 613,654 3
S 98593,98721 540,557 614,654 4
S 100405,136806 540,567 616,652 1
S 100386,107465 540,574 625,643 4
S 104996,98663 541,585 625,643 1
S 98634,95373 540,571 618,650 4
S 104805,109225 553,577 619,648 1