D 224724
C 12
S 211741,223395 547,588 589,611 1
S 224174,224180 540,557 580,599 2
S 225016,223921 540,559 573,605 3
S 224168,223914 540,569 570,610 5
S 224071,224765 540,573 578,600 5
S 211687,224185 549,584 585,610 1
S 224174,223194 540,563 576,603 3
S 223719,224980 540,568 572,607 3
S 223320,223370 540,573 578,600 4
S 224725,212020 540,562 579,600 5
S 224879,223921 540,569 581,597 5
S 224988,212019 540,556 581,597 2
S 216495,237707 549,571 572,607 3
S 216494,223728 545,575 576,612 4
S 224164,223420 540,570 571,611 5
S 223217,211701 540,578 579,610 2
S 225766,224185 540,551 575,603 3
S 211804,212020 554,576 577,612 3
S 223719,223396 541,566 580,599 4
S 216531,224855 548,570 572,606 5
S 215658,223910 541,582 583,611 3
S 225090,224985 540,559 572,607 3
S 224860,224765 540,562 579,600 1
S 225766,215662 540,561 562,579 2
S 225773,211706 540,553 554,587 4
S 211871,224857 550,580 581,604 1
S 225770,212020 540,550 572,607 4
S 212018,211803 541,585 586,609 5
S 215640,212014 540,584 585,604 2
S 224173,211692 540,569 570,575 2
S 224171,212010 540,569 576,602 4
S 224122,224846 540,565 576,603 1
S 223201,223193 547,569 582,597 1
S 223370,223731 540,572 581,598 5
S 223364,211704 540,572 573,576 5
S 225018,223202 540,566 576,603 4
S 224860,223687 540,564 570,609 4
S 211872,223194 547,582 583,606 4
S 224139,211708 540,573 574,579 4
S 216550,224980 540,580 581,598 2
S 211709,211680 547,587 588,608 3
S 225016,239584 540,564 565,566 2
S 211926,211925 541,586 587,601 5
S 211942,224183 550,576 577,601 1
S 224164,211868 540,564 565,575 4
S 215780,224186 542,579 580,598 5
S 216510,211936 550,568 576,602 5
S 225006,224741 540,555 573,606 1
S 212017,223721 541,585 586,610 3
S 225765,223691 540,548 570,608 3
S 215659,224840 549,573 579,599 3
S 225090,224857 540,549 569,610 5
S 224991,223363 540,565 581,597 5
S 224147,224727 540,565 570,609 1
S 211927,223364 548,580 581,605 2
S 225017,223323 540,559 560,570 1
S 211704,225017 559,577 578,608 1
S 211925,225017 545,583 584,607 5
S 223396,211691 544,566 567,578 3
S 225773,211705 540,550 551,586 2
S 224986,223198 540,556 557,579 4
S 223904,212012 540,568 580,599 2
S 224876,211686 540,570 571,582 5
S 225765,215657 540,556 576,602 4
S 239585,225007 549,567 578,600 1
S 223202,212015 541,575 578,601 3
S 211690,215660 546,589 590,606 3
S 224980,216495 540,555 575,604 3
S 211705,215663 553,583 584,605 5
S 223202,212016 547,568 569,609 4
S 215657,223317 546,576 577,611 5
S 223905,224846 540,575 582,597 4
S 224747,239585 540,554 579,600 5
S 215662,223202 546,576 577,608 3
S 211681,215657 550,582 583,601 4
S 211870,211804 555,575 580,598 3
S 211801,225017 552,578 581,597 3
S 211687,224988 557,576 577,607 1
S 211711,216550 546,588 589,609 4
S 224139,224179 542,559 574,604 2