D 262601
C 12
S 54468,111966 549,581 617,632 5
S 262445,54285 540,564 604,645 4
S 54470,45191 555,575 576,588 3
S 97578,275258 543,579 580,590 2
S 46231,44960 567,584 602,647 5
S 54247,45198 560,580 615,634 3
S 111973,45196 541,560 614,636 3
S 46225,54257 563,590 615,635 2
S 111972,54287 540,562 563,584 2
S 97197,44945 541,585 586,597 3
S 54277,97599 551,584 608,641 4
S 111865,45191 540,573 574,594 3
S 111761,46717 540,575 603,647 5
S 44945,44959 570,591 616,633 1
S 46712,262445 552,595 605,645 4
S 44945,113192 566,595 615,635 3
S 97596,54269 551,567 608,641 1
S 111762,113196 540,573 611,638 2
S 111866,275069 540,567 616,634 4
S 54249,111979 562,578 607,643 3
S 97579,263214 554,569 617,633 1
S 111767,275255 540,579 616,633 2
S 111977,46227 540,562 607,643 2
S 46105,113195 563,590 608,641 5
S 113195,111762 540,552 553,576 1
S 54248,54253 560,580 603,646 5
S 97581,113193 552,569 610,639 2
S 46231,46717 553,597 616,633 4
S 97596,275257 540,577 608,641 4
S 46225,97196 559,593 614,636 3
S 111867,54258 540,572 573,589 2
S 111980,111864 540,566 606,644 4
S 45182,111760 563,605 609,641 2
S 111765,97132 540,578 607,643 2
S 44968,54287 572,594 613,637 3
S 44944,95447 558,602 603,647 1
S 111968,113203 540,568 606,644 1
S 111762,275069 547,563 568,587 2
S 54255,45188 562,581 605,645 4
S 44947,54256 562,600 605,645 2
S 111868,46105 545,562 603,646 5
S 262572,45188 540,564 568,592 4
S 111867,54285 540,573 574,587 3
S 97577,262516 541,581 603,646 3
S 110662,54255 542,574 575,594 3
S 44957,113203 573,592 604,645 4
S 54258,262551 560,586 610,640 2
S 262549,97197 540,562 604,646 4
S 45191,54264 568,590 613,637 3
S 44966,54258 575,590 617,632 4
S 111966,54275 540,562 617,632 4
S 97594,45196 540,582 583,599 3
S 54290,111978 549,583 615,634 3
S 113194,113196 540,559 616,634 4
S 262572,46718 540,550 610,640 5
S 113204,97583 540,559 560,575 4
S 54277,262446 545,589 617,633 3
S 46105,113199 563,590 603,646 4
S 110652,46106 544,571 610,640 4
S 113194,46231 540,561 562,590 2
S 54618,111865 542,585 616,633 2
S 44958,113199 570,595 616,634 5
S 111864,97129 540,571 614,635 4
S 111773,111970 545,562 604,646 5
S 110652,111767 542,574 615,635 2
S 113199,97130 540,561 615,634 2
S 45187,54285 569,590 606,643 3
S 111867,262446 541,565 605,645 2
S 46105,111978 566,587 612,638 1
S 97594,45198 546,573 613,636 2
S 44956,44959 566,598 610,639 5
S 113201,111863 540,562 603,646 4
S 54468,44959 550,579 611,639 1
S 275069,110648 558,597 605,644 2
S 97194,45196 540,584 603,646 3
S 46716,54620 562,587 607,643 2
S 111980,54285 540,556 557,589 1
S 275258,54621 570,593 617,632 5
S 111772,46718 540,574 608,641 5
S 111867,97197 540,568 607,642 2