D 156044
C 10
S 156033,102086 540,559 567,594 3
S 258442,132839 552,585 618,647 2
S 258437,103581 548,590 618,647 1
S 154777,101294 545,562 570,605 1
S 101617,155018 571,595 625,640 4
S 101653,102262 562,602 616,649 5
S 154743,116016 540,573 616,648 3
S 101994,138653 559,600 610,654 3
S 149553,103578 540,576 613,652 2
S 154763,101617 546,566 573,593 2
S 134350,134566 557,577 618,646 3
S 254927,103648 540,558 564,592 5
S 154765,132945 540,578 624,641 4
S 154947,137298 540,561 562,573 4
S 137273,101473 545,581 582,597 4
S 155042,102022 540,557 562,599 5
S 135338,103578 544,585 624,641 3
S 103701,116020 564,589 615,649 2
S 154948,103679 540,561 625,640 1
S 155061,134470 540,552 554,578 2
S 133101,132959 564,579 618,647 1
S 133369,141848 546,591 615,649 5
S 133374,93067 553,586 587,603 4
S 93057,103648 567,600 616,648 3
S 154772,138050 540,577 613,651 3
S 133369,101475 557,580 581,605 5
S 102087,101471 561,598 610,654 1
S 101295,155038 567,609 620,645 2
S 155369,102074 540,564 620,644 4
S 154777,132948 540,568 614,650 5
S 102075,138551 565,595 619,646 2
S 115744,164183 563,584 615,649 3
S 101473,155016 567,611 613,652 4
S 137280,101469 553,571 572,605 5
S 101986,137546 570,587 617,648 1
S 103701,154994 558,594 614,650 1
S 103548,137544 563,585 618,647 4
S 138266,155017 540,582 624,641 3
S 134342,103694 553,583 620,645 5
S 137278,132713 554,572 610,655 5
S 103777,103777 559,591 614,650 1
S 134359,154994 551,582 624,640 1
S 154876,101987 540,562 564,595 4
S 103694,132963 561,592 618,647 1
S 154776,102087 540,578 620,644 3
S 101488,102020 571,603 614,651 5
S 154796,132862 547,562 621,644 1
S 154763,156034 541,571 621,644 2
S 115744,138606 562,584 623,641 2
S 142176,102262 546,569 617,647 2
S 92282,155039 571,598 619,645 5
S 103577,134567 558,593 623,641 2
S 155367,155018 540,562 615,649 1
S 137295,132618 548,575 619,645 2
S 101537,102024 566,606 612,653 4
S 103640,115751 564,591 621,643 1
S 101518,154591 576,595 624,641 1
S 101607,101472 573,594 610,654 2
S 115983,93056 556,587 588,591 1
S 155368,101655 540,557 570,594 1
S 154759,103766 544,568 569,587 1
S 101542,102075 565,608 610,655 4
S 154776,133369 546,565 566,588 4
S 103551,132618 562,586 614,651 2
S 137274,102086 545,581 582,594 5
S 164183,115992 540,556 557,593 2
S 155367,92968 540,558 576,593 3
S 142176,93055 549,566 567,602 2
S 102259,138051 560,597 621,644 3
S 115992,138554 550,594 622,642 5
S 154868,101471 540,566 577,601 2
S 101989,132709 568,590 616,649 2
S 133383,115746 547,592 613,651 2
S 154762,132862 540,578 613,651 1
S 101464,141849 578,598 621,643 3
S 142178,93059 540,578 613,651 4
S 155061,134803 540,565 623,641 5
S 115745,101635 554,593 621,644 2
S 103675,103696 567,588 612,653 3
S 154802,101995 540,571 613,652 3