D 30147
C 11
S 30040,22773 540,558 567,584 3
S 22929,22783 560,601 602,632 3
S 19977,26851 540,570 592,629 2
S 19977,22928 541,569 599,623 2
S 19838,26781 548,566 599,622 3
S 22929,280174 559,602 603,625 2
S 30123,20398 540,552 553,578 2
S 30131,22793 540,567 568,591 5
S 20411,26776 551,573 591,630 3
S 18852,22724 540,553 596,625 5
S 19844,22795 544,571 593,629 2
S 22793,22045 563,594 599,623 5
S 30117,20142 540,557 558,564 5
S 20059,22793 545,562 570,587 2
S 22793,20330 565,592 593,633 1
S 22774,30144 556,594 601,620 4
S 20404,26782 543,578 592,629 2
S 22785,280147 568,585 599,623 3
S 280153,22046 556,586 595,627 4
S 29946,22928 540,567 594,628 3
S 30079,19972 540,555 556,577 5
S 18617,22634 540,561 562,584 4
S 280175,22167 561,579 590,631 3
S 26781,19942 549,585 602,619 3
S 20390,22783 550,573 598,623 5
S 22786,29929 555,598 599,628 3
S 280152,26873 554,587 599,622 1
S 20417,26873 542,585 595,626 3
S 19996,30183 540,570 598,624 5
S 22787,22761 557,598 603,619 5
S 30024,20398 540,569 570,584 1
S 26791,29924 548,582 591,630 5
S 20431,22632 542,585 593,628 1
S 20160,30151 542,560 597,625 2
S 19838,20417 540,579 601,621 3
S 20141,30383 540,570 592,629 1
S 22924,20413 568,591 597,624 4
S 22794,22167 570,587 594,628 1
S 22633,22783 546,590 602,619 4
S 26628,22072 560,599 600,627 1
S 22788,29903 567,587 599,623 2
S 30129,22926 540,559 592,630 2
S 18617,20325 540,552 599,622 5
S 20416,30370 542,584 590,631 2
S 19970,20417 540,575 597,625 5
S 30132,22794 540,565 600,622 1
S 30024,22695 540,572 573,588 3
S 30021,20431 540,562 563,583 1
S 19976,20304 540,575 592,630 2
S 22010,20411 552,591 592,632 3
S 22010,29930 561,582 601,620 2
S 20140,22009 540,567 598,624 1
S 26874,22928 544,585 586,597 4
S 30044,22795 540,566 571,587 3
S 30079,26792 540,562 595,627 5
S 19883,26776 540,578 592,630 2
S 20059,26787 545,562 602,619 5
S 22167,22925 547,589 591,630 3
S 22761,20316 557,596 597,627 1
S 19987,22762 542,568 594,628 4
S 18853,20429 540,562 602,620 4
S 21857,26850 552,597 598,623 5
S 19851,22695 540,580 581,596 2
S 22926,26788 569,591 599,623 2
S 22786,20325 555,599 600,630 5
S 280153,20413 555,587 599,623 3
S 19842,30146 542,572 589,632 5
S 22788,29905 561,593 597,625 5
S 19843,20305 540,575 597,624 4
S 18852,22074 540,555 593,629 5
S 20390,19945 542,582 599,622 2
S 22029,20386 556,588 597,625 2
S 19855,19945 549,568 593,629 2
S 20151,29935 543,560 600,622 3
S 18850,30384 540,558 598,623 3
S 22761,29924 560,593 601,620 2
S 20415,280176 551,575 589,633 1
S 19845,22010 540,575 597,625 4
S 19837,22060 542,572 573,596 3
S 19857,30384 540,578 589,633 1