D 165171
C 9
S 168433,183087 540,565 566,583 5
S 168601,170886 540,571 586,613 4
S 149256,183042 540,564 565,577 3
S 168432,183083 540,568 569,579 4
S 181961,168450 551,578 590,608 3
S 177861,168837 546,572 580,619 1
S 149187,183040 540,554 555,585 4
S 165614,183043 540,564 565,584 5
S 180163,165142 540,583 584,618 1
S 183335,181962 551,590 591,619 4
S 183281,177768 563,578 589,610 2
S 177866,181977 542,575 588,611 1
S 149185,177858 540,556 557,574 5
S 168546,169701 540,560 580,619 4
S 182021,181959 551,579 580,619 1
S 183088,168641 545,587 589,609 5
S 180179,165222 550,575 589,609 5
S 177937,168585 542,579 585,613 4
S 183063,168600 548,590 591,613 4
S 149203,180180 540,561 562,574 3
S 177858,169715 545,573 578,621 4
S 149278,183038 540,552 584,614 5
S 183082,183025 546,589 590,621 5
S 183282,168453 550,591 592,607 3
S 177763,165618 540,577 588,610 5
S 183441,183035 550,593 594,620 1
S 180114,165168 547,576 590,609 4
S 165618,168805 540,567 584,615 5
S 182018,183336 546,584 585,615 1
S 177868,182027 544,571 578,621 5
S 183041,182020 562,577 590,608 3
S 183335,165166 552,588 590,608 2
S 169701,165221 545,564 589,610 3
S 168646,180165 540,566 567,581 3
S 170885,181960 545,567 579,620 2
S 149140,181932 540,562 589,610 2
S 168622,183041 540,563 564,577 5
S 180165,183087 549,575 590,609 1
S 252579,168453 543,565 580,619 5
S 149142,168843 540,557 591,607 4
S 169701,168601 540,569 588,610 4
S 177769,177860 547,567 577,621 2
S 168428,182027 540,565 580,619 2
S 182020,169700 543,586 587,613 2
S 165614,181961 540,564 565,584 1
S 169670,183024 543,564 589,609 1
S 183085,177768 553,581 582,616 2
S 177932,180180 545,575 588,610 1
S 183442,177864 562,580 581,620 3
S 177762,183041 543,570 571,592 3
S 177774,168807 540,575 582,616 4
S 169716,165620 540,570 580,619 1
S 168647,183090 540,564 584,614 5
S 180112,180116 544,579 589,610 5
S 177937,180165 550,570 579,619 1
S 177765,183042 548,565 566,581 1
S 149280,180162 540,560 589,610 4
S 177763,165166 544,569 591,608 5
S 183282,182021 558,583 586,612 4
S 168546,181961 540,568 583,616 4
S 180179,180112 541,585 586,614 4
S 177773,165168 540,574 586,612 2
S 165611,177936 540,561 586,612 4
S 177864,168431 546,571 589,610 2
S 168428,183081 540,568 569,578 2
S 168553,180180 540,568 569,580 5
S 168553,177860 540,559 560,567 5
S 177936,168841 552,568 591,608 3
S 168553,177774 540,560 581,617 2
S 168436,177866 540,563 564,573 1
S 168805,168807 540,566 590,608 5
S 165611,168807 540,557 584,615 4
S 165611,183083 540,560 561,586 5
S 168802,168553 540,573 586,612 4
S 149279,177860 540,555 582,617 1
S 177860,177773 547,571 585,613 4
S 180114,249773 552,570 571,584 5
S 183085,165216 554,579 590,608 3
S 183040,168602 551,589 590,616 4
S 149256,183442 540,559 589,610 4