D 257243
C 11
S 139308,128773 548,564 601,616 1
S 128441,128008 540,579 600,617 3
S 139149,127610 540,570 571,587 3
S 128639,139301 553,569 590,626 5
S 128276,261158 540,585 586,631 1
S 128775,131758 544,569 596,621 4
S 128827,124477 544,564 565,589 1
S 128626,127680 547,572 600,617 4
S 124337,259240 564,580 599,617 2
S 257460,259198 542,558 559,581 2
S 259290,127679 567,584 590,627 1
S 132143,128217 540,556 557,585 3
S 139468,131768 555,572 601,616 2
S 128772,124478 545,569 570,597 2
S 139015,128625 540,561 596,620 5
S 127621,124473 551,588 601,616 3
S 128741,128559 550,567 587,630 3
S 131743,128055 540,564 565,578 4
S 128294,140866 549,575 599,618 3
S 128639,124476 544,578 579,586 2
S 128159,257460 544,587 595,621 3
S 140768,124173 540,557 558,586 1
S 140055,139150 547,564 596,621 1
S 139017,259240 540,550 595,621 5
S 128775,127991 549,564 601,616 2
S 132120,139149 540,567 586,630 3
S 131722,124290 540,566 567,580 4
S 132137,124476 540,560 565,583 1
S 128775,127482 546,568 598,619 1
S 128193,139192 549,581 591,625 2
S 139478,139162 547,580 599,618 2
S 131732,128054 540,557 594,622 2
S 124467,139173 551,595 596,631 5
S 139162,131729 540,564 601,616 2
S 128629,131945 552,568 600,617 5
S 257460,139300 540,566 597,619 5
S 124338,128799 554,591 596,620 4
S 139469,138976 543,584 593,623 3
S 139298,128162 547,563 564,587 1
S 124340,257444 561,583 593,623 3
S 139154,127483 540,573 599,618 4
S 128774,127610 547,567 568,590 1
S 131733,128057 540,570 571,582 5
S 139014,128775 540,551 552,569 4
S 128431,128054 549,568 586,631 3
S 140763,128774 540,563 564,570 3
S 132118,139148 540,556 596,621 3
S 140765,139298 540,558 596,621 5
S 139192,128008 540,563 591,625 1
S 128833,128824 540,574 600,616 3
S 128766,131720 545,569 598,618 5
S 128624,128006 540,580 592,624 3
S 124467,128052 556,590 591,628 2
S 128217,140866 550,578 600,617 3
S 124289,127661 555,587 589,628 5
S 128665,128052 540,584 589,627 1
S 128429,259290 540,576 577,591 1
S 128294,257459 549,575 598,619 3
S 128275,139192 550,576 590,626 5
S 140850,139156 540,561 598,618 2
S 257444,128801 540,567 593,624 1
S 124290,128832 549,593 595,622 1
S 139311,140865 540,573 595,622 5
S 140853,128601 540,550 598,619 3
S 127570,128730 555,585 596,621 2
S 124341,128006 552,595 596,621 5
S 128432,128429 549,568 597,619 4
S 139042,128057 540,564 587,629 3
S 128832,127662 545,562 588,629 2
S 128742,128053 545,573 591,626 2
S 128230,128002 545,585 590,626 1
S 128827,122663 540,573 599,618 2
S 128771,259289 543,571 590,627 2
S 127916,127477 547,590 591,631 1
S 124462,128626 562,585 587,629 3
S 128729,127481 547,571 588,629 2
S 139310,128590 540,578 594,622 2
S 257436,127991 540,575 587,630 4
S 131721,127629 540,559 596,621 4
S 140768,128431 540,564 590,626 1