D 32939
C 10
S 32629,8205 540,560 640,674 5
S 281647,32317 569,584 642,671 4
S 4021,8059 582,614 638,675 3
S 18001,17654 554,576 647,667 4
S 32637,18071 540,568 569,571 4
S 4089,17689 576,612 637,677 1
S 32196,281676 540,574 645,669 1
S 278192,4015 544,571 591,611 4
S 32930,18038 540,558 641,672 4
S 32197,4095 540,575 584,602 4
S 18000,8019 547,582 583,602 5
S 4016,280879 588,614 649,664 2
S 4028,32497 588,605 635,678 4
S 277891,280943 540,557 558,593 3
S 32645,17860 540,566 649,665 3
S 4067,4100 574,615 635,678 4
S 32799,32300 540,567 637,676 4
S 4011,18006 578,622 649,665 2
S 32946,32748 540,552 635,679 1
S 7849,281676 573,590 637,676 3
S 4097,32699 584,603 642,672 4
S 281627,33498 556,595 647,667 2
S 8205,4011 580,598 599,614 4
S 4088,8039 584,605 644,669 4
S 4027,4102 587,607 647,667 2
S 30797,32497 544,582 641,672 5
S 32240,32750 540,570 640,674 3
S 30960,17653 544,567 646,667 4
S 30797,281639 540,585 586,591 4
S 8210,32286 571,609 640,674 3
S 8064,32325 570,601 644,669 3
S 32928,17998 540,558 646,667 3
S 4093,32286 586,601 640,674 2
S 4098,57631 585,601 638,676 1
S 32195,18026 540,567 568,583 2
S 30942,4062 544,576 648,665 5
S 32193,284071 541,566 579,622 4
S 282853,32498 562,607 641,672 1
S 4008,32270 580,621 642,672 3
S 32861,18033 540,554 555,589 3
S 32871,17654 540,567 648,666 2
S 280880,4002 550,587 591,607 3
S 18024,17685 545,590 636,678 5
S 4005,32768 588,610 646,667 5
S 32635,4101 540,559 577,608 1
S 280883,4019 551,588 589,614 1
S 32911,282853 540,567 644,669 4
S 4093,4088 584,604 638,675 3
S 8209,4030 574,607 649,664 5
S 4030,32749 587,605 636,677 5
S 4025,12885 575,620 646,667 1
S 4025,8065 577,618 649,665 1
S 32802,8017 540,558 575,592 2
S 8066,18002 572,601 644,669 3
S 32934,4066 540,556 573,617 4
S 8209,4028 572,609 646,667 4
S 32928,17852 540,558 644,669 3
S 18024,8064 552,582 583,601 5
S 277891,278194 540,560 561,579 5
S 4088,18038 581,608 641,672 4
S 32201,12842 540,571 572,590 4
S 32200,18006 540,574 644,669 4
S 32911,30797 540,562 641,673 2
S 281649,17860 562,592 649,665 1
S 4005,32769 588,610 648,665 1
S 4005,8040 591,607 638,676 4
S 30951,4102 540,579 581,603 3
S 32645,12886 540,565 637,677 1
S 4001,280915 583,613 635,678 2
S 30951,282858 545,569 644,670 2
S 32200,281628 540,572 573,585 4
S 32934,281643 540,556 562,592 5
S 32629,6597 540,569 636,677 5
S 32644,18004 540,565 566,573 4
S 32644,17654 540,559 648,665 5
S 32928,32925 540,552 642,672 2
S 8061,32768 573,598 637,677 1
S 17951,17852 547,589 645,669 1
S 32202,8078 543,568 646,667 4
S 32934,4101 540,563 578,606 2