D 139137
C 11
S 38758,39007 563,607 613,637 5
S 90196,39825 540,575 616,634 3
S 87326,61108 542,580 604,646 4
S 121270,87202 540,566 615,635 1
S 139127,62654 540,555 559,586 3
S 38718,61090 573,591 611,639 5
S 89720,139134 543,576 604,645 4
S 74156,139112 548,582 615,635 2
S 119139,128851 540,575 605,644 5
S 139133,129749 540,561 609,641 1
S 38615,90658 561,605 606,643 5
S 70524,89102 555,587 610,639 2
S 129634,38762 540,570 571,603 4
S 121094,56907 540,554 616,634 5
S 90219,61090 540,574 575,588 3
S 38531,87551 572,596 603,647 3
S 38531,73470 570,598 617,633 5
S 70515,61143 556,581 616,634 2
S 70515,121283 557,580 605,644 3
S 90187,38533 549,566 569,600 5
S 56888,87551 564,590 611,639 2
S 38769,56896 563,607 614,636 3
S 121277,121274 540,552 605,645 1
S 38714,38525 562,600 611,638 2
S 129733,74264 540,563 564,578 5
S 276861,121266 574,593 612,638 5
S 90439,70959 540,571 610,639 1
S 129756,38521 540,567 609,641 2
S 269893,89094 544,589 615,635 2
S 74038,89096 551,579 605,644 2
S 90440,139134 541,568 614,635 2
S 129751,89103 540,571 611,638 4
S 70525,74524 563,578 611,639 3
S 139133,90659 540,552 607,643 5
S 62706,61386 558,583 617,633 3
S 129927,38717 540,565 572,591 2
S 139127,56897 540,560 617,633 5
S 38761,70956 565,604 612,638 4
S 70798,61365 559,577 614,635 2
S 39889,90614 558,597 606,644 4
S 129751,261395 541,558 609,640 1
S 261397,89118 540,558 616,633 3
S 119142,61364 540,571 572,593 4
S 139168,129646 540,556 557,569 5
S 38732,89618 559,602 604,646 5
S 90175,91222 544,572 604,645 4
S 87318,62649 550,573 612,638 2
S 61385,39611 556,590 611,639 4
S 139127,79331 540,561 606,644 5
S 261394,61364 540,558 603,646 5
S 90245,39901 547,565 566,599 5
S 139127,62691 540,551 562,581 1
S 90245,70711 540,577 610,639 3
S 90187,38730 548,568 569,595 3
S 38762,61385 568,603 617,632 1
S 62690,79332 561,583 612,638 1
S 62652,128852 562,583 608,641 3
S 38719,56902 561,602 604,645 4
S 38778,91304 565,604 613,637 1
S 139130,39823 540,561 611,639 3
S 89692,91258 544,572 615,634 2
S 70798,87553 560,576 614,635 2
S 62652,276880 557,588 589,605 3
S 74178,62652 556,573 606,644 4
S 38755,74518 563,607 612,637 4
S 38535,91216 569,600 615,634 5
S 70540,61385 553,587 616,633 1
S 129933,85731 540,560 561,585 5
S 87327,89618 544,576 603,646 4
S 129932,61092 540,570 571,589 2
S 129634,38769 541,561 570,599 1
S 139130,259017 540,550 609,640 5
S 129633,120696 540,572 607,643 5
S 38771,70582 564,605 610,639 1
S 121264,91222 540,561 605,645 4
S 276861,89095 574,592 616,633 3
S 120696,70711 540,566 615,635 1
S 38771,89096 570,600 609,640 5
S 121264,121067 540,555 611,638 3
S 38531,89635 563,605 610,639 2