D 124813
C 10
S 85148,69937 543,562 563,576 2
S 84749,124800 540,563 590,633 2
S 80239,80309 540,580 603,621 3
S 80263,124800 545,573 599,625 4
S 85189,80254 542,567 592,631 2
S 84748,80288 540,560 561,578 2
S 85233,63175 544,567 568,590 5
S 80252,63472 543,575 576,580 5
S 124775,80367 540,553 596,628 2
S 85163,69971 540,570 591,632 4
S 123693,62963 540,568 594,629 1
S 84749,80057 540,559 593,631 4
S 63289,63174 561,587 602,621 4
S 62965,85194 570,585 604,620 4
S 124812,63285 540,553 556,591 4
S 82306,63528 540,563 564,590 1
S 80057,80308 549,575 599,625 2
S 124809,85195 540,558 599,624 5
S 82262,85148 540,567 596,628 2
S 80057,63274 550,574 593,631 2
S 69865,63475 551,580 604,619 2
S 84745,63282 540,561 562,589 1
S 69862,80306 559,574 596,628 2
S 82278,124737 540,561 596,628 1
S 82190,80287 540,563 564,573 4
S 63476,85210 562,578 591,632 4
S 63264,63465 560,579 600,624 1
S 63264,85040 551,589 604,619 1
S 69830,80320 550,580 599,625 2
S 82193,80253 540,567 568,575 2
S 85214,80058 549,564 600,623 2
S 84754,62968 540,552 601,622 1
S 82275,63287 540,568 569,596 2
S 84760,63472 540,554 603,620 2
S 82278,63263 540,568 594,629 1
S 69865,63288 549,582 600,624 3
S 69938,80132 552,578 594,630 3
S 85188,63527 540,572 600,624 4
S 82191,62968 540,560 593,631 1
S 63288,69975 559,588 603,621 1
S 84748,124609 540,550 590,633 3
S 80238,62968 545,575 596,627 5
S 82277,69865 540,570 571,583 3
S 80058,63272 545,579 603,620 3
S 63289,84948 556,593 594,632 4
S 124775,80252 540,554 555,572 2
S 85192,63272 540,575 603,621 1
S 84759,63286 540,552 597,627 2
S 80233,85194 549,572 597,626 2
S 80254,80263 540,580 598,626 5
S 82355,63282 540,567 604,619 1
S 69940,85164 551,579 592,632 5
S 63289,63274 552,597 602,622 5
S 63287,62969 554,593 601,623 4
S 62974,62962 560,590 591,633 4
S 63289,124737 560,588 602,622 2
S 63472,85024 549,593 603,620 2
S 124803,80233 540,558 559,583 4
S 82370,124681 540,557 596,628 2
S 80058,80058 541,582 603,620 5
S 84745,124699 540,563 604,619 4
S 62974,80229 557,594 598,626 2
S 85231,69842 540,577 578,585 5
S 124777,62972 540,552 557,594 1
S 84759,63532 540,562 563,576 2
S 82192,80239 540,562 598,625 1
S 69973,62974 548,579 580,592 5
S 82313,69844 540,564 603,621 2
S 62962,85038 569,586 594,629 5
S 63289,69849 566,582 596,627 5
S 63174,63286 563,587 589,634 5
S 62965,63282 569,586 596,628 4
S 69939,62963 549,580 581,588 2
S 84749,85031 540,558 594,629 4
S 84744,85162 540,549 550,563 4
S 62974,63474 560,590 593,631 2
S 69939,80231 542,587 602,622 4
S 123693,63282 540,573 601,623 1
S 85188,69843 540,572 573,586 1
S 69940,85041 549,582 596,627 2