D 252420
C 11
S 141017,116449 544,586 587,590 2
S 101782,167224 569,607 618,643 2
S 167018,149859 540,560 561,581 3
S 103483,154763 564,596 619,643 3
S 116966,101995 556,597 620,642 4
S 155201,164330 540,577 620,642 2
S 155682,137287 540,573 612,650 1
S 102604,137276 560,605 615,647 4
S 138049,116120 553,584 585,587 4
S 101908,154759 572,598 617,644 3
S 138606,116448 556,579 580,589 2
S 264796,102063 573,590 608,653 1
S 116116,154761 565,591 623,639 4
S 116443,164306 567,588 610,652 3
S 155680,149426 541,563 620,642 1
S 155999,101834 540,567 576,598 1
S 132423,177997 563,584 611,650 1
S 102682,169975 563,600 615,647 5
S 141654,166117 543,583 615,647 4
S 167839,141642 540,564 565,574 5
S 101852,154959 577,595 613,648 2
S 167342,134474 540,559 609,653 4
S 101845,167644 566,606 622,640 2
S 164044,154708 540,568 612,650 2
S 132425,103694 557,590 609,652 1
S 102584,115772 569,599 621,640 5
S 102606,154753 567,599 611,651 2
S 149757,101836 547,577 578,604 5
S 166906,154753 540,562 611,651 3
S 132424,264879 552,595 596,603 3
S 170614,102063 540,554 613,649 1
S 149908,102683 551,567 568,603 2
S 117472,101780 555,595 596,606 2
S 118296,115995 560,589 618,644 3
S 101710,177986 574,605 616,645 2
S 141161,154821 541,585 619,642 2
S 149768,135343 541,582 610,651 3
S 252905,103471 540,556 559,600 3
S 155653,102254 540,577 609,652 5
S 116457,133140 568,585 613,649 3
S 149907,154869 541,577 615,647 4
S 170021,115740 540,555 617,644 3
S 155679,258442 540,569 615,646 5
S 101695,103696 570,611 613,648 2
S 155937,102680 541,562 563,603 4
S 167834,102260 540,553 621,641 3
S 141035,115765 555,577 623,639 4
S 101851,166699 577,594 621,641 5
S 134687,154707 549,594 622,639 2
S 155569,137546 540,576 577,586 2
S 167579,101854 540,555 567,605 5
S 118282,165926 562,588 613,649 2
S 102596,102260 563,604 618,644 4
S 155646,115730 542,564 621,640 1
S 103470,133100 569,589 609,653 5
S 137989,166696 555,582 617,645 4
S 117482,103765 566,585 615,646 3
S 132421,154707 560,585 621,641 5
S 141040,149437 549,584 621,641 4
S 155678,141028 545,561 562,579 2
S 170615,101782 540,552 578,598 2
S 132421,149426 558,588 614,648 2
S 102683,135333 568,596 620,641 5
S 138553,101986 559,577 612,649 3
S 167833,134677 540,560 561,590 1
S 92989,102262 583,598 615,647 3
S 103167,102009 567,593 613,649 1
S 116444,149552 559,596 621,640 5
S 135075,154870 559,582 613,648 2
S 264691,170642 568,593 614,648 5
S 167575,116454 540,554 568,586 1
S 141030,137275 550,582 617,645 4
S 155998,117484 540,564 565,595 2
S 170026,154969 540,558 617,645 4
S 102605,149427 566,600 622,640 4
S 170022,155196 540,554 555,565 3
S 156089,149437 540,562 623,639 1
S 101723,137273 574,604 615,647 3
S 116121,154762 565,592 618,644 5
S 135046,169987 556,586 622,639 5