D 277817
C 11
S 59817,81141 540,565 629,666 1
S 66635,120383 550,565 631,664 2
S 80373,81469 551,585 631,664 4
S 120388,59916 588,603 625,670 4
S 57763,66635 540,560 561,577 2
S 119733,59933 566,610 633,662 5
S 57762,86368 540,555 636,658 1
S 86364,119732 570,595 629,666 4
S 90034,86352 565,605 633,662 3
S 80233,80007 557,577 629,666 5
S 90037,81120 563,608 637,658 3
S 66629,85437 540,575 637,657 4
S 86237,81120 560,600 640,655 5
S 59936,86364 544,561 570,595 4
S 57760,120133 540,561 577,608 1
S 63823,81142 540,571 626,669 1
S 90027,60020 565,603 639,656 3
S 81061,120388 563,578 579,616 2
S 81383,119333 552,594 595,603 3
S 59752,119736 540,567 629,666 1
S 81386,120393 558,590 625,669 5
S 90030,81680 577,593 636,658 3
S 86241,86245 561,598 631,663 4
S 79941,86248 553,573 638,657 4
S 86369,57766 569,597 627,667 5
S 277891,80211 540,549 633,662 3
S 59935,81061 543,562 563,590 1
S 86393,120381 567,599 635,660 4
S 120388,57819 577,614 634,661 3
S 120388,79943 586,604 634,661 4
S 79940,57753 547,579 629,666 4
S 81019,59701 552,592 640,655 3
S 66588,85435 540,575 576,598 4
S 80131,69636 559,577 632,662 4
S 86311,66609 571,589 636,659 5
S 81397,120126 563,586 587,613 1
S 66607,120126 540,577 578,609 2
S 81016,81118 561,583 639,656 4
S 81381,86311 560,586 633,662 1
S 57832,66849 540,558 627,668 5
S 85437,119332 558,596 597,609 5
S 86349,81469 558,603 635,660 3
S 86332,81120 564,597 633,662 2
S 81082,277809 558,581 638,656 4
S 69643,57753 551,570 635,659 4
S 66869,81681 540,577 638,656 3
S 32930,59916 540,550 638,656 3
S 57818,80209 540,558 630,665 2
S 57826,86353 540,563 634,661 5
S 32935,81688 540,561 635,659 5
S 86365,69644 574,589 634,660 1
S 81064,86322 549,594 625,669 2
S 80373,79943 551,586 634,661 5
S 59667,120382 540,563 629,665 3
S 80141,120024 558,574 575,613 3
S 85450,90049 570,586 635,659 5
S 59934,57764 544,563 639,656 5
S 69644,57764 551,570 627,668 4
S 57877,119732 540,569 625,670 5
S 272542,119735 540,566 631,664 5
S 79938,90036 543,584 585,602 4
S 120393,119736 581,611 640,655 5
S 277809,85453 540,552 567,589 2
S 272541,66638 540,554 636,659 1
S 86238,59932 568,591 639,655 1
S 81404,90027 560,591 638,657 5
S 119732,119733 575,602 639,656 5
S 79953,86331 549,574 575,590 1
S 59817,81079 544,560 561,585 3
S 81083,79944 557,582 625,669 2
S 119763,85435 573,604 637,657 2
S 57836,86394 540,566 567,604 1
S 66609,86248 545,567 638,657 4
S 57761,90048 540,555 630,664 2
S 57765,86331 540,552 562,599 1
S 277812,120395 540,555 583,609 1
S 79935,119763 554,574 575,607 3
S 86369,81680 572,593 631,664 4
S 120393,120149 588,603 639,655 3
S 90030,59751 574,596 628,666 4