D 151725
C 8
S 80498,81865 574,589 630,657 5
S 80682,127423 573,589 633,654 4
S 80769,260378 570,588 635,651 5
S 124525,74468 540,567 627,659 1
S 85215,260068 546,591 626,660 1
S 74175,260040 579,605 622,665 5
S 84852,85654 548,570 580,596 5
S 80237,85648 552,591 623,663 1
S 82312,80717 541,584 585,590 3
S 79622,80515 563,607 633,653 2
S 82289,85649 553,573 574,609 3
S 79668,79645 569,602 622,665 1
S 80376,74458 558,588 589,611 2
S 85230,74458 554,581 582,619 5
S 74469,81824 589,605 627,660 3
S 151728,260336 540,559 560,570 2
S 124587,127425 540,574 629,657 3
S 80716,260407 563,598 627,659 1
S 74304,81333 578,609 631,656 4
S 84872,151715 548,570 633,653 2
S 79444,81331 578,604 621,666 3
S 124580,123517 540,567 622,665 3
S 80723,260208 566,595 631,655 4
S 80386,79551 561,586 627,659 3
S 80378,74476 555,591 592,618 4
S 80238,85324 556,586 630,656 4
S 82263,74347 551,577 622,665 1
S 260409,81859 540,567 626,660 5
S 124701,80133 540,575 576,586 2
S 80516,80682 570,596 625,662 2
S 79696,79698 569,598 628,658 4
S 260379,260379 540,565 629,657 3
S 80805,80425 559,597 632,655 5
S 125815,74468 544,563 624,663 3
S 74467,260018 588,606 628,659 1
S 85657,260410 572,605 624,663 4
S 124535,123529 540,559 623,663 2
S 80375,151720 552,593 625,661 5
S 84852,80240 541,578 579,584 2
S 79659,260378 574,596 631,656 3
S 82338,80434 551,571 626,661 3
S 80682,151723 565,597 622,664 5
S 74375,127423 581,609 631,655 2
S 80376,79619 554,593 594,596 1
S 84974,74469 543,572 621,665 2
S 80252,260406 548,592 624,663 3
S 80333,74468 560,579 586,607 5
S 74346,260014 584,605 634,653 1
S 85165,85657 546,586 587,602 3
S 82289,80515 546,580 581,601 4
S 74495,85347 583,611 625,662 2
S 82313,81497 553,570 635,651 1
S 74321,81327 577,610 633,654 4
S 74317,124521 573,613 625,661 5
S 124571,79464 540,573 622,665 1
S 82278,127412 544,582 630,656 5
S 127421,80387 540,562 563,595 2
S 151728,260196 540,554 624,663 3
S 80723,260037 560,602 626,660 2
S 74171,79621 578,608 635,652 5
S 255415,74345 540,556 630,657 2
S 80288,80713 557,581 582,590 5
S 125816,79645 546,561 631,656 5
S 124703,123620 540,575 629,657 3
S 80129,269026 556,588 622,664 3
S 74495,74324 586,609 622,665 1
S 124535,84833 540,560 561,577 4
S 79454,124579 568,612 629,658 5
S 82309,81856 548,576 632,655 5
S 124571,74468 540,564 585,608 1
S 124535,80717 540,564 568,593 5
S 80802,79457 567,589 590,609 3
S 74467,74460 589,605 629,657 5
S 260207,151711 544,562 626,660 2
S 80399,260052 558,592 625,661 3
S 74467,260207 575,618 632,655 1
S 124580,74174 540,572 624,662 3
S 74498,79658 581,614 624,662 3
S 84852,80504 540,580 622,664 5
S 74343,260344 580,608 633,654 2