D 239960
C 9
S 145533,95506 566,607 660,680 1
S 147558,113230 560,579 586,604 1
S 187071,187101 540,567 649,691 2
S 175526,145462 540,578 579,598 5
S 147091,111786 559,589 590,612 4
S 111777,213188 584,611 657,683 3
S 97781,189636 594,615 662,677 3
S 113416,96511 569,611 657,682 4
S 146957,111822 556,601 648,692 4
S 175077,175202 558,576 652,688 3
S 146629,96511 566,598 654,686 4
S 173770,145445 543,578 653,686 4
S 95512,147509 591,621 654,685 2
S 113446,113243 568,612 657,683 1
S 113250,256132 572,611 648,691 2
S 186366,111780 540,571 579,617 3
S 113231,189691 588,603 648,691 3
S 145546,175133 570,601 655,685 3
S 146952,175157 556,601 661,678 1
S 110494,145455 580,610 662,677 2
S 147094,187097 562,585 651,689 4
S 213156,175198 540,557 558,572 2
S 96510,173766 593,618 651,689 2
S 189684,147051 540,561 562,591 5
S 189637,186365 540,564 651,689 3
S 146970,189690 555,598 649,690 1
S 147094,145444 554,594 658,681 5
S 146198,95501 570,599 650,689 1
S 173875,111786 558,577 580,613 4
S 175527,97579 551,567 579,624 3
S 111821,95493 575,618 650,689 2
S 147051,113641 557,594 595,601 5
S 186037,95488 542,571 658,681 3
S 110495,145443 584,605 653,687 5
S 146627,96510 563,600 653,687 4
S 111822,113447 587,606 660,680 5
S 110490,145454 583,605 650,690 5
S 147092,110493 563,586 587,602 3
S 213791,146192 540,564 659,680 4
S 189635,187072 540,555 647,692 4
S 256130,97780 560,584 587,623 4
S 187099,146200 541,558 653,687 5
S 187077,256132 540,567 659,681 3
S 146192,173768 574,592 654,685 3
S 97594,146937 591,608 653,686 4
S 213798,146983 540,553 562,589 2
S 145532,186361 566,608 653,686 1
S 173874,189662 548,588 659,681 3
S 173770,97132 552,569 585,620 4
S 145463,145543 573,602 658,682 2
S 113446,249241 571,608 657,683 1
S 173871,111822 550,584 585,617 4
S 186037,147549 540,575 662,678 1
S 147061,189661 555,595 650,689 2
S 147051,175143 557,593 657,682 1
S 97780,214635 584,626 648,691 1
S 256135,147558 550,595 655,684 3
S 146627,175203 569,594 654,685 5
S 189678,97133 540,558 582,623 1
S 145463,96511 574,602 603,613 2
S 175144,97577 550,578 583,618 4
S 147163,146192 549,594 649,690 3
S 110493,97592 585,603 655,684 5
S 113447,111764 567,612 650,690 1
S 96500,173876 590,623 653,687 3
S 110662,213179 577,622 652,687 1
S 175194,213179 551,573 658,681 3
S 145531,187075 576,598 649,690 1
S 110489,186028 581,607 648,691 5
S 147558,187096 562,577 651,689 1
S 146970,113246 561,593 594,602 5
S 145545,187391 574,595 656,683 1
S 173862,110648 549,581 657,683 3
S 189664,185990 540,559 651,689 3
S 175190,173769 540,584 647,692 2
S 111821,185990 587,606 657,682 2
S 147091,189678 559,589 657,683 5
S 187072,173871 540,569 662,678 2
S 146761,111822 563,598 662,678 3
S 97583,186360 585,616 659,681 5