D 214568
C 11
S 187272,145147 540,565 566,603 2
S 172964,175533 543,577 654,686 3
S 145152,111785 572,598 651,689 2
S 173204,213819 546,565 660,680 2
S 144468,262442 559,602 654,686 5
S 172596,147547 543,565 650,690 1
S 98346,110647 595,623 650,690 5
S 144689,111763 567,586 660,681 3
S 106144,262442 577,620 662,678 4
S 148449,99641 553,579 586,628 3
S 145146,99883 562,607 608,612 2
S 187195,186026 540,564 655,685 4
S 264042,175204 579,612 656,685 2
S 144465,97187 569,595 654,686 5
S 144694,110135 566,586 587,599 5
S 144688,110207 556,597 598,606 4
S 173143,106211 543,573 582,610 2
S 175777,144686 540,571 572,594 1
S 110232,187096 567,610 656,685 3
S 99773,111784 590,615 662,678 3
S 172623,146974 544,581 659,681 3
S 185736,146771 540,561 653,687 4
S 144470,256131 572,589 660,680 2
S 144314,175133 574,594 652,689 4
S 187198,175159 540,560 663,678 2
S 185590,144682 540,567 568,589 1
S 263128,263217 590,631 652,688 5
S 173140,186365 547,568 649,692 5
S 185593,99666 540,571 585,625 2
S 144284,110660 560,605 606,627 1
S 172616,105895 544,579 584,615 5
S 187199,146196 540,564 658,682 1
S 263129,146598 597,625 659,681 2
S 263155,186361 591,636 657,684 2
S 113781,146630 574,595 659,682 5
S 187271,146933 540,565 661,680 2
S 105858,113235 582,618 649,692 2
S 110210,175531 570,612 650,690 5
S 99613,256111 598,619 655,685 5
S 148113,110261 559,580 581,603 4
S 144337,146198 561,606 658,683 2
S 251834,111785 551,578 658,683 4
S 172639,97187 552,579 597,626 3
S 172633,147548 545,583 652,689 2
S 148086,173867 550,594 663,678 2
S 187194,147062 540,570 651,689 3
S 110146,263156 577,607 649,691 1
S 175773,146945 546,561 653,687 1
S 189730,146193 540,562 655,685 5
S 144695,147164 566,585 660,680 2
S 172962,187346 549,572 658,683 3
S 110144,146951 580,603 651,689 3
S 144315,214566 571,598 653,687 3
S 172618,213824 553,570 652,688 2
S 99666,145456 585,624 649,691 3
S 110230,145445 575,603 653,688 3
S 144470,175202 567,595 658,683 5
S 144687,145540 562,592 657,683 2
S 148110,110655 551,592 661,680 5
S 172630,145456 551,576 657,683 1
S 263128,187072 590,631 658,683 3
S 144282,189645 560,604 657,684 1
S 185593,106006 540,563 590,608 3
S 99811,189647 593,614 649,691 5
S 99614,173871 598,618 657,684 3
S 173146,262879 540,580 662,678 3
S 173136,214566 548,566 656,685 3
S 99614,175201 587,630 663,678 3
S 148448,144283 552,580 581,604 4
S 172598,144658 540,576 577,598 1
S 185737,113726 540,564 576,597 1
S 189731,175531 540,554 654,687 4
S 113781,189641 577,592 649,692 5
S 106214,145445 586,607 649,691 3
S 148115,147166 548,593 648,693 3
S 148112,145445 549,594 660,680 4
S 105857,175201 582,617 655,685 1
S 172623,147546 548,577 655,686 4
S 172965,213824 545,577 659,682 4
S 113727,145456 574,600 654,686 3