D 73613
C 10
S 77365,74043 552,596 601,646 1
S 78626,74390 551,583 607,639 5
S 75531,76435 560,575 576,588 5
S 88014,87880 550,579 604,642 1
S 77417,87865 560,586 614,633 4
S 87983,77542 552,579 607,640 4
S 70790,74432 540,557 614,633 4
S 88014,76583 552,577 578,593 1
S 76583,74038 558,593 604,643 1
S 70786,77382 540,568 569,586 1
S 73888,76442 540,567 571,588 4
S 87917,87984 541,581 608,638 3
S 73501,74432 540,564 611,635 4
S 73502,76503 540,566 570,586 4
S 87009,87918 540,577 609,637 1
S 76486,74026 560,602 611,635 3
S 73566,88181 540,564 608,639 5
S 78874,77548 540,571 614,632 2
S 78887,87985 545,561 612,634 1
S 87925,76963 551,570 576,591 5
S 77549,77548 554,587 601,645 1
S 77542,269337 550,592 602,644 1
S 73890,76503 542,558 563,593 4
S 76685,76474 569,596 613,633 1
S 73599,269332 540,560 561,597 5
S 88015,74469 551,578 611,635 3
S 70371,77391 540,560 601,645 1
S 269328,77680 563,588 606,641 5
S 87970,87871 550,577 601,646 2
S 73569,269345 540,564 565,588 2
S 74458,269266 540,565 614,632 1
S 73905,87978 540,564 603,643 5
S 70840,87863 540,569 609,638 4
S 87872,74432 541,575 613,633 5
S 87646,269330 543,573 609,637 3
S 78876,74458 543,566 611,636 3
S 87918,76481 553,569 570,596 5
S 78886,77392 540,570 571,588 4
S 76610,76585 560,594 611,636 4
S 73587,74434 540,556 607,640 3
S 88014,76675 550,579 580,590 4
S 76675,87017 569,594 605,642 2
S 70372,87988 540,553 554,588 2
S 70788,269266 540,568 615,631 1
S 87885,86820 540,581 612,634 4
S 73592,87916 540,550 603,644 1
S 269330,74526 565,586 608,638 5
S 77381,86930 563,585 609,638 1
S 73502,269332 540,569 607,640 5
S 73588,74029 540,560 601,645 4
S 75529,74038 549,586 606,640 2
S 73603,74030 540,552 613,634 3
S 74525,88179 540,572 603,644 3
S 73600,76614 540,550 606,641 3
S 73605,76612 540,562 563,600 2
S 76961,88167 574,593 607,639 3
S 76504,87915 561,596 611,636 5
S 76686,77543 567,599 602,645 2
S 78239,76502 557,582 615,632 1
S 269334,74363 566,586 603,644 5
S 76961,87645 572,595 603,644 4
S 70785,269345 540,559 608,638 4
S 76959,78624 561,606 614,633 3
S 86820,76684 540,573 574,594 2
S 87963,78269 554,570 614,633 3
S 70892,76610 540,568 569,586 4
S 76471,74035 572,592 601,645 3
S 88167,78966 551,576 601,646 2
S 77392,76505 554,592 613,633 1
S 87970,76441 552,575 576,589 4
S 70500,76766 540,557 609,637 2
S 87872,74513 540,578 610,637 2
S 76401,88161 558,600 609,637 1
S 87882,77391 541,577 602,644 4
S 77351,76444 556,593 605,642 2
S 76611,76960 560,595 610,637 3
S 73502,76610 540,563 564,594 3
S 73851,77679 540,565 609,638 2
S 74433,88161 540,569 570,574 2
S 73851,74389 540,571 613,633 4