D 170749
C 11
S 210742,249920 559,576 625,653 5
S 208949,193225 566,601 627,652 1
S 170748,208952 540,556 571,594 1
S 191249,206358 540,564 582,618 3
S 206360,206356 580,621 632,647 1
S 209116,209205 552,572 573,595 3
S 183610,210308 540,562 563,587 2
S 207751,191498 588,607 629,650 2
S 241042,193388 568,584 626,652 2
S 193982,182840 568,607 624,655 5
S 196281,193979 544,577 578,601 3
S 210757,179965 559,578 631,648 1
S 195554,210744 540,579 580,592 3
S 177949,210718 540,560 561,585 1
S 241044,170673 562,590 627,652 3
S 194338,210715 547,565 566,579 3
S 210718,191505 550,590 624,655 2
S 195553,199163 547,567 580,610 2
S 210687,197053 565,580 581,611 3
S 183576,182126 540,561 617,661 4
S 191246,193981 540,575 576,600 2
S 210308,193560 555,594 621,658 1
S 207755,170673 581,612 621,657 1
S 191237,196957 540,568 569,601 1
S 183600,199159 540,566 579,612 5
S 193986,198152 576,596 631,647 2
S 180162,169926 540,565 629,649 1
S 209205,193224 565,590 624,655 1
S 207753,177996 578,616 631,648 3
S 210688,170672 551,593 623,655 2
S 207751,182115 589,606 620,659 3
S 247399,178049 576,594 627,652 3
S 217555,170637 572,611 623,655 1
S 210340,206264 564,597 631,647 5
S 209258,206359 553,573 618,661 5
S 210303,193592 559,588 629,650 1
S 210700,192185 550,582 619,660 5
S 177950,209115 540,554 555,580 3
S 183596,177995 541,559 621,657 3
S 195554,206358 540,577 620,659 4
S 210757,182868 558,579 626,653 3
S 191249,193978 540,566 576,600 4
S 210718,182817 551,590 629,649 2
S 180115,194338 540,561 562,568 3
S 194340,193590 540,573 629,650 5
S 191244,182840 544,562 619,660 2
S 199159,191486 585,606 632,647 3
S 217563,178061 569,611 630,649 3
S 183601,210338 541,557 561,599 4
S 210350,170701 562,602 618,660 5
S 177948,207922 540,552 577,610 2
S 209203,193423 564,592 624,655 3
S 191245,182115 540,570 624,654 2
S 193982,193227 569,606 630,648 4
S 210742,250402 557,582 618,660 4
S 241044,193591 560,591 631,648 1
S 210348,191464 569,594 628,651 5
S 183594,191482 540,561 627,652 5
S 217557,182868 570,612 619,659 1
S 210744,191465 555,580 622,656 2
S 170737,210717 540,550 551,586 2
S 196977,191499 565,606 626,653 5
S 252395,192170 540,552 632,647 5
S 210687,170686 557,587 617,661 3
S 180112,209203 540,552 563,593 3
S 210328,206362 566,588 589,617 3
S 193978,191485 578,598 623,656 1
S 193983,193585 575,598 625,653 1
S 208949,182348 574,592 625,653 1
S 210698,193554 549,584 617,661 5
S 210206,210338 541,585 586,597 2
S 210698,179964 562,580 627,651 3
S 210688,193224 558,587 619,660 4
S 209259,208045 554,572 585,601 1
S 207752,178025 589,606 625,653 3
S 241042,192190 565,587 620,658 1
S 180115,191237 540,560 561,562 4
S 210688,192190 559,586 627,651 5
S 252396,210196 540,548 554,570 5
S 210203,193984 554,573 577,596 2