D 147982
C 10
S 173679,213609 540,573 574,596 5
S 213547,187452 554,588 597,613 1
S 173678,147979 540,571 593,616 4
S 213557,187067 551,595 597,612 1
S 148237,148394 540,569 595,615 2
S 147975,148120 540,554 582,627 3
S 148332,189482 540,560 590,619 1
S 186424,186860 543,578 589,621 5
S 213555,173311 559,587 588,626 3
S 213542,189502 559,585 595,614 5
S 213565,186895 554,591 592,622 5
S 187552,213624 545,588 594,615 1
S 186347,186862 540,579 589,620 3
S 213547,175597 564,579 592,618 5
S 249349,213624 547,570 596,614 2
S 148099,189501 540,555 597,612 1
S 148333,187552 540,564 565,586 4
S 147978,173313 540,552 590,619 1
S 213557,213412 558,587 592,618 4
S 186348,186894 540,576 594,616 4
S 148148,213664 540,557 595,615 2
S 148149,189494 540,562 595,614 2
S 148101,147977 540,555 597,613 4
S 213611,213607 557,590 591,624 4
S 186836,175648 547,583 591,619 1
S 148355,148119 540,561 597,613 2
S 186348,148396 544,572 585,624 4
S 147972,186861 540,558 586,623 3
S 186826,185883 552,576 588,622 5
S 189473,148087 553,587 595,614 2
S 189471,186856 549,591 592,627 5
S 175539,175647 543,568 582,627 4
S 148099,213542 540,563 564,580 2
S 186426,173313 546,574 587,623 5
S 175561,173308 540,572 592,618 3
S 213609,148119 554,593 594,625 3
S 189477,187449 550,591 592,621 4
S 186822,213624 555,572 595,614 4
S 213565,189504 559,586 591,618 4
S 175565,148108 540,569 591,618 2
S 147978,187452 540,551 589,621 3
S 147983,189481 540,551 589,621 4
S 144892,187067 540,556 597,613 1
S 213546,173314 557,586 592,617 3
S 213607,148088 563,584 597,613 5
S 175544,189470 543,565 566,578 5
S 173361,189493 540,567 594,615 3
S 186018,185884 540,579 593,617 1
S 187555,173312 555,581 586,623 3
S 186685,148128 554,571 584,626 2
S 147974,185882 540,553 597,613 3
S 173505,175626 540,570 592,618 2
S 186837,175622 557,573 583,626 5
S 147971,189470 540,557 558,585 5
S 147973,240294 540,556 559,589 5
S 187501,186861 558,573 588,622 4
S 148194,186826 540,555 556,574 1
S 148136,175543 540,553 554,563 3
S 148136,186823 540,561 562,581 3
S 148099,187644 540,565 566,588 2
S 148150,189494 540,565 590,620 4
S 173360,187555 540,568 569,575 2
S 186836,187452 542,587 596,614 1
S 213607,148124 564,583 597,613 3
S 187504,173308 552,579 597,612 3
S 148192,213624 540,566 583,627 1
S 213607,189493 561,586 595,614 3
S 186684,189503 552,573 597,612 1
S 186830,173310 544,585 597,613 3
S 186690,185882 545,579 588,622 1
S 186430,213622 544,576 582,627 1
S 148149,189474 540,563 564,590 4
S 186426,187450 540,581 584,626 5
S 175543,185873 540,577 591,618 5
S 144891,213623 540,552 587,622 3
S 186837,186863 551,579 597,613 4
S 148100,186698 540,561 562,584 4
S 187507,213418 557,576 586,624 4
S 187506,147976 554,579 587,623 2
S 185987,213546 540,574 575,580 2