D 20511
C 10
S 36395,28794 545,590 622,662 4
S 62079,28732 561,597 624,661 2
S 79331,62323 578,614 623,661 4
S 19921,26836 541,578 631,654 4
S 30244,269904 556,573 581,600 4
S 19198,74523 546,564 579,610 5
S 19851,39329 541,575 576,591 2
S 62394,20568 574,589 620,665 2
S 61711,71430 560,597 632,653 3
S 74517,37617 573,616 620,664 2
S 62407,78948 569,595 596,611 4
S 39281,62347 559,589 622,662 2
S 71082,26835 565,602 631,654 5
S 19945,79331 547,573 574,618 2
S 56663,22536 555,598 634,650 1
S 71200,26806 563,604 628,657 1
S 19654,71084 540,578 579,601 4
S 19658,22573 548,567 633,651 3
S 61712,62393 558,600 626,659 2
S 20305,74523 545,575 576,614 5
S 73986,29815 580,606 625,660 3
S 12421,73282 540,562 629,655 1
S 61712,22354 558,599 626,659 1
S 71339,277155 566,606 633,651 5
S 71080,20564 575,591 626,658 5
S 56745,27289 569,585 620,664 2
S 18973,71297 545,560 569,602 1
S 8611,79310 540,552 635,650 5
S 19161,37617 540,569 620,665 1
S 39275,28734 560,589 626,659 2
S 71401,62407 577,598 631,653 3
S 19040,20352 540,556 557,577 5
S 71485,278566 575,604 627,658 5
S 74441,28793 580,607 633,651 1
S 19193,71342 540,572 626,658 5
S 19045,73928 540,556 584,601 2
S 19950,73986 541,578 579,610 1
S 19040,278632 540,560 624,660 5
S 19160,270152 540,566 567,610 1
S 39268,26908 557,593 630,655 3
S 30243,71297 544,585 621,663 3
S 71383,56664 565,607 621,664 5
S 30292,73345 550,581 582,607 5
S 73930,26784 573,610 633,652 1
S 36398,20573 554,582 624,660 3
S 19920,73934 548,571 579,603 2
S 19922,39268 540,577 578,587 1
S 71336,79298 571,602 630,655 2
S 12429,39268 540,556 620,664 1
S 12431,62075 540,565 566,601 4
S 20519,56664 540,559 560,599 1
S 73344,62322 583,600 625,660 5
S 20345,73279 543,579 620,665 2
S 20448,37433 540,563 564,583 3
S 62394,278583 569,594 626,659 1
S 20302,277155 549,571 626,658 5
S 71201,78881 575,593 594,602 3
S 40132,22431 558,593 631,654 2
S 36375,73345 549,583 584,607 5
S 30288,78949 550,581 582,617 1
S 269898,22578 582,598 625,659 1
S 62369,71079 571,590 622,662 4
S 19362,62406 547,566 631,653 4
S 36437,71409 549,589 632,652 3
S 19658,62407 550,565 566,597 4
S 12370,36395 540,563 564,578 2
S 78948,62082 586,606 626,659 4
S 73935,20522 569,614 620,664 1
S 78878,278565 582,609 627,657 3
S 71299,26784 565,606 634,650 2
S 74522,39329 584,605 623,661 2
S 73934,278633 574,608 634,650 5
S 20508,79319 540,548 632,652 2
S 20490,27499 540,558 631,654 4
S 269904,277158 574,607 620,664 4
S 19037,56664 540,557 622,662 4
S 19920,78879 541,578 579,615 4
S 29894,27515 553,574 629,656 3
S 73344,28795 583,600 634,651 5
S 37431,73214 549,594 634,650 4