D 276765
C 9
S 123519,125738 564,592 637,676 1
S 39110,268665 540,567 568,595 4
S 85348,260068 562,589 590,605 3
S 125911,60924 577,614 634,678 3
S 70074,260019 544,584 585,602 1
S 61251,85281 540,573 574,601 4
S 70074,63472 549,579 638,675 5
S 61227,63463 540,573 646,667 3
S 39584,80237 540,559 649,664 4
S 123622,69844 558,603 647,666 3
S 123529,259444 562,596 645,667 5
S 126178,85028 587,609 637,676 3
S 81020,126042 560,580 582,618 2
S 126182,85191 588,607 638,675 1
S 70072,39578 555,573 642,670 1
S 260186,80238 573,605 637,675 3
S 61220,63174 540,576 646,667 2
S 85280,61031 568,593 641,672 4
S 126041,62970 591,608 648,664 1
S 39614,63527 540,566 645,667 3
S 61251,126042 546,563 635,677 1
S 126041,62849 586,613 643,670 3
S 39614,69843 540,562 634,679 1
S 79779,125837 545,589 590,611 2
S 260035,56936 577,595 645,667 4
S 62845,260018 544,570 571,607 4
S 125843,124745 573,613 636,677 3
S 126042,80253 582,617 635,678 5
S 79797,63286 556,578 640,673 1
S 123833,69830 568,600 634,678 3
S 123669,56970 565,602 646,666 3
S 276767,80238 540,551 639,674 3
S 123528,61032 559,599 636,677 3
S 61029,125743 543,563 638,675 2
S 123372,84948 563,591 637,675 4
S 61252,124611 542,568 634,678 5
S 79818,124742 556,580 642,671 1
S 126254,85032 574,619 641,672 3
S 38729,80240 540,557 634,679 2
S 126170,85025 576,621 638,674 4
S 63345,69865 540,581 635,677 1
S 79776,125741 557,575 634,678 4
S 125850,69843 571,616 649,664 5
S 125909,61279 579,611 636,677 1
S 125817,61264 580,601 642,670 1
S 81292,260041 564,580 581,596 1
S 39577,85355 540,564 565,597 3
S 125815,63272 569,612 648,665 2
S 276761,62880 540,551 644,669 1
S 61031,63271 545,561 647,666 2
S 63318,124699 542,573 644,669 1
S 125911,63274 587,603 649,664 4
S 276773,80263 540,553 643,669 5
S 79799,123513 549,584 585,591 5
S 123841,80262 564,603 641,672 2
S 61198,125850 540,569 576,611 1
S 63304,39789 540,581 636,677 5
S 79829,81867 558,580 581,598 5
S 276775,85355 540,550 559,590 3
S 81301,81861 551,592 593,599 2
S 126256,80239 585,607 635,678 5
S 123513,126099 558,598 642,670 1
S 123838,62971 565,604 634,678 3
S 125906,85074 574,615 647,666 5
S 38699,39797 540,561 562,569 2
S 123839,123693 574,594 645,668 2
S 126080,69975 586,615 644,668 2
S 70070,125907 552,576 584,606 5
S 63308,79829 540,578 579,580 5
S 39798,81326 540,564 565,588 4
S 123842,125908 576,592 593,614 1
S 123372,126042 563,590 591,610 1
S 70072,126256 555,573 580,613 4
S 70094,63476 547,577 646,667 2
S 260036,85214 566,607 634,678 2
S 79779,125821 559,574 581,601 5
S 61220,123372 543,568 569,587 3
S 81678,125907 555,592 593,604 3
S 126069,126100 587,614 646,666 3
S 125842,62968 577,609 642,670 2