D 194787
C 11
S 141917,181447 545,579 608,647 1
S 177562,149788 540,561 617,637 4
S 184472,170919 540,561 605,649 3
S 141723,180345 546,582 616,639 5
S 141709,154307 554,575 606,649 5
S 168623,129408 540,572 573,581 4
S 138668,180741 558,573 608,646 5
S 130679,129944 550,592 614,641 2
S 130284,180798 555,594 610,645 5
S 89842,180520 568,602 606,648 2
S 129699,180342 570,591 611,644 5
S 132278,194801 556,580 607,648 4
S 132252,90092 552,586 614,640 2
S 90324,129267 573,593 610,644 4
S 141709,130286 556,573 607,648 5
S 131441,181407 559,581 610,644 1
S 129408,194524 562,579 615,639 1
S 130671,138972 557,584 607,647 5
S 132267,90327 559,578 609,645 1
S 130178,130215 567,585 618,637 1
S 119167,164199 568,596 616,639 4
S 184275,129000 540,557 608,647 3
S 168212,180812 540,577 613,641 2
S 129705,90327 558,602 606,648 2
S 138666,169647 547,583 619,635 3
S 168836,141609 540,568 607,647 3
S 181327,181406 540,559 619,635 3
S 168835,140853 540,572 620,635 3
S 191032,89791 540,560 570,601 1
S 184535,129944 540,551 605,649 5
S 141722,129667 549,579 620,635 5
S 129006,155377 563,584 613,641 5
S 129818,181496 568,589 618,637 2
S 130284,170933 559,590 606,648 2
S 177526,130262 540,561 611,644 1
S 138682,90300 544,587 588,601 2
S 89843,170886 575,594 612,642 3
S 168213,128999 540,572 573,586 1
S 89862,252879 570,599 616,639 4
S 90326,129173 569,598 606,648 3
S 129148,90303 554,589 606,648 5
S 164380,167176 548,568 611,643 1
S 89792,154301 569,601 620,635 5
S 130260,129959 556,595 612,643 4
S 171073,149617 540,561 562,580 2
S 168834,130180 544,562 612,643 4
S 137692,180508 559,576 617,638 2
S 141053,129954 555,575 617,637 5
S 168968,138665 542,564 565,580 4
S 89791,141270 572,598 607,648 2
S 184353,129702 540,561 565,596 5
S 184489,166069 540,553 614,640 4
S 166314,167193 542,571 615,639 4
S 90092,130261 564,602 612,642 4
S 250207,131004 540,560 561,593 5
S 184488,181406 540,566 609,645 1
S 184511,180428 540,556 611,643 1
S 267169,138973 571,600 609,645 2
S 154662,169795 552,569 609,646 5
S 141790,90102 546,580 608,647 5
S 129762,170888 569,589 616,638 3
S 137807,170834 546,586 608,646 1
S 129817,169783 561,595 608,647 1
S 168836,129952 544,563 564,600 1
S 149621,166699 552,572 607,648 4
S 130300,129751 553,595 612,642 4
S 141764,180689 547,578 613,642 1
S 171069,132267 540,563 564,581 3
S 90353,181406 570,597 606,648 3
S 129136,155381 561,583 615,640 4
S 129148,194801 561,582 613,641 5
S 194788,129276 540,562 605,650 3
S 130261,194794 562,589 613,641 5
S 129103,180508 557,586 613,641 4
S 129945,129693 567,588 616,638 2
S 141917,129171 553,572 610,644 1
S 180861,149618 540,560 561,584 1
S 165750,129818 547,568 619,635 1
S 137808,141271 558,574 614,641 4
S 130261,129266 556,595 609,646 4