D 75160
C 10
S 155586,91130 566,587 600,641 5
S 75119,91395 540,558 612,628 1
S 154179,75117 565,585 600,640 3
S 75313,130025 540,562 604,636 4
S 129241,75140 545,589 602,638 4
S 128979,131952 543,586 605,635 5
S 130036,75372 541,581 599,642 3
S 267233,131509 547,563 608,633 4
S 141494,141463 556,593 611,630 5
S 155932,129183 570,587 600,641 3
S 129241,156106 552,582 583,601 3
S 129012,87928 557,572 605,635 1
S 141407,87808 554,592 609,632 3
S 89332,75484 543,563 598,643 3
S 129477,130023 540,583 611,629 2
S 140570,130250 563,578 613,628 1
S 156539,87947 572,591 605,636 2
S 130015,141407 545,580 581,583 5
S 156535,75478 570,593 605,635 5
S 75326,141307 540,551 609,632 5
S 128979,154227 553,575 576,593 4
S 155932,89347 569,588 603,637 4
S 128979,91102 553,576 601,639 3
S 78652,141321 540,567 568,583 4
S 128980,141407 548,581 609,631 5
S 91160,156509 546,571 573,588 3
S 129479,87807 540,581 603,637 1
S 129181,118908 551,581 606,634 4
S 154223,75133 560,591 610,631 1
S 75354,129037 540,563 603,638 2
S 156501,141306 563,596 613,628 4
S 156500,130092 560,599 610,631 5
S 88819,156102 542,560 608,633 3
S 131953,130024 547,591 604,637 5
S 75120,75139 540,558 600,641 4
S 75326,91100 540,559 600,640 5
S 156103,75352 568,591 600,640 2
S 75115,141466 540,551 598,642 2
S 141398,87918 563,585 601,640 3
S 91135,156530 543,571 573,590 4
S 75144,140557 540,563 609,631 1
S 141470,75404 553,595 606,635 2
S 154178,89352 560,590 611,629 1
S 140555,130251 548,592 612,629 4
S 75314,75161 540,556 605,636 3
S 89497,91137 540,569 611,629 4
S 75056,131827 540,561 562,580 5
S 75132,130283 540,550 610,630 4
S 91091,156502 545,568 605,635 2
S 75355,129477 540,567 599,642 2
S 132147,130232 561,578 612,628 4
S 89463,156535 540,570 611,630 2
S 258960,75489 543,580 609,631 4
S 155586,91102 559,594 611,629 4
S 132160,141417 549,589 600,640 5
S 87940,130285 541,559 607,634 5
S 118910,75123 550,570 609,631 1
S 91102,88801 547,566 609,632 5
S 91011,149945 540,574 599,641 1
S 156533,75478 562,600 611,629 1
S 88850,155540 540,568 602,638 4
S 130081,89353 547,577 611,629 1
S 75412,118908 540,559 606,635 3
S 87763,139046 540,564 565,578 1
S 129036,87807 544,586 609,632 2
S 89497,75322 540,570 605,636 3
S 75322,131508 540,563 564,587 5
S 130084,88802 541,583 604,636 3
S 141308,130092 554,589 613,628 3
S 129036,154250 554,577 598,643 1
S 130091,156539 550,575 600,640 1
S 131830,155569 547,587 609,631 1
S 91133,87949 549,566 611,629 4
S 89307,155694 540,564 570,586 4
S 87720,156501 540,569 613,628 4
S 130026,88801 546,575 603,638 5
S 149959,89342 560,589 609,631 2
S 75131,154225 540,565 566,591 1
S 156529,254679 566,597 611,629 1
S 75057,141493 540,560 563,585 2