D 266795
C 8
S 72183,75090 548,572 573,583 4
S 102578,74927 540,559 560,598 1
S 75072,75073 543,569 570,596 2
S 102581,77737 540,553 554,574 1
S 56449,75034 551,575 576,584 3
S 56429,72174 541,584 585,593 2
S 56451,78389 546,579 580,586 3
S 88458,75227 540,557 562,590 1
S 56425,77886 546,577 578,590 2
S 77878,56450 540,563 564,572 1
S 102578,72174 540,549 553,598 2
S 56405,77888 548,576 577,584 4
S 88457,56408 540,563 564,569 5
S 56374,77739 549,575 576,590 1
S 72200,74901 552,569 570,584 4
S 72219,77630 550,569 570,595 3
S 56371,75036 554,569 570,596 1
S 74901,77916 540,576 577,584 3
S 102575,72187 540,553 554,576 5
S 102582,56454 540,557 558,581 2
S 77885,72178 541,562 563,591 1
S 56455,74941 543,584 585,593 2
S 270001,77758 550,568 569,589 4
S 102577,72167 540,554 555,598 5
S 78276,77915 540,559 560,598 2
S 78343,270001 540,555 556,574 3
S 77684,77807 540,569 570,590 2
S 78582,56374 540,567 568,578 1
S 102577,72346 540,557 558,576 4
S 88457,92160 540,562 563,594 1
S 78581,77887 540,563 565,587 1
S 77726,75231 540,575 576,585 2
S 56425,77631 547,577 578,592 4
S 91989,72168 540,561 562,597 2
S 78276,92024 540,559 560,596 3
S 102461,72167 540,566 567,576 3
S 56367,78390 552,570 571,594 5
S 72202,77626 540,583 584,595 2
S 78574,77845 540,569 570,584 2
S 77683,75243 540,561 565,587 2
S 56424,92021 554,570 571,597 1
S 56434,75226 554,571 572,596 5
S 72179,75541 546,581 582,598 5
S 88483,74927 540,555 556,577 4
S 72345,77758 546,576 577,596 5
S 270000,92027 541,585 586,587 2
S 75079,75226 540,574 575,588 2
S 72179,72176 542,585 586,590 5
S 75101,78400 540,571 572,592 3
S 102578,72168 540,562 563,592 2
S 56405,77631 541,583 584,590 2
S 56368,75229 541,581 582,593 5
S 78347,75000 540,556 557,598 4
S 74902,77758 540,579 580,585 1
S 56455,77758 542,585 586,597 2
S 78574,77846 540,563 565,587 4
S 72174,270001 540,578 579,590 5
S 91988,77739 540,557 558,594 5
S 77887,77846 543,560 561,593 5
S 75090,77754 540,577 578,597 2
S 75242,75102 544,563 564,590 1
S 77885,77815 540,562 563,598 2
S 77847,78400 542,562 563,592 1
S 77815,75077 540,571 572,594 3
S 72359,77754 550,566 567,586 5
S 75103,92020 546,564 567,585 1
S 78582,92029 540,561 562,591 4
S 56429,75229 546,579 580,598 3
S 102457,75103 540,558 564,588 5
S 92005,74938 540,562 563,594 2
S 78348,56426 540,556 557,571 3
S 269999,92030 549,577 578,587 3
S 72169,75077 542,575 576,595 3
S 72183,92024 551,568 569,595 1
S 75089,75074 540,576 577,591 3
S 78348,72180 540,566 567,574 5
S 77882,77739 542,559 560,597 3
S 102579,72185 540,564 565,578 3
S 77847,75088 544,559 560,597 3
S 102579,56447 540,559 560,571 3