D 199615
C 10
S 208472,208416 605,636 652,691 4
S 202725,246573 547,579 662,680 2
S 242184,205973 568,593 594,608 2
S 199164,208142 596,629 657,685 2
S 202705,205497 540,581 582,591 5
S 202683,205854 540,578 651,691 2
S 205545,207751 577,603 604,625 4
S 206010,206496 574,615 662,680 4
S 208594,206021 608,644 659,684 2
S 199634,202345 540,562 563,572 3
S 208475,207749 609,633 660,682 1
S 202740,206562 554,576 579,616 4
S 208148,208146 600,629 649,694 4
S 199164,199548 600,625 649,693 5
S 201826,208132 540,575 662,681 3
S 206557,208609 586,613 649,694 4
S 205517,206535 575,595 664,679 4
S 208126,206685 597,639 656,687 4
S 199634,208606 540,559 651,691 5
S 206492,208571 580,613 614,644 2
S 199628,208487 540,555 656,687 4
S 208149,201245 605,622 660,683 3
S 202412,242472 543,572 573,591 1
S 202791,205547 546,589 590,610 4
S 208626,199550 616,641 662,680 2
S 242183,206496 559,602 650,693 1
S 200752,201248 540,561 649,694 2
S 208127,199543 601,634 658,684 3
S 200752,208605 540,563 651,692 2
S 208571,208131 603,647 649,693 4
S 205517,208608 563,606 611,643 2
S 205535,206189 570,604 605,630 1
S 206559,208473 582,614 615,640 2
S 200756,208585 540,554 659,683 2
S 242473,208605 556,597 654,689 2
S 242395,207753 559,581 590,630 1
S 202413,199613 540,574 655,687 1
S 205533,208465 576,596 612,629 2
S 199634,205850 540,566 654,688 1
S 206555,199157 582,618 659,683 1
S 200787,206597 540,555 663,680 1
S 205546,207738 580,602 650,693 1
S 200787,205971 540,566 582,601 5
S 202715,207756 541,581 664,679 5
S 205499,201231 573,592 662,681 5
S 202506,242187 545,572 573,578 1
S 199626,206708 540,561 583,619 4
S 202348,242473 544,567 568,591 3
S 199634,200813 540,552 649,693 4
S 244875,207750 560,578 658,684 2
S 242187,205851 570,590 659,683 4
S 201505,207756 543,562 595,627 1
S 201826,206534 540,570 660,682 5
S 205495,208622 546,590 607,651 1
S 208131,199545 595,639 657,685 2
S 208461,201238 605,640 649,694 3
S 208132,208625 598,635 636,643 3
S 200786,208625 540,555 618,638 1
S 206394,207753 586,625 654,689 1
S 205494,208571 560,601 617,632 2
S 242187,201248 567,592 659,683 5
S 202725,208126 547,579 603,634 5
S 208140,199543 608,624 660,683 1
S 207737,208593 593,623 650,693 1
S 199159,199553 596,626 654,689 4
S 200786,201365 540,566 650,693 5
S 242476,207750 564,589 656,686 1
S 205973,206393 582,605 606,616 4
S 207750,207755 595,623 652,691 2
S 199633,242364 540,552 564,587 1
S 205973,208593 571,616 653,689 5
S 206394,208594 588,623 624,647 4
S 208624,201364 607,649 652,690 5
S 205498,199159 570,594 599,624 3
S 206706,208584 587,616 660,683 4
S 202413,201248 540,576 658,685 2
S 202342,208461 540,575 661,682 4
S 207755,206685 589,632 661,681 5
S 199635,207749 540,556 592,625 2
S 208148,207752 605,623 650,692 2