D 157992
C 8
S 128627,152328 544,569 614,643 1
S 128638,137693 546,567 571,592 1
S 257472,128776 557,579 611,647 5
S 139152,257429 550,582 617,641 4
S 128293,128639 541,567 617,641 3
S 132251,137857 561,599 616,642 3
S 131510,128771 560,589 618,639 3
S 129308,131449 556,597 617,641 1
S 139156,129305 543,588 589,598 2
S 128292,157091 543,566 612,646 1
S 128771,131762 540,580 610,648 5
S 158000,131504 540,550 553,598 4
S 128627,137591 540,576 577,593 2
S 137522,152813 569,605 610,647 2
S 137692,128442 573,590 617,641 4
S 157997,132246 540,559 613,644 2
S 129397,129381 565,592 619,638 1
S 257472,137860 559,577 616,642 1
S 137865,139311 573,593 607,650 3
S 137526,137589 574,598 609,648 2
S 128629,128638 541,572 614,644 3
S 137883,139309 573,593 618,639 3
S 131719,128640 550,587 613,644 2
S 131665,151202 564,580 614,644 4
S 139302,128431 551,572 608,650 2
S 131503,139150 563,588 612,645 3
S 128837,132248 544,586 618,639 3
S 128188,131659 540,572 618,640 5
S 152696,131760 540,563 620,638 1
S 158023,257460 540,554 612,646 5
S 131751,131665 562,580 613,644 2
S 137942,131613 576,594 616,642 2
S 128829,128773 550,578 607,651 1
S 128774,129397 543,578 579,589 5
S 128729,137693 543,573 574,600 1
S 128643,152463 542,569 618,639 4
S 129380,152463 564,590 608,649 4
S 139468,128247 540,575 621,637 4
S 137523,150972 569,604 615,642 4
S 157055,139303 540,554 555,569 1
S 131720,255253 558,580 609,648 2
S 137521,132276 567,607 608,651 5
S 257458,137859 555,580 620,638 1
S 132266,129398 568,593 615,642 4
S 128247,157996 541,563 611,646 4
S 131501,151209 567,585 612,645 1
S 128248,139294 542,563 564,584 5
S 137692,132248 562,601 621,637 5
S 129375,132268 568,586 607,651 5
S 131748,131504 551,590 618,639 2
S 152985,151209 540,561 610,647 1
S 128794,131749 551,570 607,650 2
S 158132,139153 540,556 557,585 5
S 128660,128668 540,577 610,647 3
S 152696,128642 540,564 606,651 1
S 137865,152632 574,593 613,645 5
S 131759,128659 563,579 610,647 1
S 157059,128294 540,558 609,648 2
S 158002,128825 540,558 606,651 3
S 137524,128187 576,597 609,648 3
S 128245,128773 542,563 613,645 2
S 137526,131444 565,607 614,644 3
S 158015,137525 540,553 575,599 4
S 137521,131744 579,595 617,640 1
S 128194,128772 540,565 607,650 5
S 129307,128734 565,588 618,640 3
S 137947,129307 574,596 607,650 2
S 129320,131510 561,592 615,642 3
S 131757,131762 563,580 614,643 1
S 131751,137588 559,583 584,595 4
S 131500,137857 558,594 611,647 5
S 137870,132245 560,605 608,650 2
S 128188,137866 541,562 569,598 5
S 137870,152799 573,592 616,642 2
S 158033,131516 540,564 611,647 4
S 128829,137633 555,573 577,593 1
S 131602,129380 560,584 620,637 4
S 128246,131718 540,575 576,589 5
S 137942,128628 573,597 614,644 3
S 128825,131603 542,584 614,643 4