D 245277
C 9
S 203453,68295 549,564 683,721 2
S 160374,68850 569,600 601,631 1
S 254117,126575 568,611 612,624 1
S 162451,82637 566,599 601,627 3
S 204022,82639 540,564 597,632 1
S 200132,254103 562,593 691,713 1
S 157137,126619 582,604 605,614 5
S 200180,82610 555,590 593,627 2
S 254090,124855 567,609 683,722 1
S 200034,68304 546,586 614,629 3
S 124846,200080 597,619 689,716 3
S 124853,254102 586,629 694,710 4
S 200035,126577 544,588 589,629 3
S 254119,157650 571,610 690,714 3
S 203708,162008 540,559 691,713 2
S 200185,126113 556,588 589,620 5
S 200120,126579 571,587 686,719 3
S 68815,68792 605,630 683,721 5
S 68308,200320 612,634 693,712 4
S 157384,246732 574,610 686,719 3
S 203646,162002 541,569 684,720 3
S 162452,204030 561,603 687,718 2
S 82639,200042 601,628 691,713 2
S 203698,162010 542,557 684,720 1
S 203713,254427 540,560 691,713 1
S 254129,68847 570,604 682,722 4
S 68301,127401 610,632 690,715 3
S 199679,82638 562,598 693,712 4
S 126112,204022 586,615 685,719 3
S 82612,254426 602,620 682,723 3
S 68797,200061 604,631 694,710 2
S 200183,246679 554,590 689,716 4
S 157648,162009 578,603 691,714 5
S 203454,162002 540,574 691,713 1
S 200304,162471 555,570 571,594 5
S 203645,126131 546,563 682,722 1
S 68797,82618 605,631 689,715 5
S 203693,200304 540,571 694,710 1
S 161739,162408 548,569 687,718 4
S 254118,254136 575,604 695,710 3
S 68851,157456 594,637 681,724 4
S 157137,203629 578,608 683,722 4
S 200187,203882 564,579 692,712 4
S 68304,125678 607,637 684,721 1
S 200178,161740 566,581 680,724 2
S 246721,157142 556,582 583,613 1
S 203684,126122 540,565 686,718 3
S 203642,203895 543,568 687,718 3
S 200188,254125 558,584 585,608 1
S 124870,199712 595,620 681,724 1
S 203891,160377 540,561 690,715 5
S 203709,126576 540,565 680,725 2
S 68310,203879 611,634 683,722 5
S 162405,200281 576,592 680,724 2
S 68781,125680 610,631 691,713 2
S 157137,82609 573,613 688,717 4
S 199679,204015 570,590 685,720 3
S 246686,246731 552,579 693,712 1
S 127402,84625 576,620 621,627 5
S 82635,254106 594,634 688,717 2
S 203645,68786 540,573 601,638 2
S 82610,82637 600,621 688,717 3
S 124868,162403 591,622 682,723 5
S 82640,203698 601,628 691,714 3
S 82609,68846 602,618 695,710 3
S 68787,160377 612,627 685,720 3
S 199972,157383 544,580 581,612 4
S 82688,82611 591,635 690,715 1
S 204018,203453 540,557 691,714 5
S 200179,151710 559,587 686,719 2
S 151712,254130 577,616 683,722 2
S 200184,126619 559,585 588,621 2
S 246686,126619 550,581 591,617 5
S 200280,200289 548,579 680,724 5
S 82633,203697 600,626 692,712 3
S 203879,157420 540,558 687,717 2
S 203633,82604 546,562 690,714 2
S 200133,126574 567,588 686,718 2
S 127404,82636 586,609 610,634 5
S 203642,203705 547,565 691,714 5