D 115159
C 10
S 94489,97494 557,579 607,635 5
S 101344,95023 548,569 570,592 3
S 54872,107626 560,592 600,642 3
S 104184,94715 544,564 565,590 4
S 107868,97515 540,558 559,571 2
S 98804,95019 558,580 603,638 3
S 98803,101235 558,581 605,636 5
S 107694,94714 540,555 609,633 1
S 107692,95076 540,566 609,633 5
S 94926,99060 554,593 603,639 5
S 98750,104487 559,580 603,639 3
S 101241,94456 540,578 609,633 5
S 107888,97478 540,557 603,638 2
S 94514,265021 554,589 603,638 5
S 95076,94504 562,581 603,639 2
S 95021,98802 560,586 605,636 4
S 104537,53555 540,569 613,628 2
S 53549,104146 565,600 610,631 3
S 101240,94775 540,580 605,636 1
S 101406,104586 540,571 603,639 4
S 54871,107885 560,594 600,642 3
S 107718,95082 540,557 558,587 2
S 98804,104487 562,577 599,643 4
S 101102,104177 550,573 599,642 4
S 104588,53552 540,563 569,595 5
S 99059,104551 554,578 604,637 5
S 101245,53218 543,575 576,590 2
S 101091,107622 540,582 603,639 4
S 54853,94501 556,597 607,634 5
S 114875,101118 540,556 610,632 5
S 107895,53554 540,558 609,632 2
S 53552,104184 563,601 610,632 4
S 94505,101234 549,592 608,634 3
S 97477,54844 551,576 577,589 3
S 97517,107911 541,584 600,641 2
S 101096,94775 552,571 572,586 5
S 94928,94927 556,592 611,631 1
S 53219,98750 563,595 605,637 4
S 104586,94503 540,560 561,590 2
S 107824,97479 540,554 605,637 2
S 107673,107911 540,567 610,631 3
S 98780,107672 545,590 600,642 2
S 98771,53219 554,581 582,587 4
S 97519,97415 547,578 600,641 4
S 98780,53562 557,577 578,594 2
S 97480,94482 554,575 599,642 2
S 107823,53208 540,562 611,631 2
S 101082,107622 544,575 599,643 2
S 95076,95100 551,592 605,636 3
S 101084,107759 548,571 609,633 4
S 94504,53208 551,591 601,641 5
S 54850,97416 566,588 609,633 4
S 101093,107907 540,582 604,637 2
S 107897,54867 540,549 565,590 3
S 97417,98905 553,577 612,630 5
S 97409,265017 558,573 613,628 4
S 107824,95076 540,558 559,593 5
S 101406,94483 540,570 571,583 5
S 104537,98784 540,573 574,575 5
S 94493,94777 562,577 605,637 3
S 94513,95102 553,589 604,637 5
S 101093,115114 544,577 612,629 1
S 97519,101111 554,572 612,630 4
S 94780,101352 562,589 611,630 4
S 104201,94941 540,574 575,584 1
S 97415,53213 556,574 575,594 3
S 104170,53213 540,571 572,600 3
S 54850,107909 555,599 605,637 3
S 94719,107695 561,590 612,629 2
S 101343,104549 542,574 605,636 5
S 104552,95071 540,567 607,634 1
S 104552,104146 540,558 607,635 4
S 98802,107672 548,591 612,630 1
S 104487,94466 540,565 566,580 1
S 54845,54871 563,593 610,632 1
S 97416,104204 544,586 602,640 1
S 94501,107671 557,584 611,630 5
S 104589,101093 540,561 562,575 2
S 53560,94718 562,598 602,639 5
S 53562,104535 572,587 603,639 3