D 278742
C 12
S 71485,56871 565,589 616,654 5
S 74001,36770 563,603 618,652 5
S 27483,278744 540,560 613,656 1
S 269903,277083 558,600 626,644 4
S 85926,85924 570,610 622,647 1
S 62390,272742 554,584 615,655 5
S 277153,40033 550,566 622,647 1
S 28534,278549 540,554 555,563 2
S 27504,269906 540,568 571,588 4
S 73936,62706 572,589 616,653 1
S 39270,39410 549,576 625,645 5
S 85958,37704 578,604 622,647 3
S 62079,74259 550,583 615,654 4
S 28791,56825 545,561 626,643 1
S 61713,39486 556,575 622,648 4
S 28531,86055 540,555 577,607 2
S 36838,70538 540,576 622,647 1
S 71335,70516 558,592 614,656 4
S 62349,86063 557,578 613,657 4
S 61711,71006 544,589 590,595 2
S 85926,278774 574,607 617,653 2
S 28535,39268 540,563 564,577 3
S 62082,36376 555,580 627,643 4
S 73930,79439 562,599 627,643 2
S 74387,70826 565,604 621,648 5
S 71489,85763 558,596 625,644 4
S 71341,79412 565,583 584,602 2
S 278648,278750 540,578 622,647 5
S 28608,36769 540,566 618,652 3
S 269903,62695 566,591 627,642 5
S 278743,62407 540,555 560,579 2
S 37431,62406 549,568 569,582 3
S 74375,62652 570,600 615,654 4
S 61710,39941 547,585 624,645 3
S 28608,39485 540,568 619,650 5
S 28735,73928 540,573 574,597 3
S 278671,62394 542,569 570,580 3
S 61713,74005 554,577 578,604 1
S 278649,79371 540,577 578,594 5
S 71489,56872 558,596 627,642 3
S 28512,61714 540,565 566,580 4
S 71389,85759 561,589 590,600 1
S 85718,74259 571,606 613,657 3
S 79371,85702 572,599 616,654 2
S 73928,62693 559,602 626,643 5
S 27484,278565 540,559 560,563 2
S 278580,73936 541,568 569,597 4
S 277150,73526 540,579 614,655 2
S 74470,85925 570,597 620,649 3
S 71007,56824 568,588 626,643 3
S 62393,85926 556,582 616,653 3
S 85719,39187 580,596 626,643 3
S 27491,56761 540,564 565,573 4
S 37614,39972 541,579 625,645 5
S 85804,73824 572,608 622,648 2
S 270152,29846 566,588 616,654 3
S 27483,37614 540,555 556,574 4
S 277150,74260 540,574 619,651 1
S 85922,36378 571,611 619,651 1
S 56663,39943 550,576 622,647 5
S 62348,73344 546,590 591,596 1
S 269907,86055 564,594 595,600 2
S 27493,39400 540,566 617,653 5
S 56748,71404 545,585 586,590 3
S 279242,71403 540,559 561,590 5
S 27464,85782 540,557 573,606 1
S 71335,36364 554,596 621,648 1
S 27511,71390 540,571 572,593 2
S 28605,85922 540,567 627,642 5
S 71489,61135 565,589 623,646 4
S 40132,74182 546,581 624,646 1
S 74476,79440 567,601 616,654 3
S 27493,36371 540,554 626,643 3
S 62323,85716 554,585 586,610 3
S 73982,56867 565,597 614,656 2
S 27514,36769 540,560 617,653 1
S 79398,39944 571,604 613,656 3
S 37618,74347 551,570 571,603 4
S 28536,278583 540,563 564,569 4
S 85982,30297 575,608 612,657 1