D 54934
C 9
S 24720,49104 559,583 594,612 5
S 24721,41158 551,592 596,611 2
S 25200,47371 554,583 587,619 5
S 24725,24648 555,589 590,620 2
S 24989,47376 562,578 588,618 2
S 24719,276441 549,592 593,619 2
S 47375,24927 542,564 565,584 2
S 55069,24003 540,561 562,585 3
S 55072,41230 540,568 569,571 2
S 55069,40955 540,563 591,616 5
S 25314,55076 547,588 589,618 1
S 94539,49483 540,556 587,619 2
S 52778,26281 540,561 595,611 4
S 55073,47413 540,568 569,575 1
S 24929,24586 563,578 593,613 3
S 47411,24927 543,576 577,579 3
S 41199,41187 552,569 581,626 5
S 25312,55070 553,581 590,616 3
S 26244,52768 551,582 587,620 3
S 52768,47411 540,566 596,611 4
S 47412,47365 547,572 590,616 4
S 52874,24720 540,559 560,586 3
S 55061,41159 540,571 595,611 3
S 41198,24720 540,581 582,593 2
S 49105,26279 546,570 590,617 4
S 94615,24719 540,564 565,580 5
S 266475,276350 540,555 556,581 3
S 94553,41155 540,566 591,616 2
S 41109,55076 553,576 596,611 1
S 279800,47414 554,595 596,619 2
S 41196,55070 541,579 595,612 5
S 47370,49397 544,561 584,622 2
S 47405,49109 549,571 591,615 1
S 94615,41144 540,560 561,571 2
S 55076,24723 540,565 566,588 5
S 47366,276346 544,560 561,579 5
S 25199,24602 556,581 591,616 3
S 94616,41189 540,559 585,622 4
S 94565,24586 540,558 593,613 4
S 49491,52874 540,573 589,618 1
S 25318,47376 546,590 596,611 5
S 52872,279849 540,565 581,625 5
S 41228,279842 549,576 577,587 5
S 94539,49109 540,556 591,616 2
S 47374,55069 540,573 581,626 2
S 276350,279643 546,578 579,595 5
S 49396,41157 549,565 593,614 2
S 47370,47412 542,564 581,625 2
S 94555,49487 540,554 591,615 1
S 94609,47412 540,556 557,577 2
S 52874,52766 542,557 585,622 1
S 24004,24600 555,593 594,618 5
S 25319,55070 547,589 590,617 2
S 41066,47414 552,578 590,616 1
S 94553,49489 540,562 563,566 3
S 41109,49483 543,586 587,620 5
S 49105,24590 546,570 588,618 5
S 279844,26282 565,585 589,617 1
S 25313,47413 557,579 583,624 4
S 25197,47368 555,583 594,612 4
S 49492,24661 540,575 592,614 2
S 55062,41194 541,558 594,613 5
S 49395,47369 540,574 582,625 4
S 24721,40954 552,590 591,620 2
S 279648,24604 557,591 592,617 1
S 94614,25197 540,559 560,579 5
S 55062,49487 540,571 588,618 3
S 94568,24601 540,565 587,620 3
S 49488,55076 540,574 592,614 3
S 47370,41158 540,573 591,615 3
S 279662,24647 552,594 595,616 4
S 94614,49491 540,562 563,572 4
S 24719,55070 562,580 593,613 4
S 24726,55071 558,586 592,614 2
S 94540,40955 540,561 594,613 2
S 47372,49105 540,569 594,613 3
S 94540,25313 540,554 555,584 1
S 55072,276354 540,569 570,577 5
S 94614,25311 540,557 558,590 5
S 24928,24593 558,584 586,621 2