D 270554
C 12
S 79697,267045 545,572 590,619 3
S 80997,90730 540,567 568,587 3
S 89697,85903 553,582 594,615 1
S 80374,89690 540,566 588,621 1
S 80434,80802 540,569 586,623 5
S 86018,85897 552,578 592,617 2
S 89704,85614 556,577 588,621 5
S 90730,85980 556,591 592,626 2
S 90722,86019 564,581 595,614 1
S 85617,81999 544,578 582,627 5
S 80513,80787 548,566 588,622 4
S 86019,86005 546,585 597,612 1
S 80998,80400 540,573 587,623 1
S 80198,90731 540,558 565,583 3
S 80386,89689 540,569 584,625 4
S 267046,85858 547,592 593,626 4
S 81999,80783 540,557 585,625 5
S 90678,85907 558,586 597,612 1
S 80130,90680 540,558 559,587 2
S 90669,80432 562,581 593,617 3
S 90611,80806 553,587 597,612 3
S 90734,80526 560,589 590,624 1
S 80270,89585 540,560 561,596 2
S 267043,80375 551,589 590,627 5
S 81903,90709 540,553 554,593 2
S 89705,80243 551,583 584,626 3
S 80498,80392 540,575 595,614 3
S 90590,267045 553,589 590,622 5
S 81998,80723 540,560 591,618 4
S 90721,90669 560,584 597,612 3
S 80385,80499 540,569 590,620 4
S 80771,79697 540,572 590,619 5
S 81901,79693 540,554 555,574 1
S 81902,79696 540,558 559,571 3
S 80526,85982 546,574 595,614 4
S 80205,89586 540,562 594,616 5
S 85906,80392 551,577 596,614 5
S 89694,80199 554,581 590,619 3
S 80378,90669 540,565 566,585 4
S 86020,90565 551,580 589,621 5
S 90734,80420 557,591 592,627 5
S 80386,89585 540,572 573,588 5
S 80267,79695 540,557 588,622 5
S 90176,85911 546,591 592,620 1
S 86018,86006 552,579 582,627 5
S 80194,80376 540,562 597,613 4
S 85896,80524 548,574 588,622 3
S 85904,80414 545,582 595,615 3
S 80376,86006 540,562 563,581 1
S 267047,86006 554,583 594,616 4
S 80203,267044 540,563 588,621 5
S 80434,69612 540,567 587,622 2
S 90565,80130 560,580 584,625 5
S 90730,80524 556,592 593,627 4
S 80434,80203 540,573 597,612 1
S 80198,85911 540,565 566,581 1
S 85897,80199 547,576 585,625 1
S 90589,80784 555,587 592,617 1
S 267042,90703 557,582 588,622 5
S 80523,85899 540,580 591,619 5
S 80386,80431 540,569 591,618 1
S 80516,80716 540,579 591,619 3
S 80723,80415 545,567 587,623 1
S 90668,89704 557,585 586,626 2
S 80420,89687 541,561 594,616 3
S 80806,80505 544,562 594,616 1
S 80399,86572 540,568 591,619 3
S 90721,89685 562,581 585,625 5
S 80498,80227 545,567 590,619 4
S 267042,80785 556,584 586,623 1
S 80244,90722 540,560 562,584 5
S 80207,80504 540,554 594,616 5
S 80524,80427 549,569 593,616 4
S 85614,86574 553,569 593,616 1
S 80401,80367 540,572 583,627 3
S 90680,80238 560,583 596,613 1
S 80512,85904 544,570 590,620 2
S 80768,80130 545,564 592,617 5
S 80129,85613 540,560 561,575 4
S 80716,89684 542,569 596,614 2