D 100456
C 10
S 101134,102349 540,564 596,621 4
S 101338,101542 543,572 601,616 5
S 100446,102380 540,557 563,585 3
S 92978,102354 550,583 595,622 5
S 265180,100499 540,560 597,619 4
S 97389,101847 540,565 595,622 5
S 101117,100503 540,560 599,617 2
S 102386,101013 559,588 599,618 2
S 100492,101339 540,561 562,575 2
S 101706,101855 545,590 600,616 1
S 101337,100530 548,566 591,625 4
S 101112,101757 540,564 592,624 4
S 101376,101846 549,567 598,619 2
S 264611,101038 542,585 592,624 2
S 97389,102362 540,560 595,622 5
S 101805,102366 558,585 587,629 5
S 101013,101833 540,557 594,623 2
S 265040,100989 540,569 593,623 5
S 101377,264905 540,581 582,597 4
S 101235,100455 540,574 593,623 1
S 100547,92971 540,558 559,586 1
S 101124,101103 542,560 601,616 2
S 102360,101503 566,585 594,623 1
S 104081,93067 551,572 595,622 2
S 264611,100422 543,584 597,619 1
S 99156,101716 540,560 596,621 2
S 104069,102380 555,570 571,595 4
S 101341,101015 542,571 597,619 3
S 100494,102383 540,553 558,590 5
S 264904,92366 554,598 599,628 5
S 100400,101337 540,557 558,576 2
S 101126,264905 541,562 567,586 5
S 101379,101053 550,567 596,621 4
S 100492,101165 540,551 552,572 2
S 100498,104081 540,558 559,570 5
S 101934,101835 560,585 600,617 4
S 101114,92956 540,566 587,629 3
S 99157,103973 540,554 555,581 5
S 101013,102361 540,563 600,616 4
S 92979,100421 559,574 589,628 4
S 101451,101779 541,580 599,617 5
S 104081,100501 544,579 599,617 3
S 101721,101030 553,585 590,626 3
S 101112,93053 540,559 592,624 3
S 101707,101706 560,577 589,627 1
S 100521,101451 540,556 557,582 1
S 92975,101911 545,586 588,629 3
S 100419,100989 540,549 594,623 2
S 101460,92367 552,571 598,618 5
S 102387,93430 555,591 600,616 1
S 100569,93041 540,554 595,621 5
S 100543,101450 540,554 555,575 1
S 264974,101806 556,586 601,616 2
S 100447,100504 540,557 596,620 1
S 101755,100450 554,586 591,625 4
S 101118,97386 540,566 599,617 3
S 101168,101709 543,562 563,591 2
S 100574,101758 540,563 587,630 1
S 101710,101103 552,585 600,617 1
S 101113,101012 540,569 600,616 5
S 101779,100447 558,585 597,619 1
S 100999,100500 540,564 594,622 5
S 100417,102360 540,553 563,589 4
S 101352,100990 540,572 595,622 2
S 100567,100422 540,562 589,628 1
S 101454,101852 540,581 595,621 3
S 100455,93067 540,554 595,621 3
S 101934,101484 563,581 601,616 1
S 97389,264905 540,562 563,596 3
S 101933,101030 562,582 600,616 2
S 101707,102354 556,581 590,626 3
S 92262,101836 553,581 595,621 4
S 101123,100505 540,570 592,624 5
S 100497,100542 540,561 599,617 3
S 100492,92264 540,564 600,617 3
S 101506,101523 554,576 596,621 2
S 100498,101832 540,561 598,619 1
S 101134,101835 541,562 601,616 5
S 265040,100449 540,572 593,623 1
S 101380,92985 544,574 598,618 1