D 158824
C 10
S 157101,67221 540,568 569,593 5
S 67222,151396 570,590 616,653 2
S 124528,124527 548,568 616,653 4
S 59665,63923 581,596 625,644 5
S 67219,157102 558,600 624,646 5
S 127428,67357 540,577 613,656 2
S 124601,67387 555,577 626,644 3
S 82314,151839 547,590 619,651 1
S 59547,260204 571,609 620,650 2
S 59557,67842 572,607 618,652 2
S 151904,67672 540,565 616,654 2
S 59676,152557 569,608 613,656 3
S 63973,158823 565,595 616,653 3
S 124525,152619 546,568 623,646 2
S 124538,127428 545,573 617,652 1
S 151793,63977 540,572 573,600 3
S 151904,59796 543,558 615,654 1
S 59670,63932 570,606 625,644 2
S 158813,151897 540,561 562,565 2
S 59723,158395 581,598 622,647 5
S 59648,67532 575,594 614,656 5
S 59666,151392 568,607 626,643 2
S 124607,63901 559,576 614,655 2
S 124591,152556 551,576 622,648 4
S 59698,124607 573,599 614,655 2
S 67819,59979 567,582 619,650 5
S 124581,260340 552,573 626,643 5
S 59663,67762 581,596 615,655 4
S 271640,67359 567,597 627,643 5
S 124606,67105 551,583 622,648 5
S 151440,59663 542,567 575,601 5
S 151413,158069 547,564 624,646 5
S 124607,124596 552,584 615,655 1
S 124537,151397 550,567 617,653 2
S 124590,67676 542,585 617,652 5
S 151839,67531 540,566 627,642 4
S 158070,82314 540,559 560,580 4
S 152551,67102 540,561 612,657 1
S 59688,82196 575,595 623,646 2
S 272251,82057 576,605 624,645 4
S 157991,158085 540,563 617,652 1
S 63974,67672 560,602 626,644 5
S 124604,151895 554,580 620,650 3
S 59688,67103 564,607 624,646 3
S 67829,59807 566,581 619,651 5
S 152550,124524 540,568 617,652 1
S 124524,59788 540,579 624,646 1
S 152557,127428 540,563 618,651 4
S 63974,260203 564,597 622,648 2
S 124579,152596 553,572 612,657 1
S 272238,82056 566,606 614,656 1
S 158331,151388 540,553 615,654 2
S 152557,67682 540,563 624,646 2
S 158065,260407 540,559 620,649 2
S 67818,82196 558,590 619,651 4
S 124588,63898 543,584 625,645 4
S 260407,84979 543,577 615,655 2
S 67205,59985 562,594 615,655 3
S 124599,59668 555,577 578,597 5
S 152551,152557 540,567 615,655 3
S 82058,158084 557,584 627,643 2
S 151465,260408 540,570 627,643 1
S 82055,59656 560,581 582,595 3
S 124598,158086 548,583 624,646 4
S 151412,63923 544,566 614,655 2
S 67222,67356 562,598 621,648 5
S 82082,82056 562,578 623,646 1
S 59705,151895 580,600 618,651 2
S 124581,63936 552,572 619,651 4
S 59557,260340 572,606 627,643 4
S 124607,59557 554,582 583,603 1
S 82056,67104 563,578 615,654 4
S 152557,67357 540,559 625,644 1
S 63971,271025 569,591 616,653 2
S 82082,59548 559,581 614,655 2
S 152616,260380 540,563 564,569 5
S 63978,63923 565,597 621,648 2
S 151440,151384 540,577 626,644 5
S 67547,67531 562,590 615,655 4
S 152549,59725 540,558 622,647 4