D 213240
C 11
S 146962,173769 562,590 658,694 4
S 189547,110661 540,567 585,611 3
S 147051,113231 559,589 663,690 2
S 113447,146957 567,609 655,698 5
S 145462,53800 577,594 597,616 5
S 113641,145445 578,597 662,691 1
S 146969,97579 555,594 595,622 4
S 186034,113249 540,568 578,602 3
S 145466,256131 569,605 664,688 2
S 54471,146974 581,625 665,687 3
S 53794,189636 590,621 662,691 1
S 146629,147071 564,596 668,685 2
S 54472,146630 595,610 663,690 5
S 186351,46678 540,568 665,688 2
S 145545,175198 564,602 659,694 2
S 113647,146196 575,598 666,686 1
S 147547,146771 551,584 659,693 2
S 113232,46594 581,608 655,697 4
S 146628,46611 557,602 603,621 2
S 54469,147516 587,618 654,699 3
S 113416,175190 579,598 659,693 1
S 189546,54288 540,567 589,617 2
S 46652,147054 602,617 666,687 1
S 145508,173871 567,605 665,688 2
S 213239,189670 540,557 663,690 3
S 189626,110666 540,560 586,607 5
S 175184,110647 543,577 665,688 5
S 113416,146947 568,609 665,687 4
S 110495,146758 582,604 660,692 2
S 113646,46652 574,600 601,618 2
S 97577,187089 586,612 665,688 1
S 97577,54287 588,610 665,687 1
S 113256,54621 582,600 658,695 3
S 146750,54470 557,601 667,685 2
S 46583,263217 599,625 654,699 4
S 147063,145546 553,593 594,599 5
S 256130,113256 550,590 591,612 5
S 113446,186027 567,609 666,686 3
S 147508,113246 551,588 589,610 5
S 111785,175184 586,604 656,696 5
S 213238,147558 540,564 565,589 3
S 189628,146971 540,554 658,694 4
S 146970,54621 558,592 662,690 1
S 46595,111777 602,618 655,698 3
S 97194,54290 583,617 663,689 1
S 146963,173870 563,588 657,696 4
S 146951,263214 559,594 662,690 5
S 54468,111777 591,613 660,693 3
S 189547,173767 540,569 570,575 1
S 147508,111821 560,578 583,607 2
S 147549,111785 547,589 668,684 5
S 145532,145443 562,607 668,684 5
S 113647,213230 574,599 661,691 4
S 110487,146628 576,608 660,692 4
S 54471,186365 580,625 662,690 3
S 146750,46666 569,589 594,622 3
S 186349,187391 543,564 669,684 5
S 113234,175530 575,613 667,685 2
S 46659,263215 590,627 664,688 4
S 146957,146937 566,586 654,698 1
S 113246,145542 578,600 657,695 3
S 146630,145539 568,593 656,697 5
S 46594,147062 600,622 657,695 1
S 146968,97595 556,594 595,609 5
S 213232,145535 540,552 568,600 5
S 95448,145446 582,621 655,698 1
S 113231,256111 581,608 656,696 2
S 186351,145504 540,575 577,594 1
S 46666,186356 591,624 656,697 1
S 46658,185988 600,618 665,687 3
S 146629,146193 568,593 668,685 2
S 111822,46665 573,617 669,684 3
S 110664,46594 582,613 614,626 5
S 147051,186029 557,591 662,690 1
S 147100,145536 551,592 593,601 1
S 186365,187101 544,560 655,698 3
S 175133,175143 547,582 667,686 4
S 113247,54290 574,605 664,689 1
S 173870,175191 548,581 655,697 3
S 46659,46677 591,627 656,697 4