D 221072
C 8
S 156452,170145 589,621 627,661 4
S 239475,170147 540,572 636,653 5
S 155992,210343 589,618 623,666 5
S 209589,196741 552,568 622,667 4
S 170893,196045 575,606 624,664 2
S 156168,210588 599,616 633,655 5
S 184512,182112 554,599 631,658 2
S 221037,170769 540,559 580,607 1
S 156185,195884 589,623 628,660 4
S 155841,196712 593,623 626,663 4
S 170794,156426 579,607 608,617 3
S 184482,178175 564,590 633,656 2
S 155991,170130 593,613 629,659 5
S 220987,184477 540,550 562,594 1
S 194787,194030 558,590 625,663 3
S 184493,170939 559,595 596,611 1
S 170773,220666 579,608 622,666 2
S 180796,164185 573,593 594,623 5
S 221076,184513 540,559 560,598 2
S 170831,208992 579,604 625,664 3
S 194813,170918 555,590 591,606 3
S 166709,182115 589,611 625,663 1
S 210817,180724 544,562 563,607 1
S 220248,220672 540,569 631,658 4
S 209822,210343 549,569 632,656 1
S 191033,156454 565,583 593,617 3
S 209576,180434 554,569 570,607 2
S 209529,167192 546,588 589,613 1
S 166707,156172 584,615 623,666 1
S 191031,183332 561,588 623,666 1
S 194794,196741 560,587 631,658 3
S 155841,178162 598,618 626,662 4
S 194810,156156 551,594 597,618 5
S 184476,156107 565,590 591,617 4
S 156426,217260 587,624 631,658 4
S 209528,196490 557,577 631,657 3
S 184350,196493 568,588 633,655 2
S 184485,166708 565,588 589,620 4
S 180347,167539 575,599 626,662 1
S 164183,191380 578,623 637,652 4
S 252872,163839 575,618 624,664 1
S 250149,183312 572,588 625,664 4
S 180426,182114 579,595 632,656 2
S 169805,183340 574,617 635,654 3
S 221039,181450 540,558 563,599 3
S 209542,163732 549,581 629,660 3
S 209530,156166 558,577 586,629 3
S 169806,178157 580,611 635,654 4
S 220971,184510 540,565 566,587 1
S 252857,179808 588,605 635,653 2
S 184513,166977 556,598 636,652 4
S 209851,196490 540,576 632,657 1
S 181406,163843 565,600 632,657 2
S 156180,163841 586,627 634,655 2
S 181466,170797 560,601 602,603 1
S 156002,170130 590,615 633,656 1
S 184534,183341 554,596 630,658 3
S 181455,217256 566,596 636,653 3
S 209482,170148 556,586 627,662 4
S 221075,180740 540,557 572,598 1
S 209881,180796 542,572 573,602 2
S 167198,182112 588,606 633,655 1
S 169819,210342 582,608 634,655 4
S 180721,169818 575,594 595,603 2
S 156181,217259 589,623 636,652 1
S 156455,195724 593,617 625,664 2
S 209588,184302 542,577 578,596 1
S 166699,196737 590,607 624,664 3
S 184513,156157 564,590 591,630 1
S 167193,156581 586,609 623,666 3
S 184302,183399 563,594 625,663 4
S 209593,196713 544,577 629,659 3
S 156165,210342 588,626 636,653 4
S 180521,183333 574,599 634,654 2
S 170918,156402 568,612 627,662 2
S 166711,194030 591,608 632,657 1
S 194821,166711 558,586 587,622 4
S 209545,195850 550,579 635,653 3
S 253408,221071 581,622 635,653 3
S 156424,183401 593,617 635,654 3