D 185400
C 12
S 190275,176412 540,560 574,610 2
S 211744,185000 542,562 563,603 4
S 185397,185004 540,556 562,603 4
S 184981,176412 562,597 598,614 3
S 211253,185405 543,572 577,608 3
S 240806,185404 543,581 584,600 3
S 190905,185442 557,590 591,611 4
S 211285,185005 554,583 584,603 3
S 185231,194881 540,561 562,590 5
S 190277,211563 540,559 560,576 1
S 185401,211700 540,563 564,573 2
S 185272,176983 540,569 570,603 3
S 211700,176418 541,566 582,603 3
S 211254,176418 542,571 583,601 4
S 185401,250880 540,552 571,613 1
S 211573,176524 553,579 580,609 1
S 190036,211249 540,566 567,579 5
S 211560,185401 551,573 574,610 3
S 190034,185446 540,561 570,614 2
S 249471,176553 540,547 577,607 1
S 185000,176384 567,597 598,603 5
S 211562,176550 546,582 583,615 1
S 185146,176418 566,584 585,604 2
S 190271,216571 540,562 563,570 1
S 211570,185125 546,583 584,599 5
S 184990,176411 571,590 591,608 3
S 211581,184997 549,581 582,589 5
S 190028,185000 540,561 572,592 3
S 190182,176418 540,561 577,607 3
S 211559,185129 550,573 574,592 4
S 185129,185403 564,587 588,605 3
S 211570,185403 551,578 580,605 1
S 211744,176984 542,562 567,599 1
S 211285,249516 552,584 585,592 4
S 211562,176984 551,577 578,596 3
S 211714,184997 544,564 565,602 1
S 211252,185123 540,580 581,596 3
S 190160,176384 540,568 579,605 3
S 185105,176549 561,596 597,601 5
S 194905,185440 552,591 592,609 1
S 211714,194902 540,571 572,590 3
S 184990,250880 572,589 590,604 1
S 185229,176551 540,571 573,611 1
S 185271,211592 540,560 561,573 4
S 185402,216571 540,555 556,582 4
S 216573,194912 544,578 579,590 2
S 249471,211571 540,553 557,575 4
S 184998,176417 565,598 599,612 3
S 185274,240807 540,565 566,574 3
S 185005,176525 562,602 603,606 3
S 216573,185106 553,569 570,601 3
S 211692,176382 558,581 582,613 1
S 211569,176551 551,577 578,607 5
S 185273,194910 540,563 564,589 4
S 211559,190905 546,577 578,596 4
S 185129,176552 567,585 586,608 3
S 211699,211570 540,570 571,585 4
S 190905,176549 565,582 583,602 1
S 216577,185442 546,574 576,609 5
S 185232,211561 540,560 561,575 5
S 190149,211285 540,567 568,580 3
S 185272,211574 540,567 568,577 3
S 194881,185442 551,596 597,609 5
S 185001,185442 560,605 606,612 3
S 211575,176983 556,577 578,602 2
S 185069,176381 572,587 588,600 3
S 211592,176419 540,581 582,607 5
S 185108,176549 556,599 600,611 5
S 190183,194909 540,569 570,587 5
S 190883,211570 540,563 564,576 2
S 216579,176383 546,572 585,600 2
S 194911,185446 564,580 581,604 4
S 211717,211696 544,564 565,592 4
S 185271,185115 540,559 569,584 3
S 211252,185122 547,568 569,585 2
S 190149,185127 540,566 567,587 2
S 184990,176551 564,598 599,601 4
S 211583,184990 546,577 578,592 1
S 216578,185070 546,573 574,593 4
S 211713,185401 544,564 573,611 4