D 150218
C 8
S 154763,135343 553,574 617,641 3
S 154714,154760 546,574 619,639 4
S 133656,134186 563,604 617,640 5
S 138266,133592 556,579 580,592 5
S 154713,150061 540,582 610,647 4
S 154871,150152 553,569 621,636 3
S 154288,134478 540,563 613,644 3
S 150220,154587 540,558 616,642 4
S 149436,150069 545,588 610,648 3
S 133657,149989 566,600 608,650 4
S 154264,133556 540,563 613,645 5
S 133653,135334 563,608 610,647 3
S 254710,134132 540,557 568,591 5
S 138379,133643 545,590 591,604 1
S 150206,138286 540,549 617,640 1
S 154279,149561 540,560 561,585 4
S 154264,149845 540,566 619,638 4
S 154355,154512 540,573 619,639 2
S 137290,133792 546,591 592,601 4
S 154119,149552 540,561 610,648 4
S 134474,154765 559,588 609,649 3
S 115629,134340 567,597 613,644 4
S 134281,150134 566,586 618,639 2
S 150219,154714 540,559 560,576 4
S 137271,149875 561,581 615,642 3
S 154115,135333 540,556 607,651 2
S 135345,133592 555,589 614,643 5
S 149960,135409 540,569 570,588 3
S 154228,134380 540,566 567,587 4
S 154355,154712 540,570 616,641 2
S 154356,154704 544,560 610,648 3
S 154222,137281 540,559 616,642 3
S 137299,149429 556,581 618,639 4
S 115628,154513 574,590 614,643 1
S 154703,154326 540,581 620,638 2
S 115636,149430 560,605 609,649 5
S 154106,254910 540,556 557,574 1
S 135334,134481 561,580 607,650 3
S 154137,134281 540,559 568,585 2
S 154938,134200 546,570 571,593 1
S 154765,154948 547,579 620,638 5
S 154570,154815 546,566 613,645 2
S 134282,137279 564,589 613,645 5
S 154513,154165 540,568 612,645 4
S 154291,149428 540,562 614,643 5
S 154291,154703 542,561 619,639 1
S 135343,134285 559,584 609,649 1
S 135405,135333 555,596 618,639 4
S 135405,141474 555,595 621,636 2
S 135344,138269 560,584 608,649 4
S 149950,141472 540,570 607,650 2
S 154824,134136 542,581 582,597 1
S 154580,135408 548,565 566,598 3
S 133592,133593 570,591 610,648 4
S 154824,149994 544,580 619,639 5
S 133646,149989 571,595 617,641 1
S 135337,154162 563,580 619,639 2
S 133651,154515 570,598 616,642 4
S 133588,154824 566,594 616,642 2
S 154291,134290 540,567 615,643 3
S 154405,154513 544,563 620,638 3
S 154783,137284 545,581 616,642 4
S 138380,135343 559,575 620,638 4
S 154877,133790 546,575 616,642 2
S 134283,154948 567,586 611,646 5
S 134470,137287 556,589 611,646 2
S 137281,134202 549,589 618,640 1
S 154851,154948 547,576 618,639 1
S 254709,134280 540,557 569,584 2
S 142180,254993 556,575 614,643 5
S 154180,154869 540,565 566,579 1
S 134366,154799 560,587 611,647 4
S 135300,133657 552,586 619,639 2
S 154136,150063 540,558 614,644 3
S 142190,154302 559,574 620,638 5
S 149433,150134 552,581 614,643 3
S 133532,134289 570,585 613,644 2
S 149565,150129 544,585 612,646 3
S 154227,134340 540,556 560,588 5
S 154117,135408 540,552 563,589 2