D 263403
C 10
S 115761,80319 543,575 599,653 5
S 264624,47229 554,587 606,661 4
S 77601,69305 561,583 608,656 1
S 209291,137655 545,577 603,646 2
S 70711,252142 575,601 626,668 5
S 102812,274858 555,582 594,632 4
S 169560,46973 547,580 603,644 3
S 99871,168160 562,601 631,661 3
S 88738,183353 579,613 642,676 4
S 23528,122416 552,583 597,651 1
S 58915,28593 555,594 608,665 3
S 7200,179974 584,607 626,670 4
S 11926,173999 553,590 606,642 5
S 274343,135611 575,610 639,692 2
S 9640,197451 577,613 624,662 2
S 31514,148905 552,591 609,640 4
S 4369,34917 564,592 613,670 1
S 10002,153352 595,635 657,694 4
S 266622,52221 597,627 652,709 5
S 278691,46148 551,577 603,663 4
