D 188967
C 10
S 27308,114184 547,574 604,647 3
S 7899,87746 590,618 646,679 4
S 127448,4681 542,580 605,657 5
S 81260,194721 589,611 628,663 4
S 47920,177431 599,639 650,681 3
S 80697,281205 590,613 627,672 2
S 166062,182095 591,625 641,671 4
S 187782,70638 556,577 602,654 4
S 154515,284550 584,619 635,683 2
S 285014,182276 560,594 612,669 5
S 84066,36111 573,597 621,660 3
S 283958,192473 569,589 619,665 4
S 97273,9814 579,610 639,676 3
S 33209,282570 592,624 640,686 4
S 80809,148442 560,593 623,663 1
S 50466,274309 582,604 615,671 2
S 93658,16396 552,575 600,636 1
S 16681,203739 582,617 643,692 5
S 134185,25735 563,590 619,671 1
S 6860,109439 581,616 628,672 1
