D 180919
C 10
S 28482,138620 588,611 622,657 4
S 209058,249684 559,594 621,658 4
S 204510,248823 556,580 606,663 4
S 6219,151411 599,633 655,706 3
S 278006,21505 546,583 613,654 4
S 142915,175620 557,585 598,636 5
S 205078,241755 589,616 644,698 2
S 272605,176898 583,608 628,675 1
S 4443,35627 540,573 586,632 1
S 233803,184296 554,583 601,637 1
S 12425,48204 543,582 598,658 5
S 63853,62902 545,584 598,640 5
S 96871,58114 584,609 627,666 4
S 39696,237737 599,627 650,702 3
S 134918,84916 589,611 629,683 1
S 200697,203735 561,582 600,660 3
S 93286,230990 544,579 595,644 4
S 93555,257981 546,570 597,651 4
S 114497,55705 598,632 650,683 1
S 38230,36916 576,604 628,658 4
