D 189229
C 10
S 218080,193499 590,611 640,678 5
S 21313,36904 593,622 634,694 2
S 272360,50918 546,573 600,642 2
S 101250,275878 582,609 637,687 2
S 217677,55319 589,629 657,698 4
S 223911,54579 550,575 602,644 5
S 176953,82930 574,613 637,696 3
S 165231,170213 594,625 648,702 4
S 169581,126207 576,613 629,671 5
S 133215,188749 568,602 624,654 1
S 149150,8547 573,597 616,646 3
S 116332,112629 594,624 634,688 3
S 268054,81115 546,567 591,632 2
S 72565,138931 563,601 618,655 3
S 157444,48184 576,608 636,695 2
S 40475,170233 590,625 640,685 5
S 49998,157493 542,580 602,634 1
S 175316,182416 596,629 652,711 1
S 118865,5994 580,620 642,673 3
S 274928,21591 560,597 625,659 3
