D 78042
C 10
S 454,19837 582,614 632,666 3
S 205170,1941 572,607 632,675 4
S 36752,283185 554,574 596,656 4
S 63545,280655 599,630 650,701 3
S 210038,28937 580,620 632,673 5
S 178291,42182 593,627 646,696 2
S 92599,20620 564,590 609,661 4
S 55977,188358 571,593 623,667 2
S 73370,18716 552,572 600,637 4
S 203827,33026 590,627 657,696 4
S 279939,235567 541,562 582,613 3
S 22447,212604 547,573 603,654 5
S 240319,281314 549,587 604,663 1
S 19334,74235 571,611 621,666 5
S 24013,127237 584,624 638,668 2
S 26192,161135 592,615 639,688 2
S 33532,55749 547,582 611,666 5
S 115644,33087 591,617 640,680 4
S 169993,63335 583,621 648,682 3
S 111795,23900 577,602 622,654 1
