D 117332
C 10
S 75351,135295 598,629 651,686 3
S 170269,237652 571,591 603,648 1
S 184257,250953 569,594 613,667 3
S 66791,266313 546,578 591,631 5
S 37184,158398 574,608 630,678 4
S 125083,127766 575,600 625,667 1
S 178633,109176 592,630 653,708 4
S 179412,123813 551,573 601,657 4
S 59938,242699 560,597 610,666 4
S 92365,161501 565,587 616,649 5
S 198659,171657 571,611 622,654 2
S 72832,96 588,612 626,670 5
S 152832,204465 579,617 641,677 2
S 165989,157148 576,605 628,680 3
S 46812,4256 579,615 637,694 2
S 154238,32721 563,600 611,641 5
S 188348,57513 595,624 634,671 4
S 206711,166791 585,617 639,681 4
S 110738,90916 570,594 610,657 4
S 188895,218753 549,578 592,626 1
