D 37615
C 10
S 8235,75497 586,621 644,678 1
S 71943,218030 595,629 658,717 4
S 94266,238235 572,605 632,688 4
S 201702,186284 554,579 602,651 1
S 261178,124126 585,621 639,682 5
S 192398,17543 542,580 605,657 3
S 59331,252463 584,606 620,673 5
S 146497,243762 573,595 621,679 5
S 46372,128573 570,610 622,673 5
S 163840,27668 597,627 654,708 1
S 245823,238045 572,607 635,688 3
S 220734,185029 591,620 639,674 1
S 159421,136548 543,583 608,656 2
S 27063,152964 591,630 640,679 4
S 43260,66492 572,594 612,650 2
S 147311,144294 594,622 632,685 1
S 91548,79239 582,616 637,692 2
S 136972,123835 571,596 622,679 1
S 179752,44251 549,588 602,658 4
S 216504,200890 555,589 619,654 2
