D 71566
C 10
S 58253,244076 569,602 617,671 3
S 115267,154751 578,603 633,693 5
S 89096,120432 545,578 604,649 2
S 248245,242622 557,577 600,653 2
S 129936,171599 567,605 622,680 5
S 78104,2662 566,587 598,643 5
S 17626,223190 573,605 630,685 1
S 237210,259674 555,577 604,658 1
S 213185,114299 548,579 598,635 1
S 8351,251546 582,611 626,678 4
S 12799,238469 569,593 615,650 3
S 243425,714 595,635 647,689 3
S 278356,17151 558,591 609,661 5
S 284393,108605 590,612 641,699 3
S 28737,269872 600,631 642,675 4
S 191675,243980 579,600 621,662 2
S 35130,107330 548,578 595,642 1
S 250869,109993 588,615 635,676 3
S 264014,221737 557,578 590,631 3
S 237194,254924 572,608 621,666 5
