D 252524
C 10
S 282942,119080 591,613 637,676 3
S 216113,136213 549,578 588,618 5
S 71460,180295 558,593 620,650 4
S 250120,157082 540,573 592,641 2
S 3784,195898 552,585 612,655 4
S 131017,85600 585,625 647,703 4
S 115653,137878 545,578 608,645 5
S 142535,149253 581,618 636,679 2
S 35894,95634 548,577 590,640 4
S 237380,142676 584,623 648,684 3
S 10168,79771 543,580 590,625 1
S 147909,141135 548,582 592,629 1
S 79001,7720 571,597 617,660 3
S 261303,194719 569,590 610,642 2
S 29380,139725 589,621 633,680 4
S 95212,100765 597,625 647,703 1
S 63942,130528 564,598 615,668 1
S 104427,241611 587,610 636,687 2
S 247896,204012 583,612 632,667 1
S 273116,64037 556,591 621,660 2
