D 204244
C 10
S 98240,61260 595,624 644,696 1
S 142342,216988 545,580 597,638 4
S 158664,113319 573,602 617,650 3
S 19605,105958 598,620 644,690 1
S 253055,262174 549,575 595,654 4
S 274532,162717 589,619 633,687 1
S 270610,69582 553,574 598,640 5
S 60731,2154 559,580 609,666 1
S 174739,244779 596,617 630,676 3
S 11786,163653 580,606 626,662 2
S 150243,145044 574,604 628,679 1
S 142949,78287 550,578 591,621 5
S 269516,53674 553,590 611,658 3
S 142109,74216 600,629 657,694 2
S 37351,163252 579,609 636,680 1
S 68196,15200 570,591 604,646 1
S 45151,223592 565,590 619,677 5
S 233747,186449 559,589 605,657 5
S 41180,244160 576,600 612,668 4
S 50993,238859 559,599 623,668 2
