D 156469
C 10
S 173598,45981 543,566 589,624 2
S 149097,93018 569,607 628,687 1
S 48824,156918 560,591 613,669 1
S 224041,34039 558,593 607,640 3
S 172601,276329 566,602 618,670 2
S 30505,57306 576,616 642,674 4
S 150568,223901 578,608 626,672 5
S 185522,68007 579,617 642,688 4
S 258215,94323 596,635 652,704 3
S 101478,828 547,567 591,641 1
S 108701,217388 566,587 607,648 5
S 111326,5923 580,606 625,663 1
S 161362,157436 572,609 629,683 1
S 59683,174738 561,593 621,670 1
S 92080,101721 561,591 616,675 4
S 18642,71175 570,594 624,668 5
S 175694,242469 590,623 634,690 5
S 156943,165416 575,612 622,658 5
S 173917,185387 544,568 586,642 1
S 177814,196736 580,617 632,680 5
