D 276002
C 10
S 116467,145714 552,572 584,631 4
S 45810,268325 565,591 616,656 5
S 268202,29385 598,629 651,685 4
S 193792,202435 563,583 602,643 3
S 161525,233611 595,632 644,680 4
S 217899,232000 558,583 606,659 4
S 73173,45129 549,575 594,639 5
S 175854,34663 599,637 659,691 1
S 214675,143303 566,591 618,662 5
S 71789,104469 551,583 602,649 4
S 22142,158332 593,631 650,695 5
S 242982,117713 541,561 575,613 3
S 247747,65104 581,610 633,668 4
S 128319,14912 547,575 600,632 5
S 189666,251913 576,609 627,677 4
S 62696,195666 572,610 620,677 3
S 85378,30676 549,579 603,661 2
S 187372,85620 543,571 592,635 3
S 25540,151969 558,594 624,683 1
S 269414,101614 589,629 644,698 1
