D 164048
C 10
S 206649,281103 573,613 624,670 1
S 236774,239549 592,613 630,676 5
S 207415,20579 575,607 633,687 1
S 99536,152662 568,600 619,673 3
S 241879,87286 567,596 625,684 1
S 271041,74574 569,609 633,665 5
S 59334,94252 589,627 654,688 4
S 216825,169587 568,588 603,647 5
S 105870,238386 545,573 593,645 2
S 64772,47810 547,581 611,652 1
S 274632,201373 586,622 651,711 2
S 198537,199549 542,567 587,635 2
S 84999,75815 551,572 595,634 3
S 233968,151404 580,605 618,676 2
S 106352,1852 579,607 617,661 4
S 261433,284953 591,611 640,698 4
S 124716,113704 577,612 636,679 4
S 41631,3446 555,592 610,659 5
S 108861,25647 551,575 586,636 3
S 19252,76219 594,615 643,699 5
