D 143599
C 10
S 74048,217662 550,581 608,643 4
S 127739,21337 548,571 601,650 4
S 82708,8194 596,631 643,673 1
S 94064,46735 585,625 653,711 3
S 218221,249569 584,608 624,658 3
S 274249,236150 566,593 608,657 1
S 94372,262087 579,601 631,687 3
S 182376,219566 540,577 594,630 1
S 277977,50165 579,610 637,683 2
S 243383,109108 557,578 594,627 2
S 248729,260843 551,576 587,618 3
S 149456,109885 567,595 615,664 4
S 22710,54747 587,608 635,670 2
S 15238,254313 572,595 607,665 2
S 233215,170904 566,592 612,649 1
S 170988,119423 546,573 596,653 2
S 196888,115690 544,579 607,652 1
S 228519,75990 553,592 616,651 4
S 195814,71515 569,595 625,666 3
S 106016,176105 548,569 597,628 3
