D 3459
C 10
S 263108,72860 568,593 610,642 5
S 147226,110896 549,574 589,630 5
S 62040,120769 566,596 609,654 4
S 251146,110470 577,602 632,688 4
S 11769,127755 542,566 594,642 2
S 70635,268774 542,580 594,625 2
S 135403,94392 573,605 634,682 1
S 148612,44957 553,587 616,661 4
S 89427,115011 593,626 655,689 5
S 95360,267810 556,581 601,660 4
S 36094,120490 564,596 610,643 1
S 106089,274053 595,631 654,710 2
S 50489,93022 570,609 638,669 5
S 263890,61613 545,580 594,652 5
S 282742,629 597,637 660,706 4
S 194185,22775 584,620 643,680 4
S 199878,183773 577,615 628,671 2
S 133441,250161 589,616 628,667 5
S 214249,135165 552,572 582,630 5
S 61777,272506 540,572 602,638 3
