D 241550
C 10
S 14339,252693 547,575 587,629 2
S 120549,165534 566,597 623,670 1
S 138071,130158 558,580 602,653 3
S 39860,93578 570,600 621,657 5
S 141073,95831 600,626 651,704 2
S 123134,126908 595,623 639,676 2
S 130912,186661 549,572 585,644 1
S 258299,3472 588,625 636,693 4
S 194613,165369 571,609 627,672 2
S 267982,146940 565,592 620,654 1
S 275637,221866 570,607 618,664 3
S 206421,91645 569,592 618,662 3
S 4413,6198 583,609 631,679 1
S 170622,189584 579,607 622,669 3
S 124329,141248 570,609 629,670 2
S 261500,222268 553,586 607,648 4
S 146606,236312 551,589 603,651 2
S 52360,141532 591,618 645,688 4
S 102793,76464 591,615 640,695 1
S 92593,220999 571,595 625,671 5
