D 11266
C 10
S 20842,129706 599,635 654,694 4
S 206255,82316 541,572 593,634 3
S 123840,262802 557,578 608,646 4
S 15449,146904 554,578 598,656 4
S 71965,46030 586,618 644,704 5
S 119238,218804 555,593 607,650 3
S 172641,235496 574,598 614,664 2
S 283826,106069 595,619 638,690 5
S 70912,225479 598,622 652,711 5
S 82863,166461 544,581 608,668 1
S 96540,166514 593,617 627,681 3
S 217077,215615 559,593 623,682 3
S 79670,98533 546,570 585,615 5
S 139913,121065 578,605 622,673 1
S 188357,41669 584,619 633,679 5
S 245768,196063 551,583 608,653 2
S 85872,101325 554,575 598,652 1
S 141484,216556 554,580 596,628 2
S 230312,256873 584,614 638,696 2
S 224163,212267 589,610 639,692 4
