D 165532
C 10
S 255130,157304 556,593 621,652 4
S 51891,85639 543,569 587,632 1
S 235854,175457 556,587 608,655 5
S 135116,180430 541,574 587,628 5
S 104311,282298 551,580 601,641 5
S 255588,234321 596,618 640,689 3
S 243140,75942 595,620 650,705 3
S 221154,212218 594,616 628,663 3
S 119651,164355 560,600 619,671 3
S 207333,142212 596,630 651,704 5
S 273121,236081 566,591 606,663 1
S 65556,123013 582,610 622,658 2
S 208167,54006 546,568 593,640 1
S 13822,208150 573,595 608,646 5
S 81408,44203 581,613 632,669 2
S 148989,232345 580,604 618,664 2
S 14979,18432 582,613 633,690 4
S 244944,283423 599,627 654,698 2
S 282743,92818 577,616 640,690 5
S 228054,274445 580,620 647,686 3
