D 214352
C 10
S 189933,55880 549,582 612,660 3
S 136997,281075 567,605 626,675 3
S 208380,106794 566,603 630,675 2
S 194098,253631 556,585 613,654 4
S 72387,62435 587,614 638,693 2
S 52574,112438 572,604 624,679 5
S 27290,84274 564,604 614,669 1
S 76193,247292 599,638 661,693 1
S 137935,116271 563,585 614,645 4
S 210053,273158 558,597 608,668 2
S 259192,230148 540,566 592,631 2
S 17620,267676 573,600 629,664 1
S 188607,125439 581,601 616,648 3
S 209418,185140 582,614 636,684 2
S 271447,8056 587,609 621,668 3
S 182502,182177 592,620 637,686 2
S 238425,211789 576,596 614,649 4
S 265415,55818 575,597 623,662 3
S 61346,269112 556,593 621,659 4
S 197698,253563 589,616 636,696 4
