D 279369
C 10
S 153230,236967 579,610 622,658 4
S 45774,42032 565,590 609,669 1
S 57338,86385 557,580 594,639 2
S 107089,272991 600,640 650,689 4
S 283868,69220 570,601 624,668 1
S 152838,99122 544,564 581,637 5
S 176096,215846 577,607 637,687 3
S 254881,277960 593,630 654,698 3
S 69182,160692 550,578 595,640 3
S 151071,24808 549,580 599,643 2
S 84300,280662 558,583 598,654 2
S 84543,124731 547,568 588,636 2
S 231152,136528 563,588 604,651 1
S 166169,180275 549,580 604,651 2
S 279783,158104 547,567 589,648 4
S 76223,240146 599,629 643,673 5
S 266028,173686 581,610 635,693 3
S 77114,231791 561,584 609,667 1
S 73097,61276 559,579 601,650 2
S 233818,187377 545,575 586,635 2
