D 128077
C 9
S 127920,200087 540,558 597,642 3
S 254117,162003 552,586 597,642 3
S 152578,160374 549,579 598,640 1
S 254135,162002 552,591 602,637 5
S 259226,152472 540,565 601,638 2
S 259232,162415 540,555 564,585 1
S 162012,152322 558,597 606,632 3
S 152552,162002 557,573 574,594 1
S 151203,162016 540,573 574,589 4
S 152552,162014 558,573 602,637 2
S 254124,152570 551,590 597,642 3
S 127918,152457 540,560 561,578 4
S 128089,161995 540,570 571,594 5
S 200087,162404 568,598 604,634 1
S 162013,254119 559,596 599,639 4
S 128066,162010 540,552 606,632 4
S 128090,200083 540,569 605,634 2
S 152807,152688 548,575 603,636 5
S 200087,152569 569,598 606,633 2
S 246705,162009 575,594 604,634 1
S 254139,254129 565,580 602,636 5
S 259231,152472 540,559 601,638 2
S 152789,162013 540,574 607,632 1
S 128092,152474 541,563 602,636 4
S 128061,254117 540,571 611,628 5
S 152787,246705 546,566 611,628 5
S 259226,128068 540,565 601,638 1
S 254122,160380 561,578 608,631 4
S 259231,162002 540,561 562,598 3
S 152460,160377 544,576 599,639 1
S 152794,162014 541,575 610,628 5
S 152794,254123 547,568 569,580 1
S 152568,162008 555,580 581,587 2
S 162018,152568 564,588 611,627 4
S 128066,162416 540,557 567,583 2
S 254135,162017 561,583 610,629 1
S 128060,254126 540,567 568,583 1
S 259228,162013 540,555 607,631 1
S 254140,152684 555,590 601,637 3
S 127918,160380 540,555 602,637 3
S 128036,152794 540,564 565,573 1
S 128059,200086 540,568 571,595 3
S 152790,254122 545,569 570,583 5
S 259230,152472 540,561 609,629 2
S 152798,200080 548,569 607,631 3
S 246705,160379 562,607 608,635 2
S 254134,200075 555,588 607,632 1
S 128066,162405 540,557 607,631 2
S 127919,152581 540,569 570,581 4
S 199715,152476 562,599 602,636 5
S 128058,162017 543,560 609,630 1
S 152467,152324 551,570 599,639 3
S 128045,152486 540,565 607,631 4
S 254141,152689 551,594 608,631 1
S 162408,157648 559,589 604,634 3
S 128039,152690 540,560 609,630 1
S 162402,152689 565,583 603,635 2
S 127913,152475 543,559 608,631 2
S 162010,152480 563,592 606,632 5
S 259227,152575 540,560 561,574 3