D 236656
C 10
S 100214,236655 598,613 658,696 1
S 105751,236610 593,611 658,695 4
S 214822,173699 541,571 665,689 1
S 98500,189684 591,627 656,698 5
S 236326,175542 540,566 567,598 4
S 175542,173558 563,591 669,685 4
S 98500,186016 598,620 661,693 3
S 100215,214902 590,622 666,688 2
S 187088,105755 559,577 656,697 4
S 145204,186026 578,602 665,688 1
S 100209,173694 582,627 666,687 1
S 236657,110249 540,550 669,684 3
S 173554,110259 565,596 662,691 4
S 236655,214814 540,555 556,569 2
S 187075,213160 558,580 660,693 4
S 186028,110238 562,582 583,607 1
S 189661,110246 543,584 660,694 4
S 147821,213192 574,594 654,699 2
S 105787,147834 588,614 667,687 4
S 213180,213192 548,572 658,695 1
S 105740,99495 586,615 661,693 4
S 214823,147824 540,577 668,686 1
S 187095,236618 549,586 669,684 2
S 173703,99506 567,590 596,618 5
S 214717,110091 545,571 669,685 5
S 186026,173552 558,587 659,694 2
S 186030,175567 552,593 669,685 4
S 110246,236319 574,611 668,685 5
S 236608,145132 540,561 665,688 4
S 215428,173699 540,566 660,693 2
S 236557,173616 540,555 664,689 2
S 110249,105450 571,614 665,689 5
S 214718,146002 540,581 664,689 3
S 214820,173563 545,564 660,694 2
S 236334,175546 540,571 572,591 5
S 98500,175609 587,632 669,684 4
S 100206,110258 591,617 664,689 1
S 236382,236618 540,561 662,691 2
S 214765,175544 543,573 660,694 1
S 213180,175608 552,569 570,598 5
S 187072,100207 557,582 660,693 1
S 145618,110239 568,608 655,698 3
S 236661,100217 540,551 656,697 1
S 175608,105755 558,594 665,688 2
S 187077,236316 548,589 655,699 1
S 105788,105744 589,613 667,687 3
S 214717,236570 547,569 666,687 3
S 214814,173559 540,574 654,699 5
S 214774,100215 548,566 657,696 4
S 145132,173563 571,608 664,689 5
S 173569,105752 564,603 604,622 5
S 145658,106713 565,610 669,685 1
S 187390,110249 549,580 581,614 3
S 173552,105427 560,601 602,613 2
S 187101,215440 554,579 666,688 4
S 189691,100213 547,576 665,688 4
S 175541,110056 554,598 599,606 5
S 189664,145133 541,585 661,692 5
S 214812,187101 540,570 571,574 1
S 213189,100214 540,581 596,616 5