D 224101
C 12
S 195144,171677 546,568 569,591 5
S 209482,223186 543,569 586,624 5
S 224070,177331 540,562 563,585 3
S 177098,209642 543,588 593,616 1
S 171372,171352 554,586 587,627 2
S 211473,237979 540,568 594,616 4
S 143372,237980 558,588 589,623 4
S 180980,224072 552,570 593,616 5
S 211476,177120 542,562 596,614 3
S 209456,143372 546,568 569,588 4
S 177117,216604 552,579 590,620 1
S 216601,181109 540,565 589,621 4
S 216692,143370 540,568 569,582 3
S 223904,171373 540,550 582,627 4
S 211472,149070 540,564 565,582 2
S 194826,177114 540,579 585,625 2
S 211369,177288 540,567 583,627 1
S 171386,190988 555,582 588,622 1
S 237979,177097 540,558 559,577 4
S 216626,180979 540,571 584,626 1
S 143486,223330 558,587 593,616 3
S 143347,177361 561,587 588,627 5
S 211582,171680 540,572 591,619 4
S 224097,176724 540,558 593,616 2
S 211475,180980 542,560 586,623 1
S 223330,211375 540,553 592,618 5
S 211386,223393 540,566 596,613 5
S 171346,177362 561,581 588,622 3
S 190985,209466 540,579 591,618 4
S 223898,209483 540,555 589,620 5
S 190987,177077 550,568 594,615 4
S 143486,181109 551,595 597,612 3
S 181108,211380 545,577 587,622 5
S 176689,216576 557,579 588,622 4
S 211385,171684 543,561 595,615 5
S 211564,216627 540,569 593,617 4
S 216734,211379 540,569 594,616 2
S 171373,177077 551,589 590,620 3
S 237977,194826 540,557 558,576 5
S 177118,149071 548,583 591,618 2
S 171676,176723 557,581 587,622 3
S 194825,143485 543,571 572,584 2
S 211383,211581 540,573 585,624 5
S 237976,211581 540,562 582,627 3
S 180969,181110 553,571 594,615 4
S 171371,223721 548,593 594,617 1
S 223328,143485 540,566 592,617 2
S 224097,211369 540,556 557,564 5
S 177356,180968 546,581 589,620 1
S 184572,223185 545,576 591,619 4
S 223897,223391 540,557 590,620 4
S 224070,209483 540,562 563,570 4
S 143486,143370 556,590 592,617 4
S 177097,211362 548,583 597,612 5
S 223328,223905 540,555 589,620 2
S 209711,143370 544,565 597,613 5
S 216604,177097 540,565 566,583 3
S 143484,223184 559,586 587,626 1
S 223184,143369 540,554 584,626 5
S 216603,211571 540,568 588,621 4