D 99713
C 8
S 100236,101117 540,565 566,581 2
S 92978,100458 570,592 613,650 5
S 101346,92986 562,579 622,640 4
S 92971,100532 573,588 624,639 2
S 100364,92255 540,575 576,602 4
S 92223,100348 576,595 612,651 4
S 99705,92252 540,560 566,602 5
S 99236,92371 542,558 622,640 2
S 101168,101712 552,583 612,651 1
S 101373,93402 556,590 609,654 1
S 92232,101711 571,599 609,653 4
S 100511,101485 548,571 620,642 4
S 99155,101374 543,572 573,590 2
S 101381,100449 566,581 622,641 1
S 101017,101396 551,574 575,596 2
S 101127,92282 551,581 612,651 4
S 100472,100997 543,564 616,647 4
S 101339,100227 555,588 616,646 1
S 100360,100500 542,562 612,650 5
S 101342,92371 556,586 619,644 2
S 101119,101706 551,579 617,646 5
S 100299,99295 540,557 610,653 4
S 101113,103976 544,584 585,587 2
S 100458,99248 540,573 609,653 1
S 103978,99247 560,598 614,649 1
S 103975,104858 569,589 613,650 2
S 101388,100418 566,583 616,646 3
S 99273,99303 540,562 620,642 3
S 101376,92238 565,580 619,644 1
S 103976,92256 571,587 609,654 1
S 265041,99272 557,582 614,648 4
S 100456,99536 540,569 610,652 4
S 100459,100233 540,571 612,651 5
S 101015,99233 547,577 612,651 1
S 99711,99540 540,555 616,646 5
S 100455,100363 542,567 622,641 2
S 101379,100208 562,586 617,646 5
S 101388,100359 565,583 616,646 5
S 92971,92956 561,599 610,653 5
S 101353,100494 561,579 624,639 2
S 99706,93436 540,559 610,653 3
S 101354,101711 554,587 619,643 3
S 101379,100532 555,593 615,647 1
S 101378,101025 555,592 616,647 4
S 101015,99537 545,579 617,646 5
S 92260,101708 564,601 620,642 2
S 99274,99298 540,568 614,648 4
S 92976,100494 567,596 621,642 3
S 104081,92240 560,594 613,649 4
S 92253,100503 574,593 622,640 4
S 92972,265245 565,595 621,642 1
S 100357,101117 540,566 567,575 5
S 100506,99294 543,573 618,645 2
S 92261,100455 572,594 622,641 1
S 92977,100504 572,590 614,648 3
S 92232,101502 568,603 618,644 5
S 101135,104069 548,586 587,593 2
S 100356,92257 543,559 564,603 3
S 101378,100997 555,591 615,647 5
S 101450,100995 553,597 620,643 1