D 208850
C 10
S 216503,211244 564,591 648,684 2
S 211244,220247 552,588 643,688 1
S 210989,220667 554,576 646,685 3
S 216954,215746 552,570 657,675 1
S 215785,215584 557,599 644,688 3
S 215839,239602 559,602 650,681 2
S 220623,217673 540,574 657,675 2
S 211601,214766 564,579 587,619 2
S 217677,217001 540,556 655,677 2
S 215553,214712 570,605 606,617 2
S 215941,215487 577,593 648,684 1
S 215542,215830 580,597 651,681 3
S 216519,217405 557,592 651,680 1
S 215809,215510 571,589 590,607 5
S 208852,220133 540,554 643,688 1
S 238590,215534 540,577 578,608 4
S 214712,216572 584,620 652,679 2
S 214464,214682 582,603 644,688 4
S 214464,214495 575,611 654,678 5
S 215484,208848 573,618 657,674 1
S 214542,217670 583,617 646,686 4
S 208872,216960 540,556 557,568 4
S 215744,217673 554,592 656,676 1
S 208852,215530 540,556 571,613 4
S 211002,216485 557,575 648,684 3
S 211244,214680 552,587 588,618 2
S 211600,215583 555,588 654,678 2
S 214542,215509 587,614 650,681 1
S 220269,215477 551,566 654,678 4
S 214539,216886 584,615 657,675 5
S 208872,216925 540,561 647,684 4
S 220630,214674 541,565 657,675 1
S 208857,215537 540,548 657,674 5
S 215537,215584 571,609 652,679 1
S 214686,215812 583,618 649,682 5
S 211239,220278 558,579 655,677 1
S 214711,220665 588,615 643,688 1
S 215485,217670 574,617 646,685 1
S 215584,220235 568,599 649,682 1
S 216986,214539 545,581 652,680 1
S 216519,214712 561,587 588,622 4
S 216985,215543 547,579 580,601 3
S 214691,214508 586,614 649,683 3
S 215804,215482 558,600 601,619 3
S 208856,214508 540,560 651,681 4
S 215747,215485 564,580 587,605 3
S 216519,214502 566,583 654,678 1
S 215485,220635 586,605 658,673 4
S 211241,215597 552,585 586,591 4
S 217670,214766 540,567 654,678 4
S 215500,217068 576,612 649,683 1
S 216951,214712 545,577 579,624 4
S 215583,214502 562,605 606,617 4
S 220268,220228 540,578 652,680 3
S 215531,214542 570,612 649,683 5
S 217003,216885 541,586 652,679 4
S 214464,215560 580,605 650,681 1
S 216950,216541 550,574 645,687 1
S 215757,214712 564,583 587,617 5
S 214541,220124 578,621 658,674 2