D 6146
C 10
S 272852,21806 563,604 631,666 2
S 93134,51466 570,609 628,669 1
S 26694,40723 543,569 637,661 1
S 93128,266655 573,609 637,661 4
S 11928,29442 540,559 632,666 4
S 50551,21778 556,599 630,667 2
S 6164,93126 540,556 569,613 1
S 21803,93105 540,567 580,605 4
S 52495,93127 561,602 631,666 1
S 56149,29440 576,595 626,671 5
S 11902,56003 540,569 580,595 3
S 27148,47872 540,575 576,593 2
S 21833,272867 540,573 641,657 3
S 48608,47755 552,592 638,659 2
S 6150,27021 540,551 552,575 1
S 6147,29236 540,562 639,658 2
S 52502,27774 564,600 641,657 1
S 29391,50131 548,583 631,666 3
S 29244,274171 545,583 631,667 5
S 26675,56003 541,569 571,603 3
S 48637,56148 558,587 588,596 1
S 93359,52503 574,611 636,661 4
S 50894,22722 561,595 631,667 4
S 29391,27170 556,576 633,664 3
S 21813,21008 540,575 641,656 5
S 266656,21813 575,609 633,665 2
S 27776,47887 547,575 635,662 4
S 6141,272853 540,553 632,665 2
S 47738,93369 558,581 628,669 5
S 20894,48637 540,568 569,592 4
S 6186,51495 540,560 639,659 5
S 6190,272863 540,553 568,603 2
S 52504,50091 562,602 637,660 5
S 47753,21334 557,583 627,670 5
S 50893,93358 557,599 600,614 1
S 6184,21833 540,565 566,567 1
S 55998,93360 566,611 639,659 2
S 40840,50070 545,590 634,664 2
S 50894,274170 558,598 628,670 2
S 40720,93371 551,584 636,662 1
S 21772,93133 540,568 638,659 3
S 93130,29439 577,603 629,669 3
S 6176,50056 540,559 630,668 3
S 6184,51487 540,558 627,670 1
S 55995,29447 566,611 633,665 5
S 93366,272867 571,616 633,665 3
S 40862,50095 555,583 641,656 3
S 50552,56003 563,591 637,661 2
S 6145,93368 540,547 578,611 5
S 6164,56002 540,557 577,598 2
S 93358,21278 573,612 636,662 2
S 272854,27776 570,596 633,665 5
S 48608,21775 559,584 641,657 4
S 6150,52499 540,553 629,668 1
S 56003,21777 568,607 633,664 5
S 26675,27174 545,566 636,661 4
S 11900,27020 540,566 641,657 2
S 27174,21292 540,580 629,669 3
S 29244,51492 554,573 637,661 5
S 6144,55997 540,554 640,657 1