D 28546
C 10
S 26422,42162 580,606 607,621 3
S 27106,28996 565,597 665,698 1
S 26837,26268 557,582 589,607 2
S 27107,43769 560,601 670,694 3
S 26596,41576 574,595 596,627 2
S 25289,40731 579,623 669,694 5
S 27474,40730 540,569 668,695 2
S 26728,41538 558,592 673,690 1
S 28564,47695 540,557 667,697 1
S 25389,29207 592,620 673,691 3
S 27307,27764 540,566 664,699 4
S 26903,45528 559,580 616,635 4
S 27130,42190 562,595 602,625 5
S 28071,29206 577,594 669,694 5
S 27485,27151 540,564 565,599 5
S 42057,29436 592,630 667,696 1
S 28064,48873 570,604 662,701 1
S 19607,274550 552,572 659,704 4
S 27487,26415 540,564 577,610 4
S 42503,48815 600,635 674,690 3
S 27313,28618 540,572 660,703 5
S 27316,29200 540,565 673,690 5
S 25284,28379 592,608 663,700 2
S 26874,48805 557,577 669,695 5
S 25282,28514 588,612 667,696 3
S 26602,45527 574,593 662,702 5
S 27131,48745 559,599 660,703 5
S 20417,25185 549,584 588,619 1
S 28527,48958 540,555 671,693 3
S 26279,28560 585,609 670,693 3
S 45527,41499 612,637 665,699 2
S 280587,45364 549,573 670,693 5
S 45329,28641 610,636 673,690 4
S 42063,40631 595,627 669,694 4
S 25315,28371 584,623 668,696 2
S 279152,40839 568,613 667,697 1
S 27066,42342 574,593 601,628 3
S 28564,48896 540,559 668,695 3
S 43793,40623 610,628 674,689 2
S 19602,274249 541,580 671,692 4
S 19567,25385 546,570 589,625 1
S 26386,47697 577,613 673,691 1
S 22644,28372 553,596 674,689 1
S 27468,48745 540,552 662,701 3
S 26387,25375 583,606 607,615 5
S 279120,42162 571,608 609,626 5
S 25184,45328 588,619 620,630 3
S 26388,45318 586,604 605,642 2
S 45329,40837 601,646 660,704 2
S 27480,42501 540,559 602,632 2
S 26423,274550 575,609 670,694 3
S 26904,48954 547,591 672,692 5
S 42341,47692 597,632 664,699 4
S 25191,45522 589,616 667,697 3
S 25295,28450 587,616 666,698 1
S 28534,48893 540,551 673,690 5
S 45528,28560 612,639 663,701 3
S 28534,29430 540,558 667,697 1
S 27474,28641 542,557 672,691 5
S 26603,29213 561,605 662,702 1