D 158309
C 10
S 120033,128629 552,593 605,620 4
S 157056,128668 540,564 596,630 2
S 152989,128627 540,567 568,573 3
S 120150,150968 553,597 605,621 2
S 128729,153106 545,585 597,629 4
S 128629,158107 551,576 600,626 2
S 120023,128734 566,581 593,633 2
S 128783,119900 555,586 603,623 3
S 120022,119945 560,588 603,623 1
S 139457,158103 540,579 591,634 3
S 128779,119946 559,580 595,630 4
S 120030,158209 555,591 597,629 4
S 120468,128665 552,590 602,624 2
S 128441,153112 557,574 598,627 1
S 120022,158106 560,588 597,629 1
S 128292,139467 540,582 593,632 5
S 139469,151191 543,575 594,631 2
S 152697,120033 540,569 570,583 5
S 158287,120220 540,562 593,632 5
S 128088,128730 543,567 568,587 1
S 158284,153074 540,551 599,626 2
S 128730,152694 550,580 604,622 3
S 158195,128785 540,558 559,582 2
S 153108,128665 541,558 559,577 5
S 128641,158126 541,583 592,634 4
S 152696,128431 543,562 593,633 1
S 128771,158289 548,588 598,628 3
S 158288,128774 540,560 603,623 4
S 120155,158216 558,593 605,620 2
S 128730,128666 552,578 599,626 5
S 128274,120198 541,578 592,634 1
S 128294,151195 540,582 593,632 5
S 158204,158196 540,568 605,620 1
S 120188,128794 566,588 592,634 3
S 153112,139467 543,558 601,624 1
S 158125,128084 540,569 602,623 4
S 158283,158105 540,561 596,629 3
S 128294,158101 543,578 598,627 4
S 128627,128660 551,577 601,624 4
S 120469,158285 550,592 604,621 5
S 128775,153112 554,584 603,623 3
S 158288,120180 540,553 566,585 1
S 158298,158106 540,549 604,622 5
S 128627,158103 547,580 605,620 3
S 127883,158106 543,565 590,635 5
S 158285,120468 540,555 596,630 3
S 120155,150960 567,584 593,633 1
S 153113,128293 540,566 600,626 2
S 158205,158295 540,564 604,621 1
S 158204,158283 540,568 592,634 2
S 158100,150965 540,561 597,628 3
S 158237,158288 540,560 597,628 4
S 128628,153107 554,574 605,621 3
S 158296,128637 540,554 555,572 4
S 153114,119905 540,573 604,621 4
S 158126,128765 540,570 592,634 1
S 158125,120188 540,559 566,589 1
S 158284,128432 540,560 561,581 5
S 128293,153117 541,579 596,629 2
S 128247,128780 542,573 574,592 2