D 220402
C 8
S 190477,209629 555,600 601,605 5
S 196216,217097 587,624 625,639 4
S 216960,220255 543,564 610,626 4
S 211004,209939 543,579 588,619 5
S 216930,220136 545,572 604,632 2
S 190630,240794 553,594 595,599 2
S 220418,190224 540,551 552,591 1
S 209342,210139 592,615 616,636 5
S 211001,217105 540,582 602,634 1
S 190473,210034 561,592 606,630 1
S 216925,211688 549,570 571,597 5
S 220131,194895 540,571 572,581 5
S 209734,209986 575,613 614,631 5
S 216984,190593 542,573 574,596 3
S 190565,211627 556,600 601,607 3
S 196216,217104 584,626 627,633 5
S 209725,220136 577,611 612,632 1
S 240796,209947 573,600 601,621 5
S 190469,196208 561,589 596,615 4
S 240796,217125 565,608 609,632 2
S 209331,220248 596,613 614,639 3
S 190226,209986 562,602 604,631 4
S 190562,209844 564,590 591,621 2
S 190470,209821 569,591 592,606 5
S 209947,217105 596,618 619,633 5
S 190471,220252 570,591 600,636 4
S 190470,209726 553,598 599,612 3
S 209731,220252 574,613 614,626 4
S 220424,209600 540,552 575,620 1
S 211327,209335 572,611 612,626 3
S 209842,220397 583,624 625,627 1
S 240795,209599 576,598 599,616 5
S 211633,209985 571,608 609,638 1
S 190475,217126 564,589 596,640 1
S 211577,209823 544,588 589,613 2
S 190560,220136 568,587 598,638 2
S 211632,220131 567,612 613,640 4
S 211006,210805 554,569 609,627 4
S 196208,209986 588,622 623,632 3
S 220425,209323 540,557 586,626 4
S 211365,217110 577,608 609,630 5
S 211626,209324 579,598 599,624 2
S 211005,211287 548,575 576,597 5
S 220436,240794 540,562 575,599 3
S 209629,209324 574,616 617,625 3
S 220428,196207 540,564 588,623 4
S 190630,220248 559,604 605,631 4
S 211258,209333 575,597 598,626 1
S 240794,196216 579,595 596,623 4
S 190225,209988 569,596 609,627 4
S 220435,190472 540,562 568,584 3
S 216942,220353 542,571 597,639 5
S 209333,217126 587,622 623,633 5
S 209885,210806 586,616 617,635 4
S 220134,211688 540,569 570,577 1
S 190471,220248 566,584 609,627 5
S 209937,220255 588,618 619,632 1
S 238594,220306 540,555 598,638 3
S 194895,209600 571,595 596,605 1
S 211717,190591 550,586 587,601 1