D 271352
C 9
S 64014,65720 563,581 604,632 1
S 65477,271494 540,570 571,583 2
S 65681,64154 540,562 563,588 1
S 65004,64470 554,573 596,640 3
S 65377,64101 540,574 575,581 2
S 65461,59733 540,570 571,598 1
S 59731,59220 567,591 601,635 3
S 65126,64469 540,575 596,641 3
S 271495,59170 541,583 604,632 2
S 65715,64073 540,568 569,579 3
S 59733,59764 572,588 607,629 2
S 59648,65711 557,593 596,640 4
S 65720,59765 540,562 596,641 4
S 66198,65388 549,568 610,626 1
S 65127,64100 540,576 577,586 2
S 59699,271342 559,598 602,635 2
S 64446,64076 540,568 569,587 1
S 65720,59734 540,559 609,628 3
S 59655,65475 564,588 609,627 1
S 66204,64021 546,569 570,587 1
S 59698,59161 567,590 602,634 2
S 65479,59764 540,560 610,626 2
S 65004,64468 545,583 605,631 1
S 65465,59765 544,559 605,632 2
S 66053,64445 548,572 604,633 3
S 65716,64190 540,570 602,635 5
S 65680,65474 540,554 599,637 4
S 59735,65489 572,588 606,630 5
S 64445,65680 544,562 608,628 5
S 65094,59283 553,569 605,632 2
S 271344,64108 540,551 560,582 2
S 64154,64214 555,580 601,636 1
S 65005,65474 556,572 601,635 2
S 59972,65478 561,587 603,633 3
S 65713,65680 540,567 603,633 4
S 64707,59172 561,578 607,630 2
S 59734,65479 561,599 608,629 3
S 59657,65683 556,597 600,637 5
S 271347,271494 540,553 554,572 5
S 59644,59279 565,584 606,631 2
S 65489,59694 540,572 597,639 2
S 59733,65573 567,592 601,635 3
S 59680,65712 569,584 609,627 5
S 271348,64445 540,558 559,571 5
S 65461,65021 544,560 561,579 1
S 65392,271341 543,563 606,630 5
S 66203,59962 540,577 578,590 5
S 65490,64469 540,569 609,628 1
S 59699,65708 563,594 606,631 2
S 66186,59219 543,575 597,639 3
S 59731,59176 560,599 601,636 1
S 271253,64022 540,577 578,583 3
S 65087,65392 544,578 601,635 5
S 59972,65391 552,596 598,639 2
S 65573,64133 540,553 558,578 2
S 64683,65386 559,575 608,629 4
S 66206,59060 542,573 596,640 3
S 66203,58111 540,580 604,632 3
S 64099,271340 555,584 600,636 3
S 66199,65708 541,577 605,632 2