D 139953
C 12
S 63060,60331 555,595 617,640 1
S 139675,60479 540,563 621,636 3
S 127990,63693 540,570 571,587 2
S 121647,63603 544,576 577,589 1
S 81262,60479 550,578 610,647 5
S 122433,81110 545,560 561,584 3
S 277601,81724 573,599 621,637 1
S 57380,128274 565,594 610,648 1
S 122458,35410 540,573 606,651 1
S 121973,35561 545,570 571,593 3
S 69977,60319 556,580 581,593 1
S 139957,63552 540,562 563,588 3
S 80365,81050 557,575 606,651 1
S 139531,81681 540,565 618,640 4
S 80367,69983 544,589 614,643 1
S 122293,60330 542,569 615,643 1
S 122331,63043 545,564 565,591 3
S 139471,122677 540,567 615,642 5
S 69812,35330 559,580 615,643 5
S 139459,35503 540,553 609,648 4
S 139524,69829 540,567 568,584 5
S 121884,35499 547,567 606,651 4
S 123291,122294 540,560 613,645 4
S 139934,121616 540,550 616,641 2
S 121616,60330 552,569 570,594 3
S 60308,121617 563,596 609,649 3
S 57374,60452 561,598 606,651 4
S 34951,63550 565,602 620,638 5
S 139934,63607 540,562 618,639 4
S 63650,35559 565,580 608,649 5
S 122331,122350 540,575 613,645 1
S 121868,69984 548,566 613,644 1
S 81721,122678 540,585 611,647 1
S 139470,57380 540,555 563,596 5
S 139522,57391 540,558 568,594 4
S 121674,63093 550,568 569,594 3
S 139717,63061 540,558 606,651 5
S 63553,35410 555,587 588,592 3
S 121868,69973 540,574 619,638 2
S 127981,63650 541,558 620,638 5
S 139522,81110 540,559 560,572 4
S 139934,69939 540,558 559,586 1
S 139529,80120 540,553 615,642 1
S 121649,63553 540,582 615,643 4
S 60453,81285 563,589 614,643 1
S 60309,121674 570,590 609,648 2
S 35498,85383 566,599 606,651 3
S 127948,139468 540,571 610,648 4
S 122379,57364 541,567 568,590 4
S 60479,63648 562,592 612,645 4
S 69809,35560 559,580 618,639 2
S 60328,69833 558,597 610,648 3
S 81499,35497 556,571 619,639 2
S 277604,63551 567,604 613,645 5
S 139713,35410 540,554 616,642 1
S 35559,127948 567,596 621,636 1
S 81110,63041 553,577 578,595 3
S 81498,35562 553,575 613,645 4
S 139712,60330 540,554 607,650 2
S 57390,57374 564,598 617,640 1