D 153346
C 8
S 198447,208986 566,600 643,668 2
S 198441,183467 566,604 643,667 5
S 221413,194060 598,613 636,674 5
S 153380,192936 540,560 561,595 3
S 162870,198989 553,576 577,605 2
S 254551,217407 540,554 586,607 2
S 254306,153818 540,574 641,669 4
S 198411,196012 561,604 641,669 5
S 199031,170247 577,596 642,669 2
S 192938,221413 559,590 645,666 1
S 254553,179406 540,555 557,580 4
S 198970,194002 568,605 636,675 3
S 219311,195785 582,615 643,667 1
S 198046,208043 566,590 591,609 1
S 197976,221390 561,598 599,612 2
S 197966,170439 571,593 645,666 3
S 153340,208043 540,560 571,613 2
S 158641,196744 540,573 644,666 1
S 153353,219315 540,557 581,613 2
S 254548,196629 540,555 637,674 3
S 219313,221393 580,616 640,670 3
S 158625,153831 546,566 648,663 3
S 192687,221159 552,591 642,669 4
S 220027,221386 592,610 641,670 1
S 197966,196678 565,598 639,671 2
S 254554,195788 540,560 645,666 1
S 158564,170347 540,568 636,674 1
S 198405,153441 564,599 647,663 1
S 207954,170230 571,607 640,671 3
S 198986,221396 576,600 646,664 3
S 158652,220031 540,575 586,613 3
S 158685,207930 540,569 575,608 4
S 158643,179022 540,574 575,579 5
S 153352,196534 540,557 633,678 1
S 192938,196562 566,583 633,678 1
S 192938,182176 567,583 643,667 5
S 153344,196532 540,555 643,668 3
S 158961,170247 540,555 633,677 4
S 219304,153819 584,615 636,675 5
S 198416,220821 575,591 644,667 5
S 153344,249960 540,554 644,666 2
S 221332,153386 580,624 646,665 4
S 162863,207953 545,583 584,610 1
S 179132,221390 556,579 589,619 3
S 162786,210487 545,576 635,675 2
S 192802,196678 560,588 647,663 2
S 192361,221368 552,590 591,622 3
S 221173,210574 583,620 637,673 5
S 153352,217385 540,550 640,670 4
S 179154,208043 549,588 589,604 2
S 179041,217551 542,587 588,602 3
S 219309,195933 586,611 643,667 2
S 197968,153403 563,599 646,664 1
S 254550,221158 540,562 636,674 2
S 254545,182359 540,558 635,676 5
S 158660,217553 540,566 584,602 1
S 179021,220841 544,588 634,677 2
S 179042,198442 547,582 583,595 2
S 198985,220821 571,606 637,673 2
S 198417,221390 564,602 603,624 2