D 26897
C 10
S 30183,34836 540,568 616,656 4
S 20388,30387 540,565 566,573 1
S 34401,20316 561,595 619,654 5
S 38154,20291 560,581 616,656 5
S 35215,20319 575,596 617,655 1
S 35216,277519 567,604 622,650 5
S 29924,38169 540,568 569,592 4
S 34392,34717 564,594 614,659 4
S 277602,277603 572,592 618,655 1
S 20302,34790 540,569 570,580 5
S 19945,19942 540,558 622,650 4
S 30532,34403 544,584 585,587 5
S 29928,34635 540,570 571,584 1
S 34718,277641 548,583 584,591 3
S 34933,26874 564,597 617,655 2
S 38171,35813 561,582 625,648 5
S 30384,34388 544,566 621,652 4
S 34835,34387 554,596 616,657 3
S 20432,35815 540,551 629,644 4
S 34711,35210 559,575 626,646 5
S 277598,20389 569,596 622,651 1
S 20330,34713 540,559 560,583 2
S 34941,30381 573,589 623,650 2
S 35163,30528 566,610 621,652 4
S 30380,35813 540,576 617,656 1
S 26873,30151 540,562 563,573 1
S 29929,38234 540,568 622,650 1
S 278372,26875 540,574 614,659 1
S 34388,277603 571,588 619,654 2
S 34701,35196 548,590 616,656 5
S 30151,30334 540,578 616,656 2
S 277518,19945 574,596 627,646 1
S 277543,30383 579,599 618,655 1
S 30387,20320 545,564 619,654 5
S 35831,34791 556,585 621,651 2
S 38232,20305 559,586 620,652 3
S 34864,34387 566,588 625,648 3
S 35203,30387 567,609 628,645 5
S 34710,277519 548,587 588,601 3
S 29935,34836 540,569 622,650 5
S 30380,34717 548,564 628,644 3
S 30361,29924 547,565 618,654 1
S 29905,34713 540,571 617,656 1
S 19945,34632 540,554 556,573 2
S 20411,35201 540,555 615,657 1
S 34712,35168 558,576 626,647 2
S 34791,20291 558,582 625,647 2
S 30386,34403 540,576 577,591 4
S 34713,35309 549,584 621,652 5
S 35225,34388 573,601 614,658 1
S 35172,30152 570,608 615,657 5
S 35162,34931 571,606 619,653 3
S 29905,277609 540,572 574,592 2
S 20431,38234 540,562 618,655 4
S 38154,20431 554,587 615,657 4
S 20432,30149 540,553 622,651 1
S 277543,34390 577,602 618,654 3
S 20305,38235 540,566 626,646 3
S 34707,30152 556,580 623,649 1
S 34956,30117 561,606 617,655 2