D 99294
C 9
S 189748,147988 564,607 618,646 5
S 106775,144502 540,555 556,585 3
S 107179,187231 540,564 610,654 4
S 173199,100339 565,590 611,654 3
S 212779,172599 577,596 620,645 1
S 172599,187200 556,600 616,649 3
S 108698,144573 540,573 617,648 4
S 107172,105247 540,557 615,649 2
S 175773,172622 569,590 624,640 5
S 172622,144581 552,593 620,645 2
S 172596,105274 563,594 610,654 5
S 189751,144900 568,603 617,647 3
S 173183,109654 555,598 618,646 3
S 265356,107100 540,560 613,652 1
S 147976,212790 555,584 585,601 2
S 212852,173024 569,606 611,653 1
S 144537,148081 550,575 624,641 5
S 99294,144540 540,549 553,571 3
S 144502,173145 547,580 618,647 2
S 108694,144142 540,574 614,650 4
S 144563,185511 551,573 574,589 3
S 212786,185493 564,609 623,642 4
S 114023,172960 540,579 622,643 1
S 173199,107099 560,594 616,648 2
S 172964,187202 552,596 621,643 5
S 173199,100338 561,594 625,640 5
S 113938,185588 543,568 569,598 1
S 99289,187254 540,553 562,607 5
S 144504,106853 546,581 619,645 1
S 185587,172961 567,595 614,650 3
S 114004,187262 549,567 576,593 2
S 144611,109629 553,578 620,644 3
S 172625,187264 562,582 583,596 2
S 212852,109629 579,597 624,640 5
S 113891,212788 540,576 577,607 3
S 113971,108752 546,565 613,651 3
S 173184,212854 559,595 596,603 2
S 212779,189803 565,608 621,643 3
S 144610,189756 556,574 611,653 1
S 185587,144700 565,597 611,653 2
S 105282,148082 540,562 563,585 5
S 108694,173144 542,561 615,649 5
S 114002,185590 540,581 615,650 3
S 173185,185511 565,590 620,644 5
S 144697,147980 551,584 619,646 5
S 265356,173204 540,558 559,599 1
S 105267,147979 540,555 622,643 3
S 187254,108762 568,601 616,649 4
S 144503,105274 542,584 625,640 4
S 107179,187234 540,565 623,642 2
S 107172,187204 540,564 617,647 2
S 144580,144544 543,586 621,644 3
S 144609,99292 556,574 623,642 4
S 108686,240482 540,573 574,604 4
S 105280,108752 540,563 620,644 3
S 144563,175776 551,574 620,644 4
S 172960,107103 568,583 625,640 2
S 173144,144141 557,594 624,640 5
S 212852,144142 570,606 611,654 4
S 144582,105264 549,580 615,650 4