D 102884
C 8
S 87009,70496 540,568 569,575 3
S 70893,74186 544,577 578,611 1
S 88881,86992 542,558 575,606 4
S 70494,89306 556,573 574,608 5
S 73852,88837 546,573 578,604 1
S 74456,88913 541,572 575,606 4
S 74507,73781 540,576 581,601 3
S 116593,70843 540,552 553,580 4
S 70796,89316 543,582 583,606 5
S 89397,79382 540,557 582,600 5
S 73891,86977 545,572 573,610 5
S 89311,91655 540,561 570,612 1
S 74517,74171 540,573 582,600 4
S 74456,70328 542,571 572,579 3
S 116589,267423 540,552 574,608 4
S 91655,88839 540,551 576,605 1
S 70788,91654 551,573 580,602 2
S 88839,86812 540,560 583,599 5
S 74512,70358 540,578 579,613 4
S 102910,73796 540,553 579,603 2
S 74433,88950 540,575 580,602 1
S 86932,74183 540,566 581,601 3
S 70495,73783 542,587 588,609 2
S 70796,86725 543,582 583,609 5
S 70494,73771 553,576 577,609 4
S 88879,70893 540,560 561,582 3
S 70372,86719 546,587 588,605 1
S 116588,73566 540,560 561,583 1
S 116588,86733 540,550 578,604 5
S 88792,73888 540,557 558,566 4
S 70785,102888 542,582 583,603 2
S 116594,74190 540,563 576,605 2
S 70789,87604 549,576 577,606 5
S 78875,74054 540,572 574,608 1
S 89312,74317 540,570 582,599 5
S 89314,86735 540,560 571,610 1
S 70840,86609 552,570 574,608 3
S 73501,89316 540,579 583,599 3
S 87634,79339 541,560 569,613 5
S 102909,88794 540,551 573,608 5
S 70802,74317 544,583 584,607 3
S 116592,70785 540,563 564,569 4
S 79295,70319 540,572 573,585 5
S 116589,70493 540,550 555,574 3
S 70312,89392 545,588 589,610 2
S 266857,70893 540,553 554,580 2
S 70359,74171 561,576 579,602 4
S 78874,70372 540,568 569,575 4
S 88794,89392 540,558 578,604 4
S 70496,266857 549,579 580,611 3
S 102891,74314 540,552 572,609 4
S 88847,88892 540,561 581,600 1
S 70786,88892 554,570 572,609 4
S 102891,74184 540,558 577,605 2
S 70787,74064 549,575 581,600 5
S 73534,74170 553,577 578,608 1
S 116591,73772 540,563 574,607 5
S 78874,86834 540,567 574,607 5
S 116590,70787 540,556 557,575 1
S 70330,70357 552,584 585,606 3