D 173914
C 9
S 106186,105857 550,582 625,652 5
S 106213,147060 551,577 631,646 1
S 46087,147060 570,609 631,646 2
S 106487,105894 544,583 624,653 5
S 99772,98453 555,585 617,659 3
S 147169,46069 540,556 626,651 4
S 147063,105895 540,567 568,575 3
S 147439,147054 540,555 622,654 5
S 53321,98477 577,594 627,649 5
S 146983,54705 540,561 573,590 5
S 147420,46002 540,564 621,655 2
S 147425,264051 540,557 558,582 1
S 97294,106486 570,587 625,652 3
S 95362,46085 569,588 589,607 1
S 173928,146606 540,556 618,658 1
S 147419,98408 540,565 629,648 2
S 146631,53316 541,568 630,647 4
S 147061,146771 540,564 618,659 2
S 46787,99678 566,611 620,656 2
S 110405,98460 540,583 584,587 1
S 98490,46002 557,591 630,646 3
S 264045,147055 556,573 630,646 4
S 146969,147074 540,566 622,654 4
S 147051,53708 540,567 617,659 4
S 99563,46786 553,591 618,659 1
S 147085,46008 540,560 628,648 1
S 264054,98472 544,583 627,650 1
S 53305,98473 571,603 616,661 3
S 173929,98412 540,561 626,651 1
S 175018,105856 540,560 616,661 2
S 98493,99878 562,587 629,648 1
S 145332,106004 542,575 622,655 4
S 98491,110351 559,590 617,659 1
S 147174,46068 540,563 630,646 3
S 45213,145571 581,601 620,656 1
S 54699,147178 567,598 622,655 2
S 99694,95310 560,583 616,661 3
S 53300,99879 565,609 629,648 2
S 147426,46070 540,567 568,612 1
S 99767,98455 560,581 623,654 3
S 256134,46002 540,563 577,607 3
S 46085,54700 571,607 624,653 1
S 110373,95310 540,580 624,653 4
S 147440,46086 540,560 570,607 1
S 98460,99687 553,598 630,647 3
S 46793,110374 577,600 627,650 3
S 99682,106484 563,580 631,646 4
S 147423,53716 540,566 629,647 2
S 110371,46787 552,570 571,608 3
S 147416,147483 540,553 620,657 4
S 256131,46068 540,557 580,601 4
S 46006,98455 583,599 624,653 2
S 53410,100167 570,599 621,656 4
S 46002,46069 579,604 625,652 2
S 147091,97324 540,558 567,587 1
S 145335,146978 543,576 619,658 4
S 110332,98458 545,578 579,594 1
S 147413,98411 540,562 563,595 2
S 53709,147179 563,602 627,649 1
S 146597,46005 542,567 624,652 4