D 137290
C 9
S 166552,154815 540,579 580,591 3
S 257774,154845 540,550 551,571 5
S 137294,166426 540,552 553,565 1
S 135283,142177 540,560 561,588 4
S 138285,154846 540,551 554,584 3
S 149430,154762 540,556 557,585 3
S 166554,154797 540,578 579,586 3
S 165832,154758 541,566 567,582 1
S 154845,149553 543,561 562,585 4
S 166429,154757 542,570 571,577 4
S 166443,142179 547,567 568,590 1
S 154820,154763 541,563 564,588 5
S 154758,166276 540,568 569,582 5
S 138259,154821 540,555 556,563 1
S 165831,154752 545,561 562,580 3
S 166441,154799 540,575 576,584 2
S 154761,154752 540,565 566,581 3
S 166271,138253 541,569 570,583 1
S 154814,154783 541,562 563,577 1
S 138258,165834 540,557 558,561 5
S 257775,166429 540,551 552,569 1
S 138272,154847 540,559 560,591 3
S 149562,138253 540,567 568,582 1
S 166551,154844 543,572 573,589 3
S 149472,164377 540,562 563,582 1
S 166428,138379 540,574 575,590 5
S 154758,149567 540,569 570,580 4
S 154847,165830 540,570 571,584 4
S 164378,138379 540,566 567,583 3
S 154760,154814 541,558 559,588 2
S 138285,166419 540,560 561,578 5
S 154844,137295 541,564 565,579 5
S 137303,154820 540,567 568,586 2
S 257775,165835 540,559 560,563 4
S 257771,149436 540,554 560,578 5
S 138272,138270 540,560 561,581 3
S 165834,137296 540,576 577,583 1
S 257774,166442 540,555 556,578 1
S 154763,154760 540,566 567,577 4
S 257773,164378 540,561 562,588 4
S 165831,165832 540,571 572,578 4
S 257650,166269 540,548 552,586 3
S 166380,154772 544,567 568,578 3
S 253059,166274 542,572 573,588 4
S 149471,154757 540,568 569,590 4
S 149470,166380 540,555 556,583 3
S 154819,166268 540,564 565,584 5
S 257773,138266 540,557 558,590 5
S 138259,166441 540,560 561,583 2
S 137291,154783 540,548 549,590 3
S 166442,166268 548,567 568,584 4
S 149437,166268 540,558 559,583 2
S 154764,142188 541,559 560,584 2
S 257764,165851 540,556 557,562 4
S 165829,154763 543,565 566,581 4
S 165831,166275 540,574 575,584 4
S 138259,138380 540,554 560,579 4
S 138285,149566 540,562 563,588 1
S 154820,142176 542,561 562,587 2
S 166270,154776 546,563 564,579 4