D 254414
C 12
S 272547,57761 577,612 638,675 1
S 67203,33475 561,597 598,614 4
S 57902,32796 579,600 643,671 1
S 67841,67859 556,590 641,673 3
S 67839,33489 556,591 648,665 5
S 67858,67204 555,588 639,674 2
S 84980,57903 550,585 648,665 5
S 157847,69489 540,558 647,666 1
S 157753,57864 540,559 574,606 1
S 67827,33475 563,586 589,604 1
S 67221,124581 573,590 643,671 1
S 157836,260336 540,554 643,670 1
S 157680,157755 540,561 637,677 3
S 260207,67846 546,577 635,678 5
S 157383,57791 540,564 649,665 4
S 157743,157681 540,548 637,676 4
S 157753,82083 540,562 638,675 5
S 57815,57868 576,606 648,665 4
S 271642,67249 562,607 634,679 3
S 67202,33455 569,589 590,604 5
S 82058,67248 550,591 649,665 1
S 33455,84980 577,613 645,669 4
S 124590,124580 551,573 638,676 2
S 157836,157652 540,558 642,671 2
S 57804,69490 581,602 635,678 2
S 32793,157754 578,622 643,671 4
S 157798,67819 540,561 562,597 4
S 84979,63976 551,584 585,597 5
S 32793,157839 583,618 648,666 2
S 124588,33498 543,581 646,667 1
S 32796,67202 591,610 639,675 4
S 157757,260206 540,568 645,669 3
S 271647,157653 568,600 647,667 4
S 272548,157840 575,615 640,674 5
S 157653,260380 540,564 646,668 2
S 124538,63971 543,571 635,678 1
S 33498,157754 589,610 648,665 2
S 260409,157136 546,568 647,667 5
S 124600,272545 548,583 584,606 5
S 157679,124680 540,570 571,576 5
S 57898,127423 566,610 636,677 5
S 33475,57630 581,613 638,675 4
S 32785,67829 586,617 637,677 3
S 57797,59301 578,607 641,673 4
S 67819,67205 567,583 647,666 2
S 157799,124607 540,553 554,586 4
S 157795,33487 540,559 649,665 4
S 67640,57793 557,594 644,670 2
S 32785,57898 585,618 646,667 4
S 260344,57789 548,570 636,678 3
S 254407,57797 540,564 634,679 3
S 157382,271640 543,561 566,603 4
S 67220,124527 561,600 641,672 1
S 157383,84981 540,572 573,578 4
S 271642,260409 567,602 646,668 2
S 59654,67825 571,601 642,672 3
S 67568,67222 557,595 638,676 2
S 67859,33498 559,584 585,621 2
S 67571,57797 558,594 595,605 3
S 124592,67840 547,579 580,588 2