D 31334
C 11
S 17226,17096 540,580 619,653 4
S 281475,31277 560,579 617,654 2
S 8025,17103 568,608 621,651 5
S 281475,31041 561,578 620,651 3
S 31010,14639 545,565 566,585 5
S 7742,14928 565,591 620,651 5
S 7849,8023 578,596 624,648 1
S 31296,31008 540,567 614,657 2
S 14597,31295 565,589 616,656 1
S 7849,14926 566,608 616,656 5
S 31261,7782 540,567 568,604 5
S 14928,281467 555,573 619,653 4
S 14738,7658 551,584 585,598 5
S 14924,281473 548,581 628,643 2
S 17125,7660 541,557 572,596 3
S 14753,17214 559,584 622,650 2
S 31168,31261 540,565 616,655 5
S 14929,8023 554,572 623,649 1
S 7847,14928 564,609 621,651 3
S 2428,278175 546,585 626,646 4
S 7847,31040 566,607 626,645 2
S 17096,17224 540,558 559,582 2
S 14928,17215 556,572 619,653 5
S 14739,282859 547,590 628,643 4
S 31327,14583 540,555 559,591 4
S 282888,7784 562,604 628,643 4
S 17098,7665 540,556 565,601 3
S 14583,7849 555,595 618,653 3
S 31328,14581 540,558 559,595 4
S 14939,14737 554,570 621,651 2
S 14755,2427 551,593 624,648 1
S 31042,17229 544,564 618,653 1
S 17220,14753 544,577 578,582 4
S 17126,14939 540,566 567,575 2
S 14584,17320 561,589 618,654 2
S 14725,14725 554,579 621,650 2
S 17231,14736 542,572 625,647 5
S 31295,7644 540,556 572,598 2
S 31040,7783 540,572 573,593 2
S 13981,8015 555,600 615,656 3
S 7644,17222 573,598 615,657 1
S 14761,7661 564,582 583,596 2
S 31029,7743 540,568 569,593 1
S 14727,7847 550,583 628,643 4
S 17224,14931 541,577 622,650 1
S 8023,14640 572,602 616,655 4
S 31009,17098 540,577 628,643 4
S 31302,14928 540,553 621,651 1
S 7838,7660 578,594 618,653 2
S 14641,281466 555,593 617,655 2
S 17290,281475 544,570 623,649 2
S 31295,31010 540,555 627,644 2
S 17321,7762 548,563 567,592 4
S 17096,281475 540,557 558,588 4
S 31327,14727 540,558 559,575 1
S 17220,8023 542,578 614,657 3
S 14747,14926 555,587 621,650 3
S 8016,14933 567,610 618,654 1
S 17095,2428 540,561 621,651 1
S 14939,7837 554,569 570,603 5