D 252699
C 9
S 121515,168228 569,596 602,644 1
S 139163,121505 559,580 581,599 2
S 257458,121433 555,578 614,632 5
S 154520,139296 540,573 574,588 2
S 169361,123114 540,553 609,638 5
S 166300,154939 540,566 615,631 3
S 122139,128367 570,595 613,633 5
S 122759,131723 564,594 609,638 2
S 132083,149867 544,585 602,645 4
S 261144,121469 550,595 601,645 2
S 169004,122752 540,562 613,633 4
S 128832,131723 552,587 613,633 2
S 121442,141528 554,598 615,631 4
S 154405,122752 544,570 606,640 3
S 121434,253364 554,597 612,635 4
S 132083,121414 557,572 610,637 2
S 121433,154512 557,593 614,633 4
S 139147,122139 558,577 612,634 3
S 132084,131731 553,577 613,633 1
S 165763,168960 540,565 601,645 4
S 169360,128838 540,549 550,588 3
S 154517,166283 543,567 607,640 4
S 121505,122754 564,600 601,646 5
S 128838,154511 554,585 601,646 2
S 168213,121424 540,556 564,585 4
S 122755,122754 568,589 603,644 5
S 121464,122758 567,593 613,633 4
S 168625,140671 540,560 607,640 3
S 169359,257472 540,556 559,575 2
S 121480,261145 567,596 601,646 4
S 122745,122837 569,586 605,641 2
S 154512,128821 540,577 611,636 1
S 121444,139164 563,590 603,644 1
S 169356,141380 540,555 611,635 5
S 166297,121435 540,570 571,583 5
S 154568,149847 544,565 608,638 3
S 168623,154511 540,566 602,644 3
S 139154,154935 549,587 607,639 1
S 131720,121507 551,582 605,642 5
S 128837,169009 561,578 610,636 1
S 131717,154519 556,576 611,635 1
S 121482,165815 562,601 612,635 1
S 132086,169006 555,575 606,640 5
S 154518,131723 545,565 566,581 4
S 140535,128353 548,580 606,640 3
S 166295,122746 540,566 567,588 5
S 168995,121436 540,562 609,638 4
S 122749,128833 560,596 601,646 3
S 139150,165811 553,583 605,642 5
S 128367,131729 566,581 602,645 4
S 131730,168208 547,583 615,631 4
S 139154,128821 552,584 607,639 4
S 154517,128824 540,575 576,583 5
S 141379,154515 554,569 616,631 2
S 169359,121436 540,559 614,633 1
S 154483,169009 540,579 612,635 5
S 128827,121416 551,589 613,633 1
S 121393,121423 550,595 602,644 4
S 122750,139156 559,597 615,632 5
S 154894,261146 540,567 568,581 2