D 221534
C 8
S 238620,221538 588,605 606,627 5
S 219057,221543 552,571 589,629 4
S 219033,220226 558,574 598,620 3
S 220938,220228 576,603 604,617 5
S 219068,238486 546,574 578,599 3
S 217683,221717 561,595 596,623 2
S 221520,219031 540,558 559,588 3
S 220345,220536 573,617 618,623 5
S 220362,220234 584,604 605,630 3
S 218682,220228 559,582 588,630 4
S 218994,218583 543,564 565,581 1
S 218859,221029 552,580 581,609 5
S 218995,218582 542,566 567,582 5
S 220938,221671 582,598 599,620 4
S 218873,220908 548,565 576,600 1
S 217710,220409 565,586 587,600 1
S 218840,220346 559,576 579,612 2
S 219586,218581 540,562 563,584 4
S 221515,218511 540,564 565,580 1
S 218579,221717 560,583 587,631 3
S 217543,220344 569,590 591,607 4
S 238707,238620 540,562 584,609 4
S 221514,220389 540,562 572,613 4
S 219056,221029 542,582 583,601 2
S 218583,220349 558,588 589,603 1
S 218582,217395 557,588 589,590 3
S 218908,221627 556,581 596,622 5
S 220348,221635 579,612 613,618 5
S 220939,221765 577,603 604,631 2
S 219033,221538 550,581 587,631 1
S 219954,220646 540,556 576,597 5
S 238242,220344 540,552 575,615 3
S 219057,220536 547,576 598,620 4
S 219582,219066 540,556 557,578 1
S 218696,221031 547,592 593,606 3
S 218860,221535 559,575 599,619 2
S 220668,221537 572,596 599,618 3
S 221287,219053 540,562 563,572 5
S 219054,221671 554,570 595,623 1
S 218929,221670 544,565 595,623 1
S 219565,217704 540,568 569,596 3
S 220537,221762 579,603 604,616 3
S 217682,220408 571,586 587,610 1
S 217701,220647 565,587 588,606 4
S 219017,221634 542,575 590,627 5
S 219564,220359 540,562 583,604 4
S 217692,221629 568,583 588,630 1
S 218875,218581 541,571 572,585 3
S 218928,220635 540,571 572,608 5
S 217738,220360 562,585 586,603 4
S 218513,220233 549,581 598,620 1
S 217701,220361 554,598 599,616 3
S 219110,217701 547,574 575,591 4
S 218996,220349 543,565 580,611 1
S 219053,217394 545,580 581,593 1
S 217701,220406 564,588 589,601 4
S 218876,220669 540,578 579,594 2
S 218698,220533 558,581 586,631 2
S 219048,217704 553,575 576,598 3
S 217670,220388 570,590 591,603 2