D 66942
C 9
S 150926,159030 544,560 561,570 3
S 123992,247357 540,569 575,614 5
S 193528,197318 578,599 631,660 4
S 197284,124089 583,601 630,661 1
S 197288,179506 576,607 623,668 3
S 159036,197366 552,573 578,609 3
S 156906,197356 550,571 587,602 1
S 159997,193432 559,584 585,601 5
S 153621,192065 548,569 626,665 4
S 197363,123945 585,602 633,658 1
S 153619,191966 540,577 627,664 1
S 197353,128237 585,602 635,656 1
S 153595,163323 540,577 635,655 4
S 159762,191646 550,589 635,655 1
S 191587,178779 560,596 638,653 4
S 159249,192065 545,589 623,667 5
S 197354,260922 577,611 626,665 3
S 178773,163063 564,583 626,665 1
S 191587,163057 569,587 631,660 4
S 156903,163050 541,581 582,590 4
S 153589,192127 547,568 623,668 1
S 124079,159764 540,568 569,583 3
S 124075,192062 540,564 624,666 5
S 150920,191967 540,567 568,596 2
S 153584,193381 540,577 635,655 3
S 123992,197370 540,565 579,609 1
S 197283,193434 574,611 631,660 2
S 159758,128239 563,578 623,668 1
S 192193,268623 564,604 632,658 4
S 191977,191646 570,592 635,656 1
S 153419,191613 544,563 564,597 1
S 153414,153422 547,562 626,665 1
S 123929,159039 540,561 562,581 1
S 197283,163245 578,606 623,667 3
S 192066,197356 570,593 636,655 4
S 270568,81878 540,550 626,665 1
S 67467,67477 540,562 631,659 2
S 153572,163324 546,566 636,655 1
S 153422,247357 540,571 574,615 5
S 192129,197364 569,597 598,602 2
S 159187,123929 551,579 633,658 2
S 159982,193527 550,592 624,666 4
S 69546,178772 540,562 563,585 2
S 178901,159091 556,597 627,664 1
S 197290,191647 577,606 626,665 3
S 193381,123929 565,606 628,662 2
S 197281,153434 571,615 633,657 2
S 153610,67467 540,580 632,658 3
S 159187,159092 545,585 634,656 3
S 123492,192128 540,570 571,598 4
S 197361,150920 581,607 636,655 1
S 123941,150925 540,553 630,661 2
S 124079,178786 540,557 635,655 1
S 123928,153434 540,568 627,663 1
S 159350,150923 551,586 635,655 4
S 197288,123945 570,613 638,653 1
S 191988,179506 562,600 631,659 5
S 159195,197325 556,574 623,667 2
S 159350,156867 547,591 631,660 3
S 153610,192068 542,577 624,667 3