D 105840
C 10
S 144537,175828 558,586 587,590 5
S 175839,106759 568,600 618,650 3
S 105842,172818 540,556 623,645 4
S 105826,176015 540,559 567,606 1
S 265267,105692 540,559 626,642 3
S 105842,172824 540,566 574,590 1
S 105827,144768 540,555 566,584 1
S 264136,176186 540,557 626,642 2
S 105970,108662 540,571 617,652 5
S 172823,105806 574,589 623,646 2
S 114018,107196 560,576 621,647 4
S 106715,144759 540,566 567,585 2
S 144544,172861 554,587 613,656 3
S 250940,108663 574,600 614,655 3
S 176242,144759 574,606 624,645 3
S 144142,109623 547,591 623,645 3
S 175897,175845 572,598 627,642 3
S 105822,144769 540,556 566,586 2
S 175897,114043 568,602 626,643 4
S 109846,109776 542,577 615,653 2
S 105836,105837 540,557 625,643 3
S 144537,175831 560,584 625,643 4
S 175972,105694 572,601 624,645 2
S 106623,114043 540,568 614,654 3
S 175835,175901 567,600 624,645 1
S 143984,176185 564,592 616,653 4
S 105828,250939 540,557 621,647 4
S 144138,108660 548,592 617,651 4
S 100183,114222 540,565 622,646 3
S 144770,143992 567,585 615,653 4
S 143989,105705 561,593 618,651 3
S 175980,105803 572,599 620,649 1
S 105823,109761 540,559 560,580 5
S 175980,105693 577,594 625,643 4
S 106572,172775 540,571 572,589 4
S 172737,108752 572,587 626,642 2
S 148492,143992 560,595 614,654 5
S 109896,250939 546,562 577,598 1
S 175898,105693 566,604 617,651 3
S 144137,109503 552,588 625,643 1
S 144102,250950 559,590 591,598 5
S 105970,108752 540,562 622,646 3
S 144103,250941 558,591 616,652 5
S 144766,109621 564,587 618,650 4
S 175973,148489 579,595 613,655 2
S 109931,108752 540,575 612,656 5
S 109895,175846 541,567 623,645 5
S 172774,175975 563,597 620,649 2
S 176185,144760 579,601 614,655 4
S 106584,148481 540,571 618,650 3
S 144543,172824 552,590 624,644 4
S 113979,109618 557,572 618,650 3
S 176014,108729 568,605 619,649 2
S 143990,108751 559,594 612,656 3
S 113996,175974 556,578 620,649 3
S 144758,105630 559,591 625,644 2
S 143993,144760 565,586 615,654 4
S 105834,109880 540,559 560,572 2
S 176245,108714 579,601 625,644 5
S 144542,172771 556,586 625,644 2