D 222501
C 8
S 222622,225190 540,553 554,585 5
S 237056,225789 554,577 580,619 3
S 222557,222558 540,563 580,619 1
S 231113,222557 540,566 585,615 3
S 225790,222556 545,590 591,617 2
S 231453,235402 547,572 589,610 1
S 237088,227205 550,583 584,619 3
S 231057,225121 540,556 558,582 5
S 231089,226985 540,563 564,578 3
S 237089,226815 556,577 581,618 2
S 226944,225190 545,580 588,611 5
S 231751,226692 550,565 584,615 3
S 231134,230875 540,557 589,611 3
S 231819,231176 550,565 581,619 5
S 222622,237543 540,566 567,590 4
S 231056,231747 540,554 555,569 5
S 231145,231970 540,565 588,611 5
S 222486,231730 540,551 590,610 1
S 226949,235346 545,580 589,611 4
S 231056,227021 540,554 586,614 2
S 231133,232141 540,560 584,616 5
S 226947,231482 548,576 583,616 3
S 237067,237067 555,576 592,608 4
S 231062,231921 540,565 580,620 4
S 222546,231049 540,560 587,612 4
S 237088,231298 552,581 590,610 4
S 226814,231840 556,572 586,613 4
S 226991,227197 554,569 579,621 5
S 222487,225785 540,556 578,621 1
S 231909,231741 540,575 585,615 5
S 231997,231921 540,574 580,619 1
S 237056,230531 544,588 590,609 2
S 231464,222552 550,568 578,621 2
S 225183,225793 552,586 587,618 4
S 225190,235402 555,581 583,616 3
S 222623,231863 540,555 583,616 4
S 231134,231888 540,568 582,617 2
S 226811,232048 551,577 586,613 4
S 231262,231998 540,560 591,608 2
S 222485,237090 540,560 591,609 3
S 231817,231138 544,572 582,618 4
S 222621,226808 540,552 555,571 4
S 231463,231743 540,580 583,617 4
S 231300,225116 541,562 563,592 1
S 231898,231840 542,571 586,614 2
S 222468,237056 540,551 586,613 2
S 222620,231840 540,554 578,622 5
S 232048,231260 540,570 579,621 3
S 231263,226808 540,560 561,584 5
S 225117,230531 548,591 592,609 4
S 222477,237057 540,560 561,582 1
S 225791,231262 552,583 592,607 3
S 222488,225786 540,559 560,584 4
S 231452,237063 550,569 588,612 3
S 231115,230875 540,565 579,620 2
S 222542,231907 540,559 560,568 2
S 237088,226697 547,586 587,622 2
S 231134,227195 540,561 586,614 5
S 222496,225182 540,560 561,585 4
S 231264,227022 541,558 579,620 5