D 246534
C 10
S 202041,219982 540,559 564,607 4
S 208875,206658 550,595 629,657 4
S 206595,221331 549,565 628,658 2
S 221400,201918 575,613 621,666 1
S 217679,206020 554,593 624,663 2
S 219976,207406 575,596 634,653 4
S 217679,219982 563,584 585,600 3
S 206558,219241 540,573 574,595 5
S 207750,220028 554,576 628,659 3
S 219976,221399 565,607 624,662 3
S 205935,208034 540,566 627,659 5
S 219255,206598 571,593 621,665 1
S 206394,219304 554,571 629,657 4
S 206706,205854 549,567 630,656 2
S 206700,219975 547,573 574,606 3
S 221302,202040 580,599 621,666 2
S 202073,217678 540,565 566,582 4
S 206708,221396 540,577 627,659 5
S 201368,206493 540,562 563,569 3
S 206190,219258 541,586 587,597 5
S 219287,208038 571,596 623,664 4
S 208029,205935 553,587 625,662 2
S 202041,220027 540,557 626,660 1
S 201368,207405 540,555 556,577 3
S 208876,219309 560,585 623,664 1
S 221494,208028 575,609 631,655 3
S 221218,206496 570,604 634,652 4
S 221481,241262 584,600 626,661 3
S 206559,206460 540,574 636,651 3
S 206559,221226 540,575 576,599 2
S 219241,199163 570,589 624,662 3
S 208031,221409 554,587 588,604 3
S 206190,206691 549,577 623,663 4
S 221481,202045 572,612 623,664 5
S 217678,208067 562,585 626,661 5
S 206708,206462 540,578 627,659 1
S 205934,221218 540,568 569,604 1
S 239375,206536 560,594 632,655 3
S 221399,206021 577,610 636,651 5
S 205936,219975 541,556 573,599 1
S 206393,217674 542,582 583,587 5
S 207405,219312 552,571 623,664 3
S 217680,221394 557,590 636,651 3
S 219287,206598 571,597 626,661 4
S 206494,221399 540,567 636,651 2
S 206495,208901 540,573 632,655 3
S 208879,199164 562,581 629,658 2
S 205706,221218 540,558 577,596 2
S 206556,206191 542,570 635,652 2
S 221401,208067 573,614 629,657 4
S 202075,208028 540,553 554,587 2
S 205935,208028 540,560 561,586 1
S 205852,221393 540,565 634,652 1
S 207405,221250 552,571 575,602 5
S 245162,219261 540,558 574,593 5
S 221493,206460 572,611 634,652 1
S 221484,220025 576,608 628,658 4
S 221400,221331 576,611 628,658 5
S 205933,199164 540,564 565,581 4
S 219258,208038 563,602 628,658 3