D 171524
C 10
S 251823,148184 559,583 623,650 2
S 146091,172705 575,599 628,644 5
S 147779,251823 568,599 623,650 4
S 148235,176719 570,590 621,651 4
S 171663,171638 540,562 628,644 5
S 251838,176735 549,589 627,646 5
S 172704,147024 546,589 590,597 1
S 147019,146013 574,605 625,648 3
S 172382,172302 540,570 623,649 5
S 172540,147024 550,566 577,600 5
S 146019,148421 578,593 614,658 1
S 172215,172313 540,569 628,645 5
S 148186,172692 567,590 619,654 4
S 146018,148378 571,601 616,656 3
S 172768,172317 542,587 619,654 3
S 176679,148421 540,566 567,589 2
S 172772,147024 556,572 575,603 2
S 172822,172704 540,584 621,651 1
S 171661,172628 540,557 619,654 4
S 176663,147774 540,565 615,657 4
S 172817,148175 552,573 574,592 3
S 175836,172362 546,573 621,651 5
S 172763,148378 556,576 618,654 5
S 146022,148389 577,594 614,659 2
S 147775,175836 573,596 623,650 5
S 147774,147618 576,593 626,646 3
S 176662,148192 540,566 567,598 2
S 251853,148311 550,583 584,591 2
S 148171,172820 555,600 621,651 2
S 146015,146020 575,598 623,650 1
S 171463,172750 540,552 553,583 3
S 146090,148192 566,610 624,649 2
S 172190,148311 540,572 573,591 4
S 172215,148217 540,573 574,595 4
S 171664,146020 540,562 623,649 2
S 148185,172213 560,596 619,654 3
S 172767,148212 557,573 574,602 4
S 175836,148420 540,581 628,644 5
S 148429,172998 562,588 621,652 2
S 173017,171523 564,583 616,657 3
S 148173,172317 557,598 623,649 5
S 172544,172628 546,571 572,584 1
S 175840,175838 543,575 620,653 4
S 172629,146016 564,580 618,655 4
S 147774,172427 570,599 625,647 2
S 176688,146090 540,563 620,652 2
S 171525,172200 540,554 555,560 2
S 171662,172760 540,559 621,652 3
S 172693,148213 550,586 617,655 1
S 172219,251824 540,560 561,589 2
S 171449,172626 540,563 564,586 5
S 172221,172703 540,568 623,649 5
S 172714,176718 558,574 623,650 4
S 147778,172760 563,605 622,650 4
S 147616,172287 572,591 615,657 1
S 148170,171449 565,588 620,653 2
S 176679,148171 540,555 559,596 3
S 172544,172691 543,574 623,650 4
S 146089,148388 578,597 620,653 2
S 176662,146017 540,566 619,653 4