D 8072
C 9
S 70516,30025 570,591 614,634 3
S 38626,36263 548,586 615,632 5
S 70826,38730 565,599 616,631 3
S 39125,38716 549,591 608,640 1
S 62698,62662 563,593 614,634 4
S 36602,61142 553,570 616,631 1
S 8166,38714 540,559 616,631 3
S 61391,36231 559,591 611,636 3
S 13775,36264 540,561 608,639 3
S 30369,37797 545,564 609,639 5
S 18876,36106 540,572 609,638 4
S 8160,37798 540,551 554,576 2
S 39894,29996 549,593 609,639 1
S 280765,30375 540,571 602,645 3
S 37913,270253 549,579 613,634 3
S 61116,36604 553,594 607,640 5
S 30029,13488 544,561 606,642 3
S 13780,36311 540,570 571,578 3
S 30029,38731 540,569 601,646 3
S 38558,13544 543,588 614,634 4
S 36603,39893 543,580 611,636 1
S 280768,13728 540,564 609,638 2
S 37796,30161 548,583 608,640 4
S 12793,8190 540,554 605,643 1
S 39893,73826 552,590 607,641 1
S 8161,38626 540,553 554,588 5
S 13777,73527 540,569 570,605 2
S 8160,269893 540,560 564,602 4
S 30036,30424 544,562 615,632 2
S 12777,36232 540,564 605,642 2
S 38717,37912 560,576 603,644 3
S 37902,37909 543,583 604,643 5
S 61115,30372 561,587 603,644 3
S 12776,37905 540,550 551,585 2
S 8168,277368 540,552 602,646 3
S 36263,73826 548,568 607,641 2
S 37912,62692 547,582 614,634 4
S 30036,29956 540,567 614,633 2
S 70540,29995 566,590 603,644 4
S 36311,13692 540,580 612,636 1
S 30138,13489 540,568 603,644 4
S 30040,56883 540,569 570,585 5
S 36320,13728 542,577 615,632 4
S 70540,37913 562,594 612,635 3
S 70791,29988 564,599 613,635 5
S 280762,37909 540,566 567,577 3
S 38563,61364 547,584 604,643 2
S 13781,70540 540,564 603,644 4
S 61382,30005 556,594 608,640 4
S 36531,37811 549,571 608,639 3
S 277047,38731 554,570 609,639 5
S 12795,37914 540,563 614,633 3
S 38559,12663 547,584 615,632 4
S 269856,36312 569,601 613,634 2
S 18879,13350 540,563 616,632 1
S 8184,56881 540,563 564,586 3
S 56881,270248 559,585 604,643 1
S 30365,13108 540,573 613,635 5
S 38565,12663 558,574 608,640 5
S 270248,18896 571,588 615,633 1