D 60141
C 11
S 80203,66656 563,608 609,620 2
S 80267,80185 577,593 594,608 3
S 63495,66799 546,566 578,618 5
S 81142,66819 573,591 592,613 2
S 80753,80209 553,574 575,608 3
S 80262,69662 566,601 602,611 4
S 80209,66826 578,593 594,613 1
S 80680,66654 551,572 577,619 5
S 80356,69664 568,598 599,610 3
S 80184,66654 578,597 598,618 4
S 86208,80207 551,591 592,608 2
S 80185,79947 576,598 599,610 2
S 81442,69695 558,598 599,620 4
S 63085,81120 540,569 570,601 2
S 63496,86321 547,564 565,589 5
S 80723,66798 548,575 582,614 5
S 80692,69664 549,571 585,611 3
S 85453,66823 563,589 590,614 5
S 81498,69709 566,596 597,610 5
S 81139,66796 563,601 602,605 1
S 70045,86209 540,574 575,576 5
S 81680,66823 560,601 602,606 1
S 81724,60134 559,601 602,620 2
S 69806,86413 540,569 570,591 1
S 81680,66818 566,595 596,619 2
S 80203,66655 577,594 595,616 3
S 80203,80185 571,601 602,613 5
S 79760,60136 540,578 581,615 3
S 80209,63726 563,607 608,615 3
S 60217,81140 540,562 573,590 2
S 86408,63727 558,582 584,611 1
S 81445,66672 557,599 600,607 5
S 80209,66671 576,594 595,608 3
S 80719,79947 546,575 580,615 5
S 80744,66822 542,584 590,606 1
S 86211,81447 544,589 590,598 4
S 80693,66658 552,567 576,620 1
S 86238,66657 567,582 589,606 3
S 86215,80184 554,578 579,608 1
S 69845,81689 540,571 572,596 5
S 63555,85437 540,569 570,589 1
S 70049,66655 540,574 585,611 5
S 80721,86352 553,568 569,584 4
S 80208,69663 576,595 596,612 3
S 60217,80723 540,552 553,571 5
S 80191,66796 566,606 607,612 3
S 63084,80863 540,567 568,585 4
S 85436,63726 565,589 590,615 1
S 60415,86249 540,560 567,584 4
S 86310,69664 555,592 593,618 1
S 60390,85504 540,555 556,587 5
S 81723,60136 568,593 594,609 1
S 63555,85435 542,558 561,592 4
S 81139,69711 564,601 602,619 2
S 80734,66822 548,576 581,615 4
S 80745,80190 550,576 577,595 2
S 63578,79981 540,561 582,613 5
S 79761,86207 543,572 573,581 5
S 81142,66823 567,597 598,609 3
S 86352,80184 553,593 594,597 4