D 25744
C 9
S 24642,24147 547,578 579,596 2
S 24146,24243 558,589 647,665 1
S 26003,24318 540,560 561,582 3
S 11868,25267 576,599 647,664 5
S 25788,25620 540,560 641,670 2
S 25416,20775 545,564 586,606 4
S 11801,11418 567,604 641,671 5
S 24664,23006 541,583 584,585 3
S 22956,24340 557,600 634,678 5
S 25267,24096 546,575 576,594 3
S 20656,21543 583,616 637,675 5
S 21586,20709 562,604 635,676 3
S 24570,23002 557,572 573,588 1
S 25239,25993 553,571 634,678 3
S 25713,20757 540,565 634,677 2
S 11886,21396 577,602 636,676 3
S 279704,26163 547,586 633,678 1
S 25291,25384 548,572 642,670 2
S 22955,25488 564,593 635,677 5
S 20606,25993 585,611 633,678 5
S 25265,11389 540,582 637,674 3
S 24582,26150 548,579 642,670 1
S 282070,25705 562,607 645,666 2
S 24377,22991 559,574 638,673 3
S 25201,20623 548,570 634,678 1
S 24097,11926 564,580 636,675 3
S 24095,24328 559,584 638,673 5
S 21014,11928 582,601 641,670 4
S 24569,25623 554,575 633,678 1
S 20893,26186 576,606 641,670 5
S 24642,24209 551,574 634,678 1
S 25786,21429 540,555 639,673 1
S 25181,279534 540,576 647,665 1
S 21013,25988 574,609 645,667 5
S 24582,20696 550,578 636,675 5
S 25483,24665 540,554 638,673 3
S 20761,21391 575,616 642,670 2
S 25621,9054 540,555 645,666 5
S 24099,23002 554,589 648,663 1
S 24097,25200 559,584 634,677 5
S 25776,20774 540,552 647,665 4
S 25766,25200 540,563 564,569 5
S 25777,20654 540,551 577,622 1
S 24569,20697 552,578 640,671 1
S 11978,25374 580,605 636,676 1
S 25788,24239 540,563 636,676 4
S 21585,25203 564,601 639,672 5
S 279551,24362 547,566 636,675 1
S 20697,11547 586,609 641,671 4
S 26186,23001 540,569 645,667 3
S 25766,11978 540,555 573,613 3
S 24268,20696 551,587 588,614 1
S 25775,21428 540,557 640,671 1
S 25388,22960 542,569 570,597 1
S 25724,11389 540,558 635,677 2
S 25483,11926 540,558 638,673 1
S 20757,11958 576,615 636,676 4
S 21015,11956 581,603 633,678 1
S 24541,11955 554,575 647,665 4
S 22875,279551 560,602 639,672 1