D 6269
C 10
S 8910,40642 540,562 613,658 5
S 21819,22140 545,578 619,653 1
S 21340,27776 544,573 617,655 4
S 11999,22015 540,568 618,654 3
S 9026,49011 540,557 626,646 4
S 22924,26718 557,575 615,657 2
S 12112,22796 540,560 561,578 1
S 21007,28027 547,566 567,591 4
S 26606,21146 554,584 623,648 4
S 48964,12112 565,609 623,649 4
S 28027,21089 556,596 618,653 1
S 21277,279174 540,567 617,654 1
S 28072,48749 561,582 627,645 2
S 11991,20785 540,558 617,654 5
S 28039,29418 557,589 624,648 4
S 48978,40857 575,605 619,652 1
S 49146,6268 579,600 621,650 2
S 21340,48748 540,578 625,646 3
S 26600,12090 554,586 620,651 1
S 21017,26605 540,574 575,581 2
S 9033,26610 540,566 567,586 2
S 20991,28296 548,568 616,656 4
S 20990,20782 540,576 617,655 5
S 26631,279173 550,581 628,643 2
S 21818,21069 550,571 620,652 1
S 49090,49010 574,603 614,657 2
S 26611,26424 554,581 582,599 4
S 12094,21749 540,559 560,580 4
S 21293,26717 540,569 620,652 1
S 20738,47694 540,566 615,656 5
S 26614,22702 559,574 628,644 1
S 21329,28073 542,570 571,581 1
S 28027,21257 568,584 622,649 3
S 47512,20764 571,594 616,656 4
S 26596,27010 554,587 620,652 5
S 20738,21340 540,557 558,580 2
S 21293,27162 540,568 624,648 4
S 48968,29397 579,594 623,648 3
S 47514,47664 574,589 614,658 4
S 28035,48992 556,593 594,613 3
S 20739,28304 540,560 620,652 2
S 48820,47647 561,606 618,654 3
S 26628,20782 555,576 619,652 2
S 40934,47669 562,599 625,646 4
S 49079,279176 583,602 614,657 3
S 28067,29245 552,593 618,654 1
S 49046,29421 578,607 624,647 3
S 21770,47665 552,568 621,650 5
S 11978,48799 540,572 621,650 2
S 28035,48744 566,582 627,645 3
S 279120,48994 560,589 590,600 2
S 48865,279173 569,598 616,656 1
S 26424,21247 567,589 619,652 1
S 21288,40858 540,571 621,651 3
S 12094,49090 540,559 567,609 4
S 48992,12091 574,607 622,650 5
S 21770,22702 542,577 625,647 5
S 49078,21073 584,601 622,650 5
S 21017,48820 540,568 569,604 5
S 20996,12095 547,566 627,645 4