D 270192
C 10
S 91090,141057 542,576 577,579 5
S 141142,140932 562,583 584,620 3
S 78713,140964 540,568 590,613 2
S 141143,140939 558,587 591,613 4
S 71180,131133 540,554 589,614 2
S 89248,91022 546,567 586,617 5
S 86928,131219 545,562 563,574 2
S 131194,89519 550,582 589,615 2
S 89519,140919 540,578 585,619 4
S 89478,73214 546,568 582,622 4
S 131124,131386 546,586 587,617 2
S 86873,118834 540,572 586,618 3
S 91006,141677 550,568 569,596 1
S 71162,74566 540,549 583,620 3
S 270055,71409 540,551 594,610 5
S 149743,89520 555,591 593,610 1
S 255704,71091 560,587 588,621 5
S 130461,89478 550,574 580,624 1
S 130460,71341 547,579 589,615 1
S 132296,130459 555,580 586,617 3
S 270044,86944 540,557 588,616 2
S 89479,71079 540,574 579,624 3
S 118861,140964 543,582 590,614 4
S 131192,140933 550,584 585,619 4
S 141146,73283 561,584 585,624 5
S 141117,79090 550,593 594,615 4
S 79032,141059 540,571 572,581 5
S 141676,79231 565,583 584,623 4
S 86873,131383 540,567 593,611 3
S 118845,138710 540,584 592,612 1
S 71187,89489 540,563 564,567 4
S 131099,71201 548,583 584,624 3
S 270044,89490 540,560 586,617 4
S 131218,137683 559,575 579,624 1
S 71112,131120 540,553 555,578 1
S 86928,267224 544,562 582,621 2
S 118845,79086 550,572 589,615 1
S 149744,73277 552,595 596,609 4
S 270057,130529 540,565 566,572 1
S 270044,71339 540,559 588,615 3
S 71111,141021 540,558 559,588 2
S 141022,118862 551,589 590,618 1
S 270046,137806 540,563 564,589 5
S 130459,140918 547,579 580,623 2
S 267543,255705 540,569 570,584 4
S 86947,140962 543,564 592,611 2
S 131098,71387 551,580 588,615 3
S 130530,130884 554,572 583,620 3
S 78727,130558 541,558 588,616 4
S 141058,137788 561,581 588,616 1
S 131120,71427 550,582 587,616 1
S 71566,91005 540,565 566,578 3
S 141059,78753 558,584 585,621 3
S 91021,89477 549,569 585,619 3
S 141021,138711 558,582 583,623 4
S 86873,78743 540,564 594,609 5
S 79220,88907 540,574 585,619 5
S 87121,137810 542,567 568,585 5
S 71174,73216 540,551 583,620 1
S 89018,140920 545,567 589,615 3