D 240856
C 8
S 211383,142815 540,559 560,577 4
S 211468,115506 540,563 603,626 4
S 184565,184566 540,566 607,622 5
S 143435,176700 545,585 607,622 5
S 209711,135556 540,556 557,590 5
S 211385,165424 540,558 598,632 5
S 209640,135521 540,559 594,635 1
S 177210,143383 542,569 570,578 2
S 115549,142580 568,584 605,625 1
S 165446,209642 550,572 596,633 5
S 137056,211363 550,588 602,628 4
S 135555,171438 560,584 593,636 1
S 143384,115882 552,578 579,591 4
S 143437,184569 548,580 595,634 3
S 209455,165434 540,562 563,576 2
S 211375,115881 540,557 607,622 3
S 149091,115531 547,581 595,634 5
S 135767,177291 552,590 601,628 2
S 143436,165450 551,578 597,632 3
S 143436,114543 545,585 604,626 2
S 133558,171339 560,590 594,635 1
S 135520,137092 558,589 603,626 4
S 209640,171339 540,556 557,580 4
S 149087,142811 549,578 600,629 2
S 135833,171666 559,581 595,634 5
S 135525,190984 564,583 594,636 2
S 180968,165448 540,567 592,637 5
S 135766,262170 558,584 594,635 3
S 211476,115534 540,552 601,628 4
S 115504,114544 563,592 598,631 4
S 257796,135525 550,584 602,627 1
S 115539,142797 557,597 598,637 2
S 209712,135521 540,552 606,624 5
S 171438,114541 552,568 569,594 4
S 211478,143435 540,551 552,580 3
S 176707,209643 540,579 603,627 3
S 181102,211365 540,571 596,633 2
S 211473,211468 540,563 602,627 1
S 135555,211383 553,591 594,635 2
S 209454,135768 540,557 593,636 2
S 165449,177209 547,576 596,634 1
S 133560,135767 561,589 605,625 3
S 177325,135833 546,561 599,631 2
S 176715,195145 549,565 592,637 1
S 184571,136045 540,565 566,579 3
S 143436,133560 553,576 598,632 5
S 115549,135766 558,595 602,627 1
S 181111,133559 540,571 596,634 2
S 136045,165428 556,581 595,635 2
S 143438,135834 549,579 605,625 1
S 171666,135770 551,567 568,582 1
S 143435,209711 547,582 602,628 1
S 177362,171666 540,568 594,635 4
S 135539,142593 551,596 602,628 4
S 194823,177133 540,563 596,633 3
S 181111,177132 540,565 603,627 3
S 171391,115506 548,572 573,600 5
S 137055,209456 558,579 600,629 1
S 211467,115503 540,563 567,588 5
S 137055,184565 557,579 595,634 3