D 236841
C 10
S 223988,171879 540,557 625,644 1
S 172349,172363 566,589 627,643 2
S 171831,215657 577,592 616,653 1
S 172444,224157 560,599 616,654 5
S 172445,211927 560,598 623,647 2
S 211871,148800 549,569 573,596 4
S 211800,171830 540,580 581,595 5
S 185106,223904 560,581 624,645 1
S 185149,171830 545,590 591,594 1
S 224048,223366 540,560 622,647 5
S 172446,226108 557,602 625,645 4
S 172444,143757 558,602 603,609 1
S 176557,194910 554,597 624,646 5
S 227767,216551 540,554 626,643 3
S 176949,172083 565,582 624,645 4
S 223266,143756 540,563 568,611 5
S 227810,172348 540,561 619,650 5
S 143690,226103 573,601 626,643 2
S 215661,148789 541,568 614,656 3
S 211940,225927 547,568 615,654 5
S 211804,223718 546,574 616,654 1
S 223770,148781 540,566 615,655 2
S 249511,212012 557,584 617,653 2
S 194909,216489 556,574 626,643 4
S 143680,225939 576,596 617,653 4
S 215641,226065 547,562 619,650 4
S 211682,172080 548,573 574,598 2
S 143759,224140 574,606 615,654 5
S 143693,172078 578,597 613,656 2
S 224045,172449 540,563 564,599 4
S 194912,143763 546,584 585,598 2
S 143752,172351 575,602 613,657 2
S 194881,211681 556,575 620,650 1
S 211733,185150 545,578 613,656 5
S 172363,172027 573,589 616,653 2
S 148794,211687 563,608 621,649 1
S 227800,211700 540,560 561,575 1
S 172435,211801 558,603 626,643 3
S 223277,212019 540,561 623,647 5
S 148800,239585 576,594 623,646 2
S 143755,143763 577,602 620,649 3
S 185152,223320 559,574 618,651 3
S 215824,171873 540,567 617,652 1
S 185122,223905 557,581 626,644 5
S 215784,171880 540,573 622,648 4
S 227766,177002 540,557 562,583 5
S 211869,216511 548,569 619,650 4
S 194881,172444 547,585 620,650 2
S 176555,172436 564,585 617,652 3
S 172364,224115 562,599 624,645 3
S 223867,143749 540,558 568,609 5
S 143757,226099 567,612 613,657 2
S 172448,172364 559,599 614,655 3
S 176952,226064 563,586 617,652 4
S 223262,223897 540,562 626,643 1
S 223992,184950 540,565 566,586 2
S 148800,215658 568,602 616,653 4
S 143750,224067 580,598 613,657 3
S 211871,224147 552,567 622,647 3
S 223996,211680 540,557 558,579 2