D 190886
C 10
S 211714,220235 540,553 558,575 2
S 211258,221650 540,567 568,584 2
S 219585,221774 573,600 617,660 5
S 219567,194894 569,610 628,649 3
S 216968,219576 544,571 580,595 4
S 222249,221762 567,589 622,655 2
S 219742,216953 572,609 621,656 5
S 216962,222317 547,568 573,593 4
S 190882,221627 540,557 561,578 2
S 216982,211573 540,576 625,651 1
S 190882,222325 540,559 628,648 4
S 248282,220305 540,548 549,584 5
S 220134,221717 540,581 618,659 2
S 222314,211284 566,600 623,654 4
S 211258,221601 540,564 630,646 3
S 219566,216929 567,612 622,654 1
S 248282,210989 540,558 623,654 5
S 219562,221614 570,607 621,656 5
S 219569,219569 571,609 626,651 2
S 248282,216984 540,549 616,661 3
S 211255,220306 540,560 561,582 3
S 219569,219740 568,612 621,656 1
S 211745,221042 540,561 625,651 5
S 220226,221608 554,582 621,656 1
S 219563,220278 580,596 617,659 1
S 220232,220537 552,582 630,647 1
S 190884,219740 540,551 631,646 1
S 220232,211700 557,577 618,658 4
S 221717,219581 561,584 623,654 5
S 222227,221601 558,596 621,656 4
S 220255,216930 547,577 629,648 2
S 190886,240808 540,558 616,660 4
S 216969,219568 545,569 624,652 2
S 220533,219568 552,586 621,656 1
S 219741,222637 574,606 626,651 1
S 211714,216933 540,552 553,572 2
S 211249,221613 540,560 617,659 1
S 221670,211573 556,590 630,647 2
S 222321,222312 570,594 618,658 3
S 222305,220233 565,605 626,651 4
S 220279,211574 542,575 629,648 1
S 222254,222631 557,602 621,656 5
S 219582,220247 566,607 627,650 1
S 216970,221627 540,575 576,579 4
S 248282,221762 540,551 626,650 2
S 220232,222248 551,582 583,597 4
S 217067,219586 540,580 621,656 5
S 219568,222309 576,603 621,656 4
S 219566,220130 579,599 623,653 5
S 211253,219948 540,563 570,601 5
S 220131,211576 546,582 630,647 5
S 219231,220351 581,599 625,651 5
S 216981,219561 540,577 578,600 3
S 216970,222637 543,571 619,658 2
S 190886,220231 540,561 562,580 5
S 220269,211579 549,570 616,661 5
S 216578,219740 540,565 579,601 2
S 222631,210989 562,595 619,657 3
S 211287,221629 540,567 568,582 5
S 216983,220276 548,564 628,649 3