D 109173
C 11
S 76985,103940 546,573 606,650 2
S 104630,108081 541,560 616,639 2
S 75992,76610 555,584 620,636 4
S 56425,72206 555,597 607,648 5
S 108982,103940 540,552 610,645 5
S 76446,72205 546,584 618,637 1
S 75623,75928 549,592 606,649 5
S 40330,51855 560,601 607,649 5
S 104013,77156 540,571 610,645 4
S 76754,92274 549,572 608,648 4
S 103939,37374 542,563 615,640 1
S 76367,76514 548,585 614,641 4
S 76471,108069 554,572 616,640 3
S 75606,72203 553,592 620,636 2
S 104666,76365 540,559 560,577 1
S 37365,40328 570,599 615,641 3
S 109095,76974 540,556 557,572 2
S 76479,109175 547,582 617,638 4
S 104644,56427 541,558 559,596 5
S 264631,108976 544,564 607,649 4
S 76187,76499 554,581 617,638 3
S 76014,48287 558,579 580,597 5
S 109196,48264 540,550 566,594 5
S 104509,76014 541,556 557,589 5
S 109169,93048 540,552 553,576 2
S 76005,76815 548,588 606,650 2
S 76184,56366 553,583 615,640 1
S 52127,76821 563,589 611,644 2
S 92338,48285 540,579 580,591 5
S 76769,76615 547,579 620,636 4
S 76766,40409 541,584 607,648 3
S 104532,40294 541,557 572,591 4
S 40175,104539 576,592 608,647 4
S 104015,104026 540,566 612,643 4
S 107577,51939 540,569 570,590 4
S 104666,76481 540,564 565,585 3
S 104509,40293 540,563 570,592 1
S 108059,77156 540,560 615,640 2
S 48287,104016 565,594 616,640 5
S 92319,40189 540,578 579,596 4
S 76474,51938 553,576 606,650 1
S 37348,76033 566,606 610,645 3
S 264630,101595 542,565 606,649 4
S 56425,76815 559,592 606,649 4
S 48202,93039 565,596 606,650 1
S 51940,40237 564,591 614,641 3
S 76705,56356 543,579 580,594 3
S 51940,51942 560,596 608,648 5
S 101596,104509 545,563 620,636 4
S 56424,76634 554,598 609,647 5
S 40233,101629 564,601 613,642 5
S 104015,266714 542,562 615,640 4
S 93049,40327 543,570 571,601 4
S 101603,77156 540,578 618,637 3
S 48294,76033 561,597 617,638 2
S 76767,75928 551,573 608,648 4
S 108986,37365 540,552 576,593 2
S 104643,56359 540,562 565,582 4
S 104017,76815 540,566 612,644 1
S 109174,52126 540,563 609,647 1