D 273649
C 12
S 106978,143936 560,578 619,648 4
S 108784,104861 559,590 625,643 4
S 108774,109340 551,596 615,652 5
S 107273,99197 560,580 625,642 5
S 98551,95237 540,567 625,643 4
S 53483,144740 540,560 569,593 1
S 143943,54748 576,598 620,647 2
S 53478,114224 540,559 570,590 3
S 105090,53683 548,581 624,643 3
S 54752,107410 540,558 615,652 1
S 100939,53438 545,581 624,643 4
S 54744,105159 540,567 568,579 3
S 53639,107274 540,567 568,587 1
S 98557,104804 540,566 615,653 1
S 105088,98672 555,576 623,645 3
S 100933,53640 555,571 619,649 1
S 100939,100383 549,577 612,656 5
S 98669,53683 540,575 611,656 2
S 108591,98720 557,584 620,647 1
S 109589,136754 566,586 616,652 2
S 143970,273645 572,600 616,651 3
S 100406,136754 541,573 613,655 5
S 114169,54743 560,598 614,653 1
S 265392,107430 540,564 624,644 3
S 100951,114301 552,575 612,656 2
S 107060,109250 556,583 622,646 2
S 98707,109298 540,575 624,643 4
S 114237,98601 561,601 614,653 4
S 54762,100491 540,562 563,573 5
S 98709,108433 540,574 623,644 3
S 114222,104813 562,597 625,642 5
S 100578,98668 544,577 621,647 4
S 54762,136650 540,562 620,648 5
S 143992,104946 570,596 612,655 2
S 143979,108915 567,603 621,647 1
S 144740,53485 566,596 623,644 1
S 144756,53639 563,601 612,656 5
S 106937,136754 553,584 611,656 2
S 107271,104940 554,587 620,648 4
S 273646,136702 540,559 622,645 5
S 256730,98566 575,600 617,650 2
S 95239,107448 540,556 622,646 2
S 109481,95159 567,583 626,641 5
S 98699,144756 540,575 576,589 4
S 54744,95148 540,555 616,651 5
S 98557,53639 540,567 620,648 1
S 105184,108914 547,587 615,653 5
S 100630,109337 541,582 623,644 3
S 108617,108917 553,592 612,655 5
S 114171,107380 558,599 621,646 1
S 143991,99174 574,593 626,641 5
S 143982,98539 575,595 614,653 2
S 54753,109589 540,567 568,594 2
S 100919,109337 549,576 620,647 3
S 109480,100382 559,592 615,653 5
S 108616,143939 558,588 621,647 3
S 100574,114303 551,568 621,646 3
S 98610,108918 540,573 625,642 1
S 100492,107446 550,568 626,641 2
S 114062,107446 570,587 613,655 3