D 166263
C 8
S 71273,118863 566,591 615,651 4
S 87821,91448 550,590 615,652 2
S 62435,39464 563,601 611,656 1
S 61477,71228 577,593 624,643 1
S 138554,62426 540,566 567,601 5
S 87655,39972 555,585 586,598 4
S 61548,138684 562,605 621,646 1
S 116471,130738 551,571 623,643 2
S 116969,61456 547,567 623,644 3
S 116817,71522 549,569 613,654 3
S 39487,270178 579,599 611,655 3
S 39487,61547 578,600 615,651 5
S 73170,86906 558,592 624,643 3
S 138052,132290 540,557 612,654 3
S 118321,39420 544,564 611,655 1
S 116950,132291 540,575 617,649 3
S 116466,40088 548,572 622,645 4
S 116887,270178 551,567 612,655 2
S 56801,88907 578,595 622,645 5
S 138553,73158 540,557 562,591 3
S 117481,73214 540,577 618,649 2
S 154638,131193 540,556 613,653 4
S 73244,39487 566,583 584,606 5
S 91795,73258 554,573 574,588 5
S 166261,118282 540,555 556,566 1
S 71228,88956 562,598 620,646 5
S 71069,73279 563,598 615,651 5
S 78728,87610 557,588 615,651 4
S 135074,61475 540,569 618,649 2
S 141754,39456 540,562 612,655 4
S 135077,267224 540,561 624,642 2
S 71058,61631 564,598 621,646 3
S 79040,79097 554,591 618,648 1
S 79053,71054 555,588 616,651 5
S 165824,39416 540,555 584,599 1
S 134729,62433 540,565 619,648 2
S 116466,74571 546,574 624,643 5
S 134729,62436 540,573 574,598 5
S 91729,71230 550,577 578,595 2
S 117483,79087 542,569 614,652 5
S 91719,61461 553,576 577,595 5
S 71229,61476 572,587 619,647 1
S 116966,71056 540,579 619,647 4
S 116473,71430 543,579 580,598 4
S 154714,118321 540,557 558,577 2
S 118327,267543 540,571 625,642 3
S 39464,130541 582,598 611,656 1
S 149618,118862 540,567 613,654 1
S 88336,39487 543,587 588,611 3
S 73166,71216 560,591 613,653 5
S 138551,91006 540,566 624,642 2
S 91719,91103 546,583 621,646 1
S 71409,61631 559,596 619,648 2
S 116485,137809 553,569 619,647 2
S 87820,89479 559,579 612,654 2
S 71058,141696 570,593 621,646 2
S 71428,40028 559,594 618,648 1
S 165868,78752 540,559 622,645 2
S 39476,89247 578,601 612,654 3
S 78713,62425 556,590 626,641 3