D 101786
C 11
S 129385,132110 556,579 593,626 4
S 117521,140421 540,574 575,594 5
S 116516,129101 545,562 563,590 3
S 116065,131763 540,573 574,583 5
S 92081,132112 540,551 598,621 3
S 101787,130698 540,547 548,587 1
S 131757,130966 564,583 599,619 5
S 130751,131613 555,570 599,620 5
S 140375,116120 558,595 596,626 1
S 131514,101851 558,585 592,627 2
S 118727,118337 544,577 594,625 4
S 103173,129320 540,563 595,624 3
S 101788,129321 540,556 561,577 1
S 262111,130956 540,573 574,584 3
S 102595,118710 540,567 587,632 1
S 101787,117672 540,554 555,566 5
S 131505,129308 560,580 596,623 2
S 140420,132108 558,596 597,622 2
S 102606,130957 540,565 590,628 2
S 132113,118464 558,592 593,630 1
S 102680,101833 540,558 591,627 4
S 140415,102562 562,592 595,624 4
S 130947,130757 553,576 597,621 4
S 130760,117482 541,580 590,629 1
S 117637,118727 540,574 599,619 3
S 262112,131658 540,572 573,580 5
S 131111,130922 548,579 590,628 2
S 129099,131503 549,586 591,627 4
S 116065,117493 540,567 588,631 5
S 92191,130699 540,565 566,577 3
S 258648,129273 546,581 593,625 4
S 262094,139089 540,570 588,631 4
S 257292,102563 558,596 597,627 5
S 132111,102560 553,596 597,624 4
S 131614,101834 553,591 600,618 3
S 118710,131515 540,582 587,632 2
S 131082,103468 555,573 588,630 3
S 102563,116967 540,563 590,629 5
S 131509,116116 550,591 593,626 3
S 118480,118282 543,575 588,630 4
S 92098,117521 540,553 554,575 2
S 140372,117481 558,594 600,619 5
S 130954,118574 543,587 598,620 1
S 130957,116969 546,584 588,631 2
S 92212,101831 540,562 589,629 4
S 117639,131658 541,568 587,632 5
S 132113,101853 555,595 597,622 1
S 130956,118295 557,573 589,629 2
S 116504,131513 543,563 593,626 1
S 103171,139089 540,560 563,588 2
S 103386,139088 540,565 566,592 3
S 92213,131616 540,564 592,627 1
S 140417,116121 561,592 600,618 2
S 118464,130915 540,578 592,626 4
S 103167,131501 540,569 570,587 3
S 102680,118469 540,560 594,624 1
S 101856,131503 540,557 558,585 5
S 131763,129306 564,583 597,622 4
S 118370,118181 544,570 589,630 4
S 129100,132109 545,590 591,632 3