D 104848
C 12
S 103679,107844 550,573 612,643 4
S 103963,107671 540,565 605,650 3
S 104845,135073 540,556 611,645 3
S 104844,114953 540,555 611,645 3
S 116020,132983 546,587 605,650 4
S 104844,265040 540,557 619,637 5
S 132962,115798 560,589 619,636 2
S 117430,117242 556,585 617,638 5
S 103969,104145 540,566 613,643 4
S 101599,117430 548,563 564,583 5
S 137911,135068 564,603 608,647 5
S 116017,140990 550,582 583,602 5
S 103781,107754 556,573 619,637 4
S 132949,115346 559,588 606,650 1
S 134802,104202 569,584 611,644 1
S 101454,115278 540,570 617,638 5
S 102016,140993 549,566 572,599 3
S 101582,137590 541,564 606,650 2
S 101118,137536 540,549 558,603 3
S 101373,104555 540,569 613,642 1
S 101337,104200 540,563 618,637 5
S 104844,114835 540,552 617,639 4
S 132945,261989 558,588 616,640 5
S 103963,116354 540,566 567,581 3
S 135074,264422 567,590 614,641 5
S 103698,107701 552,574 616,639 4
S 103966,115350 540,567 609,646 1
S 101570,114861 544,564 617,639 1
S 101989,104200 552,567 611,644 2
S 117102,107862 549,590 620,636 4
S 134615,115001 567,584 606,649 4
S 138686,115346 577,592 612,643 4
S 117103,137588 562,577 610,645 4
S 137907,107622 573,594 616,640 5
S 115751,114550 553,578 619,636 5
S 134802,132914 563,590 609,646 5
S 102259,134820 548,572 614,641 5
S 135073,101355 565,594 607,648 1
S 135056,265022 567,589 615,641 3
S 101114,117414 540,563 610,646 4
S 116020,115989 551,582 610,646 1
S 101657,107759 540,575 613,642 4
S 257693,104539 568,598 608,648 2
S 101588,115751 540,568 569,581 5
S 137898,135068 562,604 611,645 3
S 103641,132962 550,572 573,586 3
S 101115,132840 540,561 562,595 2
S 103548,114550 556,575 606,650 5
S 135050,137590 564,592 608,647 5
S 103700,137897 547,578 579,596 4
S 138689,137905 570,600 612,644 1
S 117262,137535 550,590 591,593 4
S 101599,114659 540,571 612,643 2
S 101455,117153 540,561 562,591 4
S 132624,137925 552,591 619,637 2
S 134922,101165 561,593 610,646 2
S 101132,103576 540,554 555,577 1
S 101123,117264 540,550 551,589 5
S 140990,101418 573,597 606,649 5
S 137897,137584 573,593 606,650 1