D 163445
C 12
S 170775,167568 553,576 589,615 4
S 167786,156799 540,581 582,622 3
S 170099,167503 540,566 591,612 1
S 163428,167820 540,561 562,578 4
S 167603,180514 540,578 579,587 2
S 252462,170836 540,560 589,614 1
S 156802,170270 540,558 579,624 2
S 180519,252532 557,584 585,624 5
S 180338,170128 558,581 584,620 1
S 163426,170786 540,562 587,617 2
S 167518,253588 543,558 594,610 2
S 169830,167600 551,575 582,622 2
S 167963,170934 540,577 584,620 5
S 169878,167818 550,574 590,614 5
S 170918,170921 548,586 591,612 1
S 156807,167949 540,550 551,580 3
S 252460,170938 540,570 594,609 5
S 170787,167801 544,585 587,617 4
S 170221,170409 540,569 592,612 5
S 167567,169648 540,570 571,590 3
S 167579,180502 544,566 579,624 2
S 163427,167571 540,558 581,622 3
S 170221,167796 540,559 585,618 4
S 167787,170265 542,578 583,621 1
S 156806,253595 540,552 587,616 2
S 169649,253654 550,586 593,611 4
S 167492,180438 540,560 561,591 1
S 169649,252532 553,582 594,609 5
S 167605,170774 540,576 587,616 3
S 167953,163442 546,570 584,620 4
S 170832,156803 554,577 581,622 1
S 163423,167788 540,559 579,624 5
S 170129,170786 540,571 585,619 2
S 170126,170831 544,561 588,615 3
S 167605,167600 540,579 586,618 2
S 170835,169825 550,580 590,613 4
S 180338,253593 562,577 586,617 4
S 170127,167503 540,568 586,617 5
S 167816,163639 540,579 594,609 3
S 170255,170834 540,567 568,585 4
S 169830,180434 550,576 586,617 4
S 163436,167507 540,554 585,618 1
S 156800,170812 540,559 589,614 3
S 163447,170775 540,558 559,573 3
S 167578,169830 542,569 591,612 3
S 170268,253593 540,565 590,613 1
S 170283,252531 540,564 587,616 3
S 170254,167798 540,559 582,621 1
S 169826,170212 541,584 587,616 4
S 163425,167517 540,556 582,622 5
S 167458,170811 542,558 587,616 3
S 167798,252460 540,580 589,615 1
S 252532,163639 540,583 584,622 2
S 168020,170212 547,574 582,622 3
S 163426,170933 540,555 559,575 1
S 167519,167517 540,566 589,615 5
S 170769,169831 551,577 590,613 1
S 180510,170770 559,583 586,618 2
S 167518,170269 540,568 585,619 4
S 170340,169651 540,569 591,612 4