D 156302
C 11
S 183150,170812 557,575 627,649 5
S 195176,169785 568,591 619,657 3
S 170539,252872 540,570 620,655 2
S 181954,180723 540,582 619,657 3
S 170127,249654 541,565 566,591 2
S 211029,184300 564,604 626,650 5
S 184063,209813 562,581 582,599 1
S 211028,181453 566,602 627,648 5
S 184171,252872 557,589 625,650 2
S 180014,211226 547,571 572,607 5
S 249653,194810 555,586 628,648 1
S 183140,184478 556,575 627,648 4
S 156321,156197 540,554 617,659 2
S 191169,184493 560,589 621,654 1
S 181929,170770 541,582 629,646 3
S 211027,164182 562,607 620,656 4
S 183855,194734 551,584 585,597 4
S 170092,216577 540,570 623,653 2
S 194587,169823 567,588 629,647 1
S 156301,180190 540,560 561,576 3
S 209566,181589 569,594 628,648 5
S 181904,194733 541,585 586,600 5
S 170550,211385 540,574 625,651 3
S 184171,211380 558,588 622,653 2
S 183943,252390 560,583 628,647 2
S 191139,180793 565,582 616,660 2
S 211246,169819 573,610 620,655 2
S 183857,181453 558,577 624,652 3
S 211243,156305 572,604 628,647 2
S 194596,252872 560,595 619,656 3
S 211238,170919 576,596 623,652 3
S 181898,211386 545,583 620,656 5
S 183697,156309 548,584 621,654 4
S 240907,250149 571,603 618,658 5
S 163945,180812 540,568 625,650 5
S 183850,156238 560,576 627,649 5
S 194597,166712 556,598 625,651 2
S 249623,194788 559,585 625,651 3
S 170092,156395 540,568 623,653 1
S 209601,211564 563,602 623,652 3
S 194428,181589 562,589 616,660 4
S 178082,155994 549,566 621,654 1
S 181925,164185 541,582 617,658 1
S 181954,216602 543,578 617,659 1
S 156321,211071 540,561 574,598 5
S 183851,170769 547,590 628,648 1
S 170548,209643 540,573 627,648 1
S 181953,183944 546,574 575,592 2
S 163925,184483 540,562 622,653 4
S 180022,184223 546,570 629,646 3
S 249638,194792 552,590 617,658 5
S 183849,156106 549,589 617,658 2
S 163951,180741 540,557 618,657 3
S 183854,211362 553,582 618,658 5
S 170091,253407 545,562 619,657 4
S 184062,170886 561,583 620,655 4
S 156301,180794 540,552 623,652 3
S 191165,209644 553,597 616,659 4
S 209783,169795 565,601 629,647 1
S 170547,170831 548,563 624,652 2