D 120730
C 12
S 270253,61377 545,589 593,625 3
S 90218,90668 542,566 596,622 2
S 90527,79332 540,561 587,631 5
S 73528,70592 552,578 588,631 3
S 90197,74441 540,575 595,624 4
S 90205,62691 540,570 571,585 2
S 129933,86739 540,557 600,619 4
S 62698,259018 562,577 597,622 1
S 85736,259020 547,574 596,623 4
S 121038,120708 540,560 595,623 3
S 74177,89093 555,570 599,620 1
S 261433,87318 540,560 561,572 5
S 62656,91303 561,583 599,619 2
S 129633,39919 540,569 593,626 3
S 120628,70958 540,553 600,619 4
S 62691,74439 552,589 597,621 5
S 70551,73455 558,578 599,620 5
S 62706,74518 550,589 599,620 5
S 129932,78948 540,566 589,629 1
S 73529,129750 558,573 589,629 1
S 129933,39516 540,561 562,592 4
S 70797,73989 557,577 601,617 5
S 39917,70713 565,585 592,627 1
S 90400,90616 542,563 587,632 5
S 89692,56880 549,564 591,627 5
S 120963,120712 540,555 592,626 2
S 85730,89636 541,580 592,626 5
S 74264,90673 549,576 598,621 1
S 74265,56879 545,578 600,619 2
S 119136,74439 540,567 587,631 3
S 62699,87202 559,582 587,632 5
S 85730,56875 540,582 583,593 3
S 62698,62649 562,578 597,622 1
S 62690,74416 549,592 593,627 4
S 90427,118968 540,566 598,620 2
S 89694,89635 540,573 589,630 4
S 70796,90614 556,577 594,625 1
S 261433,89635 540,552 602,617 5
S 120965,89722 540,555 556,567 2
S 74264,73990 541,583 591,627 2
S 90184,73470 542,568 598,621 5
S 39519,73917 561,594 595,629 1
S 120629,70797 540,561 562,588 3
S 129750,129932 540,557 600,618 5
S 120988,259021 540,560 598,620 3
S 90262,56878 540,572 600,619 4
S 119138,73529 540,565 566,587 2
S 120696,90669 540,560 593,626 5
S 61382,90670 559,585 599,619 5
S 261421,61382 540,562 598,621 1
S 73527,120708 557,572 591,627 1
S 90398,62692 540,566 567,593 4
S 62655,259017 563,581 591,627 1
S 261424,87198 540,558 588,630 1
S 70826,70601 550,581 596,622 1
S 120747,120698 540,555 593,625 1
S 120988,129934 540,560 593,625 4
S 61115,118963 552,596 597,621 5
S 87320,61114 547,570 596,623 3
S 90400,70714 540,571 599,620 4