D 162983
C 11
S 150785,131577 540,571 578,616 3
S 129622,153646 548,593 594,618 5
S 129931,159943 545,590 591,619 2
S 159205,129601 540,558 586,609 5
S 150630,159364 540,565 578,616 5
S 159784,121069 540,555 556,576 4
S 159362,150576 540,563 576,619 5
S 159890,131553 540,556 590,605 4
S 150274,150578 541,571 582,612 4
S 140332,159786 540,575 577,617 5
S 132085,131576 542,584 590,605 4
S 153715,140332 540,570 580,614 1
S 159157,255080 540,558 586,609 5
S 162950,150317 540,561 562,566 4
S 150574,258604 540,569 570,576 2
S 150487,140396 540,573 587,608 5
S 120696,150275 545,589 590,612 4
S 159147,140391 540,557 578,617 5
S 159246,128891 540,567 568,574 1
S 129599,129601 553,585 586,609 3
S 132083,140367 554,571 584,610 5
S 153698,140332 541,560 577,618 2
S 159357,121076 540,555 556,579 2
S 129623,162982 558,581 585,609 4
S 129599,140332 554,585 589,606 2
S 150273,153698 540,577 588,607 3
S 139087,159193 542,580 584,610 3
S 150577,129608 540,575 576,618 2
S 150099,121079 551,567 580,614 1
S 132108,159193 541,582 590,605 4
S 139095,150475 553,569 585,609 4
S 128891,159028 547,582 583,612 1
S 153718,121075 540,572 573,579 1
S 129597,150107 550,589 590,615 4
S 159893,140337 540,563 564,573 3
S 120628,120696 557,576 580,614 2
S 129930,150469 558,578 579,615 5
S 140389,153640 545,575 586,608 1
S 129602,131668 559,580 581,620 4
S 132110,159205 541,583 585,610 1
S 120707,255072 547,585 586,610 2
S 129926,129928 548,587 588,613 2
S 139093,129750 550,573 584,611 4
S 159193,150286 540,562 578,616 1
S 150447,140333 545,562 589,606 3
S 159209,159785 540,559 577,617 1
S 150285,162998 549,564 585,609 1
S 131733,162953 547,579 589,606 3
S 150275,129599 542,570 571,585 3
S 140390,131556 545,575 578,616 2
S 129598,153728 552,587 588,607 4
S 150575,129933 540,575 576,579 4
S 131571,153723 547,580 581,619 1
S 129934,153720 559,575 576,620 1
S 153714,153700 540,563 584,611 4
S 156892,132109 540,564 587,608 4
S 150285,150577 541,571 583,612 1
S 150449,132111 542,565 580,615 4
S 150577,159204 540,573 578,617 2
S 139094,159189 543,579 584,611 5