D 190821
C 9
S 143029,114904 555,579 606,636 1
S 114872,190251 569,586 611,632 3
S 185025,115596 541,565 602,641 1
S 172443,190150 542,576 600,642 1
S 264638,172197 560,602 607,635 3
S 176989,177004 540,570 608,634 5
S 114851,176615 569,586 609,634 4
S 115228,148855 555,596 603,640 2
S 190156,133667 540,565 600,643 4
S 171831,103896 548,576 577,595 4
S 136439,136440 548,592 604,638 3
S 136949,115451 558,578 607,635 4
S 103878,133671 570,594 605,637 1
S 103896,103885 569,593 606,637 1
S 172082,133677 547,575 608,635 3
S 185053,190501 540,572 604,639 3
S 185046,115088 540,568 611,632 4
S 190853,176613 540,556 604,639 5
S 133908,172133 550,592 605,637 2
S 190236,114839 540,560 606,636 4
S 172435,136945 540,580 614,629 3
S 133906,190427 551,591 610,632 2
S 190246,177004 540,559 603,640 5
S 190593,114902 540,563 564,597 4
S 107833,190504 559,599 602,640 4
S 143686,103885 551,579 580,602 5
S 172449,190811 540,580 607,636 2
S 190156,107843 540,562 602,641 2
S 172448,172195 548,568 602,640 3
S 185046,103860 540,564 611,632 3
S 115596,133905 552,597 599,643 3
S 185024,172324 540,568 612,631 2
S 133676,114904 561,584 611,632 3
S 103896,148855 563,600 606,637 1
S 172448,148864 543,572 605,638 2
S 172120,143034 540,582 611,631 2
S 190857,176564 540,556 557,578 5
S 190479,172403 540,562 563,579 3
S 190236,133909 540,558 564,579 5
S 190817,136946 540,551 552,586 3
S 190452,115230 540,561 614,629 1
S 103880,103860 573,591 603,640 3
S 136946,133915 550,586 599,644 2
S 103860,190673 572,589 610,633 4
S 172124,143085 549,572 611,632 1
S 190819,172125 540,549 550,575 4
S 172121,115229 551,570 571,587 1
S 190453,115228 540,557 558,597 4
S 115451,185050 554,595 611,631 3
S 136944,103880 560,578 607,636 5
S 136443,136509 555,586 608,635 1
S 143686,114838 548,582 583,601 3
S 133668,190811 559,588 607,635 2
S 172436,114842 545,572 573,597 1
S 190490,133906 540,551 603,640 2
S 249537,136508 541,561 605,637 1
S 114840,148847 560,596 612,630 4
S 143050,133913 555,577 600,642 4
S 190605,114851 540,557 558,600 5
S 103885,133667 564,599 602,640 2