D 175531
C 10
S 186360,175843 540,565 618,641 5
S 165418,172536 574,591 608,651 2
S 186028,172532 540,561 619,639 1
S 175762,185851 541,567 620,639 3
S 172071,172484 564,580 615,644 4
S 172066,143488 559,587 618,640 3
S 175896,175869 547,580 621,638 3
S 175805,185816 546,571 614,644 3
S 185859,185471 540,564 619,640 3
S 186040,172529 540,560 614,645 2
S 172067,175787 564,581 615,643 4
S 172067,175764 553,591 617,642 1
S 185816,149027 540,565 610,648 4
S 185838,172066 543,561 562,589 5
S 171729,149025 557,598 612,647 4
S 186032,176288 540,564 608,650 3
S 186034,175775 540,552 619,639 4
S 165301,186360 565,601 622,637 1
S 175786,172100 546,568 569,591 1
S 185893,148954 540,556 618,640 1
S 253248,143445 572,600 619,639 3
S 172507,149097 551,586 618,640 3
S 149069,172530 560,601 610,648 4
S 186033,175843 540,552 620,639 5
S 185836,175901 543,560 561,581 5
S 171989,172064 557,579 610,648 2
S 172505,165426 558,577 578,599 5
S 171732,172537 560,597 618,641 1
S 172545,175786 551,582 622,637 1
S 149083,175896 567,597 614,645 2
S 172102,143348 548,592 616,642 1
S 185858,165302 540,569 570,604 4
S 185892,172408 540,557 558,586 1
S 175771,149067 546,566 567,598 5
S 185880,186037 540,568 614,644 2
S 175873,172531 546,580 617,642 4
S 176288,172068 547,575 576,583 2
S 172407,172537 562,579 616,642 1
S 172544,253253 552,580 581,593 2
S 175764,171722 540,571 572,585 1
S 253251,176300 566,605 613,646 4
S 165417,175873 561,604 608,651 5
S 149081,149093 569,594 622,637 5
S 175787,252180 549,567 608,651 1
S 175766,175999 540,569 612,646 5
S 249408,149096 540,573 619,640 4
S 149081,186360 559,603 611,647 3
S 149070,185856 563,599 621,637 1
S 185815,171731 540,565 567,589 4
S 175808,143443 540,580 620,638 5
S 185837,175870 540,567 568,579 5
S 171722,185811 561,592 607,651 1
S 176294,250997 540,582 613,645 5
S 172078,175532 553,590 607,651 5
S 165276,148957 566,603 611,647 4
S 176299,175899 552,568 616,643 5
S 172542,175762 547,587 608,651 1
S 185840,143442 540,568 608,650 5
S 172117,172063 552,590 615,643 5
S 171354,165288 564,595 620,639 4