D 229901
C 11
S 219915,231873 568,595 618,643 4
S 230442,238715 540,562 574,592 5
S 230501,230380 543,565 615,647 4
S 231951,231333 551,567 614,647 1
S 229953,231115 540,563 564,581 5
S 231951,231061 552,567 609,653 5
S 229904,231056 540,552 612,649 4
S 234871,230014 544,569 623,639 4
S 222554,231511 562,592 615,647 3
S 222474,222554 570,591 613,649 3
S 219628,230512 568,601 611,650 4
S 229902,222426 540,560 611,650 2
S 222480,229945 568,592 614,647 3
S 219621,235345 579,596 621,641 4
S 230453,231049 540,568 613,648 3
S 230451,231496 540,559 612,650 5
S 230442,219630 540,560 568,600 2
S 219624,230376 573,605 622,640 2
S 222418,231113 572,592 617,644 4
S 230875,222482 552,597 614,648 5
S 230434,230511 540,567 615,647 1
S 235854,230016 540,554 613,648 1
S 232130,222478 554,578 579,589 1
S 219638,230372 578,595 617,644 1
S 222546,222622 560,596 609,652 3
S 229957,231125 540,555 556,585 5
S 229902,230876 540,558 619,642 3
S 230427,219643 540,574 575,607 4
S 222483,231062 571,588 616,645 5
S 230499,230372 546,561 618,643 2
S 222552,230375 557,597 613,648 2
S 229946,231496 540,560 621,640 1
S 229996,235352 540,563 564,581 3
S 231114,219638 549,591 592,608 3
S 229945,222542 540,551 615,647 2
S 222468,222425 568,590 618,643 4
S 230435,219638 541,562 576,597 2
S 230437,230305 540,564 611,650 2
S 235854,231951 540,553 554,568 4
S 234865,231993 540,577 614,647 4
S 222484,231178 563,596 619,643 3
S 234802,230010 540,577 618,643 3
S 234873,219616 541,573 612,650 5
S 222620,231529 565,586 612,649 3
S 238828,229908 572,598 613,649 2
S 229991,231078 540,557 558,587 4
S 219645,229952 567,609 619,643 5
S 222555,229902 569,584 618,643 4
S 229995,234875 540,568 569,573 2
S 229902,232450 540,562 563,577 1
S 232173,219618 548,584 585,596 4
S 232168,231332 551,583 614,647 3
S 230498,231089 540,570 571,586 1
S 232493,231264 555,570 622,640 1
S 222542,230302 565,591 621,640 2
S 232494,222419 553,573 621,641 3
S 219620,230376 566,610 622,639 2
S 232484,230026 542,585 617,644 1
S 230504,232450 540,572 573,581 5
S 219643,222557 574,600 610,652 5