D 158965
C 12
S 254124,153266 570,588 633,670 1
S 158968,124147 540,558 643,660 3
S 69696,81581 606,631 634,669 3
S 80201,79954 597,624 625,632 3
S 79954,156984 611,635 643,660 3
S 158125,69709 540,570 595,640 3
S 157650,124152 573,592 643,660 3
S 160490,80203 553,595 596,627 2
S 80202,80203 599,624 643,661 1
S 260409,123524 578,600 640,664 5
S 254118,153263 565,597 637,666 5
S 260380,123362 572,609 637,666 3
S 69701,79942 612,633 634,672 5
S 85190,156986 585,628 642,661 1
S 69711,124091 608,627 643,661 5
S 79943,85309 597,634 635,668 3
S 254127,124536 544,589 590,600 2
S 124536,124161 579,597 636,668 2
S 260202,79950 576,613 614,644 3
S 79939,153261 607,622 633,670 2
S 260076,80162 587,607 638,665 5
S 160376,127796 548,590 639,665 4
S 254125,79946 545,587 594,639 4
S 85189,127761 585,627 639,664 2
S 123796,80290 582,618 638,665 1
S 157070,79937 540,570 636,668 1
S 85210,127789 596,622 634,670 5
S 85210,156987 591,627 634,669 3
S 160482,153265 564,581 644,659 4
S 254101,80161 545,579 637,666 3
S 79954,81582 607,640 641,664 3
S 254126,80291 555,577 638,665 1
S 158133,81581 540,564 642,662 1
S 123810,127625 577,622 644,660 4
S 157645,124524 540,579 580,605 2
S 124570,81644 583,601 636,667 4
S 69708,81565 603,633 638,665 4
S 69707,81583 601,645 646,660 3
S 254122,260196 568,592 593,605 1
S 85193,81645 584,629 632,671 5
S 69639,127804 598,643 644,672 4
S 80008,124145 594,634 635,670 3
S 268892,153265 602,633 643,660 1
S 157645,79950 542,576 607,639 2
S 157649,85091 550,565 591,609 4
S 254497,85165 540,565 584,626 4
S 152565,80299 540,568 595,625 1
S 157649,158966 564,599 643,660 3
S 158968,85147 540,553 593,614 3
S 254102,162398 555,570 571,591 2
S 157384,69702 575,590 607,637 5
S 160378,123500 561,594 635,669 3
S 124525,79955 566,607 637,666 4
S 162405,124525 567,585 586,603 2
S 152568,127791 540,576 641,662 4
S 80204,80305 602,621 638,665 3
S 254432,79955 550,571 638,665 1
S 79950,127625 611,634 643,661 5
S 152550,124092 540,570 640,663 2
S 162397,124524 566,583 584,602 2