D 45221
C 11
S 25384,98311 555,596 625,654 3
S 41586,46783 558,598 619,661 5
S 42344,45212 570,595 621,658 1
S 276084,97280 540,580 588,629 1
S 97279,97344 591,624 625,658 5
S 45096,265431 583,602 603,633 1
S 45295,99641 569,612 613,636 4
S 26186,97344 567,586 619,661 4
S 25362,265421 553,573 628,651 4
S 46002,98318 540,554 627,652 3
S 42505,95389 567,603 604,617 4
S 53736,53731 587,623 624,659 2
S 275187,99642 569,612 613,634 1
S 45087,46785 540,552 589,605 5
S 42512,24989 544,561 562,582 4
S 95384,53422 596,620 627,652 2
S 25418,273552 560,593 594,621 2
S 25008,98351 563,580 598,629 2
S 45019,53731 582,602 603,614 5
S 98313,97348 591,636 637,657 4
S 41576,53410 540,576 621,659 2
S 25416,53314 553,570 629,650 2
S 25148,42341 564,581 582,603 4
S 43814,46782 540,564 632,647 3
S 275187,98319 569,612 613,632 1
S 265427,99597 590,631 632,662 2
S 25069,46085 543,588 620,659 3
S 25027,46783 550,583 589,607 4
S 43804,45993 541,559 582,606 1
S 45313,97357 540,569 599,619 3
S 42338,99597 561,606 632,648 2
S 24995,42191 563,578 579,604 5
S 43803,273530 540,561 581,626 3
S 43699,43728 540,568 572,600 2
S 25342,43712 558,590 591,594 3
S 25176,54654 554,594 622,658 4
S 42190,95385 569,593 598,618 2
S 98313,265431 601,626 627,660 4
S 98432,99599 597,623 624,661 3
S 24927,45097 560,578 581,605 2
S 45086,46084 576,609 625,654 1
S 45098,46787 540,556 623,657 3
S 265427,53300 594,627 631,648 1
S 25027,273526 548,586 593,616 3
S 95386,99597 594,620 626,654 4
S 42338,46072 561,605 621,658 4
S 45312,46786 540,561 587,608 5
S 99645,98351 599,633 634,653 3
S 41577,53317 545,571 579,621 3
S 45088,54668 540,554 593,619 4
S 53410,53298 589,612 631,648 5
S 25027,42061 552,582 583,594 5
S 41584,41586 540,579 580,597 5
S 43704,25373 541,562 563,589 1
S 45333,42063 540,557 571,588 4
S 42192,97347 564,598 599,625 3
S 43809,273537 572,602 603,625 1
S 43806,97358 570,606 631,648 2
S 273527,53410 587,621 624,656 1
S 42158,98312 572,588 632,648 4