D 43610
C 8
S 95834,95797 562,592 607,651 3
S 95795,46196 555,590 617,641 3
S 43845,95793 540,567 568,591 4
S 96401,54033 559,594 615,642 5
S 53831,43846 549,579 608,649 4
S 266184,266186 568,596 608,650 1
S 95901,43916 568,598 613,645 5
S 95722,43543 559,583 618,640 5
S 46660,96403 541,583 584,588 4
S 43854,46117 540,566 617,640 5
S 43909,96403 540,562 563,593 3
S 95896,43884 570,595 615,642 3
S 96400,43577 565,588 610,647 1
S 46198,43557 544,571 609,649 4
S 95528,43527 551,589 615,642 4
S 44912,46674 540,575 607,651 3
S 54033,54033 553,581 618,639 1
S 43529,46119 540,564 565,568 4
S 46614,54025 549,574 616,641 3
S 43530,96406 540,565 566,597 1
S 95835,54035 566,589 615,642 2
S 44279,44913 540,572 615,642 1
S 95896,266341 566,598 619,638 3
S 46243,95800 546,573 608,650 4
S 96405,95845 565,585 619,638 3
S 53835,95701 541,586 618,640 3
S 46667,95793 545,580 610,647 1
S 95860,46607 558,603 611,647 4
S 265812,46667 566,602 620,637 3
S 46156,43531 544,571 619,639 5
S 265816,46243 565,604 607,651 2
S 44912,95867 542,566 612,645 1
S 53841,95899 551,578 579,595 4
S 54197,95701 554,581 611,646 4
S 43912,96401 540,565 566,596 5
S 95799,266102 565,583 607,650 5
S 95896,95529 575,590 612,645 2
S 43531,43899 540,560 617,641 3
S 44906,95866 540,570 618,639 4
S 43546,54035 540,562 563,577 2
S 43886,46653 540,570 618,639 3
S 95867,95703 561,602 617,640 2
S 95707,43543 559,583 616,642 3
S 95799,265814 562,586 587,599 2
S 44913,265816 543,564 611,646 3
S 95536,53861 552,585 610,648 5
S 96413,95901 561,588 621,637 3
S 95527,96404 560,579 620,637 2
S 44224,95720 540,565 566,583 1
S 46122,95836 544,568 569,593 2
S 96404,43525 566,586 613,644 3
S 275650,43845 540,551 613,645 1
S 43550,46607 540,551 553,569 4
S 46118,95859 542,572 619,638 1
S 96399,43874 568,585 617,640 3
S 53864,95532 549,582 621,636 3
S 266341,43853 555,589 613,644 2
S 43548,46196 540,563 617,640 3
S 95899,43576 572,594 610,648 2
S 43557,43549 540,562 610,648 1