D 237062
C 10
S 190566,249240 571,594 652,692 1
S 222863,212466 540,568 573,598 1
S 212177,225919 576,599 661,683 4
S 225748,215944 540,555 655,690 1
S 190567,215543 571,593 661,684 3
S 189816,186365 575,606 607,616 4
S 190467,225933 572,587 660,684 2
S 186506,213905 605,623 657,688 1
S 186112,187079 600,618 650,695 1
S 212468,186502 565,607 608,634 2
S 189816,215553 574,607 654,690 2
S 190473,214131 562,599 656,688 1
S 186213,227845 601,623 659,686 1
S 225206,186357 540,567 657,688 2
S 187298,186206 582,613 658,687 1
S 186361,225785 592,618 662,683 1
S 209545,186034 542,585 650,695 1
S 186035,225917 589,625 651,693 4
S 209484,215537 559,579 652,692 5
S 237073,211072 540,553 554,573 5
S 186349,189705 593,619 655,690 5
S 187298,225855 585,609 653,692 2
S 222853,212184 540,570 580,596 4
S 225286,225185 540,559 652,692 2
S 187131,186198 578,617 618,627 5
S 225746,195127 540,559 560,590 2
S 186106,237885 598,620 663,682 4
S 237060,223851 540,559 663,681 4
S 225750,225927 540,552 665,680 5
S 211071,213834 542,574 658,687 2
S 187261,186039 582,605 606,622 1
S 187283,225926 584,607 653,691 3
S 187286,225116 576,615 657,687 2
S 186043,225928 587,629 659,686 3
S 237076,213072 540,558 659,685 1
S 195124,249241 549,594 661,683 1
S 195048,216411 560,589 653,692 5
S 190504,186354 576,591 592,625 5
S 186206,216420 601,624 656,689 2
S 225208,209631 540,568 569,572 3
S 209760,187080 544,579 652,692 4
S 212302,225120 574,606 650,694 5
S 190566,187370 572,593 594,612 2
S 222852,214395 540,563 660,684 3
S 212184,187364 575,602 603,615 1
S 212462,214454 567,604 652,692 3
S 186211,215554 592,631 663,682 2
S 187365,225921 590,608 660,685 3
S 237063,213058 540,550 664,681 4
S 187294,187348 577,616 654,691 2
S 212460,186031 577,593 663,682 2
S 222871,223806 540,574 657,688 3
S 209534,186043 557,575 586,630 2
S 190524,214454 570,600 650,695 3
S 195126,187364 560,583 589,608 1
S 186198,213099 602,625 662,682 1
S 211034,225787 545,573 660,684 4
S 209523,225905 556,574 656,689 4
S 211224,187371 548,567 591,609 2
S 187126,186212 589,609 610,621 4