D 15788
C 12
S 35427,32172 568,594 599,644 3
S 31542,32657 540,575 576,580 4
S 33928,32516 560,593 606,638 5
S 31481,33583 543,558 610,633 1
S 35416,34055 577,593 613,630 3
S 33928,33907 557,596 612,631 4
S 31481,32116 540,563 610,633 3
S 33934,15785 564,590 613,630 5
S 16182,32737 540,560 561,587 1
S 32671,34056 544,584 612,631 4
S 33894,31546 550,595 602,642 3
S 33971,34975 558,591 606,638 3
S 31417,33838 541,558 559,592 1
S 16180,35417 540,554 567,604 1
S 32731,16182 548,586 614,630 2
S 35419,31552 573,596 604,639 3
S 17111,33934 540,558 561,594 3
S 33571,32575 561,577 607,637 1
S 15790,33842 540,550 560,580 5
S 31481,34931 541,561 562,603 3
S 33766,33584 565,593 600,643 3
S 32671,34948 542,586 587,599 4
S 32731,31995 556,579 605,638 4
S 31967,34055 544,566 608,636 2
S 15789,32682 540,557 558,576 2
S 31482,32213 542,559 608,635 3
S 32733,31996 547,587 606,637 3
S 33895,34958 563,583 614,629 4
S 33890,31252 553,590 604,640 5
S 33941,15787 570,587 603,641 3
S 32739,33587 543,588 603,640 3
S 31583,32214 540,569 605,638 3
S 32629,33617 544,575 608,636 2
S 32590,32116 540,580 614,630 5
S 16184,34042 540,556 611,632 4
S 277946,31482 541,580 610,634 1
S 33969,31470 555,594 608,636 4
S 16183,32188 540,555 606,637 3
S 31487,31260 542,560 605,639 3
S 16183,35103 540,556 612,632 4
S 277932,35428 551,575 576,599 1
S 31251,34054 540,561 604,639 2
S 31253,33965 540,568 569,598 4
S 31967,33572 546,565 566,587 2
S 33928,31249 560,593 608,636 5
S 16180,34935 540,557 570,588 1
S 32608,31249 546,566 603,641 4
S 15788,33796 540,558 614,630 5
S 31535,32521 544,561 609,635 3
S 34947,32172 569,601 602,644 1
S 35416,33584 576,595 606,637 1
S 16184,32214 540,552 614,630 2
S 31482,33885 540,564 565,586 5
S 32649,33617 542,582 602,642 5
S 15785,33966 540,552 553,597 3
S 35426,32516 566,597 604,639 3
S 34934,31470 558,602 608,635 4
S 31580,33589 540,571 607,637 3
S 32635,33796 541,578 601,643 5
S 15785,32171 540,557 613,630 3