D 28977
C 10
S 19857,8023 547,565 621,649 5
S 14428,14247 575,600 615,654 3
S 14206,20391 565,600 620,650 1
S 28533,7782 540,573 574,600 5
S 19885,7836 540,573 574,582 4
S 13179,8019 551,575 627,643 5
S 28880,19880 540,563 618,652 2
S 14265,8074 580,599 614,655 2
S 14317,28914 565,607 622,648 5
S 14248,28576 560,605 613,656 4
S 28979,28746 540,554 625,645 5
S 28557,12564 540,561 562,587 2
S 28963,281585 540,562 563,602 2
S 8192,28720 547,589 620,649 2
S 14428,7668 569,606 623,647 5
S 14267,7765 569,609 627,643 4
S 28812,28721 540,558 615,654 5
S 12556,13163 557,576 620,650 1
S 19856,8074 547,565 619,650 1
S 13144,7646 545,582 583,587 1
S 14460,19851 580,595 622,648 3
S 28533,14163 540,570 615,655 2
S 28974,14290 540,556 567,610 5
S 14279,14247 575,602 616,653 4
S 8075,7670 549,589 622,647 5
S 28963,28923 540,559 612,657 5
S 28561,8074 540,570 620,650 5
S 28877,8191 540,564 565,576 3
S 12556,14206 551,582 619,650 5
S 14423,7838 577,597 627,642 2
S 19346,14205 551,567 622,648 1
S 8192,7643 559,576 618,652 5
S 14261,7667 576,592 625,645 2
S 7784,27467 559,596 626,643 3
S 282888,28547 567,585 625,644 2
S 8190,14282 546,591 592,605 4
S 19254,14253 542,577 625,645 5
S 7665,19846 566,586 619,651 2
S 19855,281585 545,568 616,654 3
S 8060,14163 554,587 615,655 4
S 14167,28812 570,593 626,644 3
S 19261,13977 545,578 620,650 3
S 14266,8014 572,606 620,649 1
S 14323,28547 577,599 625,645 5
S 19856,13989 544,568 619,651 4
S 28878,14242 540,554 624,645 1
S 20398,14277 544,564 581,597 4
S 13178,14460 544,581 582,610 3
S 7783,13985 555,600 619,650 1
S 28815,19885 540,566 614,656 5
S 14441,19846 580,596 617,653 2
S 13988,13989 572,587 613,657 4
S 19260,7766 540,583 624,645 3
S 28562,8083 542,559 560,591 1
S 14278,8190 569,608 618,652 4
S 28877,28878 540,563 619,651 3
S 14287,13174 567,611 615,654 2
S 28798,282852 540,558 627,643 1
S 19656,28544 547,567 613,657 5
S 14246,28534 572,595 615,655 1