D 49155
C 10
S 51684,49849 550,573 582,627 3
S 48707,49089 544,569 588,621 2
S 51019,48803 553,568 593,615 3
S 49069,51217 540,567 589,620 5
S 49148,52173 540,552 586,623 2
S 49149,56449 540,558 559,589 4
S 49923,49849 540,572 592,617 2
S 49042,52175 540,567 568,584 3
S 49847,52221 540,575 576,585 1
S 51683,72392 546,578 583,625 4
S 50519,52173 544,571 586,622 1
S 51009,72390 540,581 582,597 5
S 48983,56449 540,556 558,584 1
S 74927,52229 559,590 591,625 4
S 272819,51113 552,585 597,612 5
S 49071,51672 540,569 592,616 3
S 49009,74902 540,564 565,586 5
S 48980,72181 540,565 593,615 4
S 49052,50503 540,568 594,615 5
S 50233,50236 544,569 593,616 2
S 49919,272818 547,564 565,580 2
S 72174,50232 565,580 589,619 1
S 50230,74898 540,579 584,625 4
S 272814,49149 555,581 588,621 4
S 49068,52220 540,570 571,574 4
S 72170,56378 554,591 592,623 2
S 72392,48707 566,587 593,616 3
S 51683,74928 549,574 575,586 2
S 74902,49849 564,584 585,624 3
S 49071,52195 540,571 572,582 1
S 49078,72177 540,555 562,582 3
S 72167,72184 559,589 590,620 2
S 49915,74896 540,577 578,597 2
S 49072,48800 540,570 584,625 4
S 72358,272818 560,588 589,623 5
S 48986,52227 540,557 558,577 2
S 74927,48804 558,592 593,625 2
S 50232,50506 540,575 586,622 5
S 50233,50231 547,565 584,624 1
S 72390,48804 563,590 593,616 2
S 72176,50043 551,594 595,617 1
S 72178,51671 564,580 583,626 4
S 51682,72184 544,581 583,626 5
S 74894,74894 564,587 594,614 2
S 48969,48814 540,554 591,618 4
S 50233,74884 542,571 591,617 4
S 51689,72181 540,584 595,614 2
S 49043,49921 540,564 586,622 5
S 49920,51672 540,577 592,616 3
S 49075,52198 540,568 569,582 3
S 49043,52221 540,568 569,576 2
S 50472,52227 543,576 596,612 1
S 50240,72390 540,576 577,587 4
S 72167,72391 565,582 585,624 1
S 51674,72168 543,583 584,587 1
S 49052,56374 541,559 560,587 1
S 49012,72392 541,563 564,590 1
S 52175,50232 546,589 591,618 4
S 52210,51674 551,578 587,621 1
S 48803,52227 540,566 585,624 5