D 186212
C 12
S 190272,187280 567,583 604,633 4
S 184854,187246 572,590 601,636 3
S 186029,190034 540,568 599,638 1
S 189851,184852 552,587 604,633 3
S 186044,187296 540,556 607,629 3
S 187281,185397 542,579 580,592 1
S 248589,184975 554,575 611,626 4
S 186284,189873 540,559 560,589 5
S 184982,185061 559,598 599,638 1
S 186032,186040 540,559 599,638 4
S 186454,190029 540,557 558,595 4
S 184979,185061 567,591 598,638 1
S 249359,248588 540,553 607,629 2
S 189824,189853 551,581 609,628 4
S 190270,249170 554,597 607,629 5
S 186282,189873 540,557 558,589 2
S 186365,185271 540,566 605,631 5
S 187246,187075 552,571 610,627 4
S 186033,187101 540,558 603,633 4
S 187079,185194 540,568 600,636 1
S 187246,190157 552,571 604,633 4
S 190033,189831 556,591 604,632 2
S 185397,185093 557,587 596,640 3
S 186037,185399 540,565 566,581 3
S 187077,189849 541,564 565,578 3
S 186277,249170 540,554 555,570 3
S 186039,187244 540,561 562,578 5
S 187079,187232 544,561 599,638 4
S 185271,187297 557,595 598,639 1
S 187074,189853 540,564 565,589 3
S 190305,186349 556,594 604,632 1
S 190278,185175 551,596 597,640 2
S 184852,185096 570,592 596,640 2
S 186112,187372 540,557 599,638 1
S 187097,186216 544,564 609,627 1
S 190277,189822 558,590 596,640 3
S 185271,187071 563,590 610,627 4
S 186279,184859 540,549 573,588 4
S 189823,189822 545,586 597,640 3
S 186452,189773 540,562 563,585 2
S 187191,185173 544,578 601,635 4
S 184981,189824 565,593 600,636 2
S 186111,248598 540,555 559,574 1
S 186277,185271 540,551 602,634 3
S 184980,187291 557,601 602,639 4
S 187244,187372 546,579 596,641 1
S 248600,186116 545,587 607,629 2
S 187286,185272 549,571 598,639 3
S 186360,187297 540,561 605,631 1
S 187128,248590 540,576 602,635 1
S 189824,186035 557,574 601,636 5
S 189848,187073 548,590 600,636 4
S 187073,186034 540,573 604,633 1
S 187096,185093 540,569 606,630 5
S 186285,184988 540,558 559,596 5
S 184853,187088 561,600 606,630 2
S 187099,185271 540,576 609,627 5
S 187088,187130 540,574 596,640 3
S 185403,186097 548,593 600,636 2
S 187372,184853 541,571 572,590 5