D 142408
C 11
S 138255,137866 540,561 562,593 2
S 138199,149384 540,561 562,593 2
S 137591,137543 540,570 571,587 3
S 137330,138494 540,563 564,595 1
S 137685,137539 540,575 576,594 2
S 131427,149403 548,567 568,591 2
S 137329,131423 540,564 565,566 2
S 135051,149418 540,559 560,588 1
S 135082,138084 540,559 560,588 4
S 142300,138507 540,554 560,586 3
S 138187,149403 540,557 563,583 5
S 142401,131423 540,552 556,591 1
S 132287,138477 540,579 580,588 3
S 135074,137546 540,564 565,591 1
S 132303,137584 540,569 570,591 2
S 134927,142252 540,566 567,582 5
S 142401,137892 540,556 560,587 3
S 137889,149321 540,576 577,594 5
S 137415,138492 540,558 559,592 3
S 135097,137693 540,568 569,587 4
S 131423,137537 541,574 575,590 1
S 132296,137998 540,573 574,593 4
S 138265,149383 540,553 554,592 1
S 137392,137588 540,567 568,582 2
S 131427,142251 545,570 571,584 1
S 138339,132287 540,560 561,577 3
S 135054,149419 540,557 558,592 1
S 138340,138039 540,564 565,587 4
S 137891,137589 540,566 567,590 3
S 131420,138493 542,571 572,595 3
S 137537,142262 540,568 569,583 2
S 135068,142300 540,566 567,593 3
S 137661,137888 540,570 571,586 3
S 138255,138022 540,559 560,593 1
S 138284,132288 540,559 560,578 4
S 135067,137543 540,562 563,585 3
S 137851,149321 540,571 572,583 3
S 135056,142039 540,555 563,583 4
S 137367,137850 540,555 556,594 2
S 137889,142261 540,574 575,585 5
S 138199,137539 540,558 559,591 5
S 138198,137996 540,554 555,592 1
S 131419,138507 541,573 574,584 5
S 132287,137591 540,574 575,586 3
S 137631,137947 543,561 562,590 2
S 138270,138021 540,552 560,586 2
S 142412,137585 540,560 561,588 4
S 137852,137543 540,571 572,586 3
S 137330,149391 540,561 562,585 3
S 131424,131423 540,575 576,581 3
S 138268,132279 540,553 555,592 3
S 138199,257661 540,562 563,583 1
S 132302,137694 544,566 567,581 3
S 131424,142405 540,575 576,588 5
S 142411,137850 540,549 562,585 1
S 137941,149404 543,561 562,588 1
S 135068,138039 540,558 564,582 2
S 135055,138492 540,566 567,595 5
S 137661,149321 543,566 567,594 1
S 131426,137941 545,570 571,586 3