D 198812
C 11
S 183039,261247 548,578 579,622 5
S 183038,122425 551,577 625,664 5
S 197110,153595 542,569 627,661 2
S 166989,178888 560,594 632,656 3
S 193876,128617 540,576 577,612 1
S 197560,182049 540,566 567,591 4
S 178082,139844 552,591 592,597 4
S 122812,159077 587,609 630,659 1
S 163841,153607 565,592 626,663 3
S 123217,197804 585,600 627,662 4
S 198685,163839 540,558 569,587 3
S 139371,121771 580,598 625,664 5
S 182052,156381 553,588 589,595 1
S 156576,122458 573,589 624,664 2
S 139374,192129 576,602 627,661 5
S 247113,159077 540,555 631,657 4
S 183474,170530 551,572 573,586 2
S 123219,191647 571,615 622,666 4
S 139836,193382 570,606 635,653 1
S 197405,191587 540,572 634,654 5
S 197233,192067 540,567 634,655 3
S 170549,153414 555,590 635,653 5
S 197560,123294 540,571 627,661 2
S 122944,178787 580,611 628,661 4
S 197233,123108 545,560 581,607 5
S 183030,191613 550,581 623,665 2
S 139372,122477 581,597 630,659 1
S 163843,159076 562,595 629,660 1
S 123220,197335 583,604 634,655 3
S 198781,156575 540,553 570,593 1
S 198698,122879 540,557 578,614 5
S 123000,159983 575,614 632,657 4
S 170133,139377 566,585 586,606 1
S 183038,127987 551,576 630,659 1
S 198601,123011 540,569 576,612 3
S 123011,127977 574,614 626,662 5
S 153937,156903 573,594 634,655 1
S 163771,178891 565,593 627,661 2
S 170549,122477 565,581 630,659 3
S 198776,178905 540,551 632,657 4
S 139373,153416 571,607 635,653 2
S 170557,192067 551,594 635,654 5
S 128467,150964 576,606 631,657 5
S 121773,153620 586,616 633,656 4
S 121762,122441 586,618 636,652 2
S 170128,121772 558,592 634,654 3
S 170546,159147 562,583 636,652 5
S 170537,178901 553,594 633,656 4
S 156205,121760 561,605 606,615 3
S 182038,150958 557,579 626,662 1
S 121773,191610 579,622 624,664 3
S 121771,178772 587,612 629,659 2
S 198680,198824 540,562 637,652 3
S 193874,139841 549,565 566,608 5
S 166983,193540 555,599 626,662 3
S 193906,170131 551,568 569,593 3
S 150712,159350 565,603 628,660 3
S 122821,153573 580,616 632,656 2
S 198780,121784 540,553 580,620 5
S 128466,122712 573,609 632,656 4