D 18468
C 10
S 73919,18811 570,592 609,633 1
S 70713,30511 564,590 612,630 4
S 269130,36255 570,600 612,631 1
S 62651,18811 565,583 612,631 4
S 73479,18648 560,600 611,631 5
S 18734,73457 540,561 612,631 2
S 73470,18833 561,598 600,643 1
S 18830,36260 540,570 612,630 1
S 18751,62649 540,561 610,633 4
S 18736,70602 540,559 602,640 4
S 70712,18731 569,584 612,631 1
S 18714,61141 540,557 608,635 4
S 70710,18714 565,590 610,633 3
S 37994,70958 542,580 600,643 3
S 18460,78886 540,562 568,600 2
S 18467,36532 540,562 600,642 5
S 78943,37914 577,594 608,634 1
S 18792,38731 543,564 607,635 5
S 61089,74439 550,590 591,595 4
S 18714,18729 540,568 608,635 5
S 18711,39901 540,564 607,636 1
S 38519,78933 555,572 573,603 3
S 78931,30508 569,601 609,633 3
S 35996,18716 547,572 609,634 2
S 74438,73478 571,594 603,639 4
S 18737,61091 540,551 601,641 1
S 35995,70708 540,581 603,640 2
S 38806,78936 545,584 600,642 1
S 18793,18733 543,563 614,629 5
S 18743,61142 540,554 557,587 4
S 18733,36015 540,568 569,576 1
S 39006,70582 552,579 614,629 3
S 36004,70712 543,572 573,594 1
S 70959,38718 561,595 613,629 5
S 62649,30510 564,585 611,632 4
S 18653,78879 540,562 603,639 1
S 36005,70713 540,575 576,590 4
S 61143,39889 556,587 613,630 2
S 70714,70708 556,598 609,634 1
S 39021,38730 548,583 613,630 2
S 18458,73478 540,562 612,631 4
S 38511,78932 548,578 579,599 5
S 70958,36259 565,591 609,633 3
S 56901,18794 555,582 611,632 1
S 37953,73457 545,579 601,642 3
S 73918,70616 574,589 607,635 2
S 18568,38558 540,568 605,638 5
S 18743,38714 540,567 599,644 5
S 18732,38714 540,573 605,637 4
S 18728,38510 540,567 568,584 2
S 38510,70957 549,577 578,586 2
S 18460,30508 540,558 600,643 4
S 30528,36257 546,564 603,640 3
S 61365,37913 555,589 603,639 1
S 56902,61110 560,577 599,644 3
S 56908,61147 549,586 613,629 3
S 70591,39892 554,596 605,637 5
S 35996,277045 540,581 603,639 1
S 18458,18834 540,564 607,635 3
S 61364,37903 552,592 610,633 3