D 159557
C 8
S 150473,89520 546,570 571,601 2
S 89466,153640 569,597 603,630 2
S 118910,158981 567,588 603,631 5
S 140396,89471 540,585 586,599 1
S 159415,153654 540,566 608,626 3
S 158721,140330 540,558 596,638 2
S 255068,129194 540,566 598,636 3
S 91131,159457 571,588 601,633 1
S 91103,150274 570,589 608,625 2
S 261707,89501 570,585 596,638 2
S 131756,140395 553,579 602,632 2
S 89466,130233 575,591 597,637 3
S 129195,153727 555,585 595,638 4
S 128979,130284 559,586 605,628 1
S 91450,158981 570,589 605,629 3
S 150465,89501 545,570 608,625 2
S 159436,150107 540,562 597,636 2
S 150489,91020 548,569 597,636 3
S 91394,153654 566,589 605,629 5
S 150098,150643 543,581 604,629 5
S 139087,131607 545,585 605,629 5
S 131530,140336 556,581 609,624 5
S 159455,91131 540,556 598,635 1
S 159399,129478 540,564 565,594 1
S 150099,150468 546,578 596,637 4
S 131751,159052 547,586 609,625 3
S 159437,90957 540,555 607,627 5
S 129030,140348 555,586 596,637 2
S 91137,153650 559,599 604,629 3
S 153716,129184 540,572 573,582 4
S 130017,255071 564,585 605,628 4
S 89501,118910 571,594 606,627 1
S 129183,130023 554,587 601,632 4
S 158940,150099 540,555 556,576 1
S 159455,150489 540,553 554,577 5
S 159448,158993 540,561 596,638 4
S 150465,90952 541,574 599,634 3
S 131766,89465 554,579 580,605 4
S 159422,156954 540,562 604,630 3
S 158720,130036 540,561 562,592 3
S 267232,130017 567,597 598,638 2
S 90957,150103 563,595 609,624 1
S 159424,130285 540,564 565,593 5
S 158726,130023 540,552 568,583 5
S 89519,158983 562,601 602,632 5
S 90955,128952 571,586 608,625 5
S 158941,90956 540,562 571,586 3
S 159413,129477 540,559 560,595 2
S 150574,131658 540,576 577,582 4
S 130251,159029 552,594 601,633 5
S 153699,150565 542,567 595,639 4
S 91005,89501 570,592 604,629 3
S 150474,91011 540,580 600,634 4
S 131665,156898 554,581 607,626 4
S 158727,258960 540,553 607,626 2
S 89493,129000 573,592 607,627 3
S 150448,89498 540,578 579,599 3
S 159458,150564 540,548 549,579 3
S 129033,159048 562,581 604,630 4
S 91103,150317 571,588 602,631 4