D 213091
C 12
S 55341,187198 582,619 649,671 5
S 147977,251772 551,577 651,668 1
S 114052,173141 567,582 644,675 3
S 55344,147984 589,612 646,673 1
S 97518,255923 566,611 639,681 2
S 213834,55341 540,557 645,674 4
S 104982,108500 562,607 644,676 1
S 173142,55097 540,571 639,680 1
S 97487,187196 569,611 644,675 4
S 173183,144526 545,563 564,590 4
S 213838,109460 540,551 557,600 4
S 144699,109536 555,577 638,682 2
S 213842,105013 540,551 567,601 4
S 55512,97518 588,607 648,672 4
S 108501,55508 567,594 595,608 4
S 187200,148081 540,568 569,571 5
S 55511,185588 586,609 640,679 2
S 55096,104989 580,612 645,674 1
S 148081,173021 553,569 651,669 1
S 55508,108794 586,610 639,680 4
S 189729,172962 540,565 566,579 1
S 185591,109585 540,565 566,599 3
S 185588,104991 540,564 650,670 2
S 213098,172965 540,557 558,572 1
S 189734,172624 540,568 638,682 1
S 97523,173143 576,600 647,672 4
S 173145,185494 547,565 638,682 5
S 107319,108822 567,598 645,675 5
S 55344,148085 587,615 648,672 5
S 187272,55341 540,563 643,676 5
S 109585,114171 558,595 643,677 5
S 172961,144524 544,569 570,590 5
S 175777,108822 542,561 647,672 5
S 251772,187199 540,574 638,682 2
S 213086,144910 540,553 554,586 1
S 148084,172624 545,578 639,681 4
S 144523,93905 550,591 649,671 5
S 104981,104818 569,601 638,681 2
S 109600,185509 559,592 652,667 4
S 187194,93887 540,563 578,614 1
S 172616,108822 540,578 579,591 5
S 55254,173145 580,618 652,667 2
S 144700,173141 556,577 648,672 2
S 55320,144699 590,612 646,674 2
S 144524,109584 558,583 640,679 3
S 144522,55512 559,583 646,674 5
S 93659,173140 571,612 642,678 1
S 104967,264419 576,595 638,681 5
S 144699,265630 558,575 576,608 1
S 55252,114053 578,619 651,668 5
S 97523,172616 570,605 642,678 5
S 93934,108823 574,613 641,679 3
S 55520,255924 575,618 641,678 4
S 114174,144912 564,582 641,679 5
S 104965,212799 564,608 644,675 4
S 55517,144502 575,620 645,674 5
S 212798,144523 540,562 652,668 2
S 107321,114062 569,597 651,668 4
S 101112,108796 573,602 652,668 3
S 94177,147978 577,608 637,682 3