D 75265
C 11
S 135202,77684 552,572 609,633 4
S 75426,164984 540,560 561,582 3
S 134826,169416 540,581 582,587 3
S 75445,164554 540,563 607,635 4
S 78207,77864 540,553 608,633 5
S 181390,134814 564,595 611,630 2
S 181391,137307 563,597 613,628 4
S 102798,262094 543,560 606,635 2
S 171113,164616 555,597 607,635 4
S 132547,180840 542,575 599,642 4
S 116464,180824 540,572 573,600 1
S 75288,181551 540,556 559,604 3
S 262070,102733 540,570 608,634 1
S 91901,180831 540,564 567,589 2
S 138282,181350 553,575 599,643 4
S 132547,181458 540,579 580,602 5
S 75257,169415 540,550 613,628 1
S 181550,164832 562,602 603,643 1
S 169417,168439 558,591 612,629 4
S 164972,75291 559,577 605,636 2
S 168441,168455 558,584 606,636 1
S 169444,181507 558,592 610,632 3
S 164972,180840 558,578 601,640 1
S 181458,177567 573,588 611,630 2
S 171114,134896 558,594 613,629 5
S 181390,138381 572,587 601,641 5
S 88589,138278 540,560 607,635 5
S 181507,171110 561,602 612,629 3
S 180848,181455 557,601 603,639 1
S 116806,171109 540,571 572,591 4
S 138283,142213 556,571 607,634 1
S 168537,77872 561,583 612,629 1
S 261985,181549 540,580 581,596 1
S 91849,164598 543,558 559,583 5
S 164975,78310 550,585 609,633 1
S 75431,171118 540,550 612,630 3
S 91851,164981 540,566 567,585 4
S 116486,169358 540,572 603,638 2
S 181349,75259 570,588 613,629 3
S 164970,164648 546,591 603,639 4
S 177568,180833 563,592 609,633 3
S 116473,78276 542,565 599,642 1
S 75258,116461 540,551 600,642 1
S 137304,164553 542,584 602,640 4
S 164985,168537 554,578 602,639 5
S 102977,102734 545,562 601,641 1
S 132556,181457 540,577 578,599 5
S 138282,103081 546,582 606,635 1
S 78207,169417 540,561 562,592 2
S 181458,269665 568,592 600,642 5
S 137305,78242 542,584 599,643 5
S 168455,116088 556,586 607,635 1
S 168935,138196 556,590 613,628 1
S 132544,171112 546,573 602,639 3
S 116473,142227 540,570 571,586 1
S 88593,149383 540,572 604,638 4
S 165110,168883 549,590 600,641 4
S 169356,132552 562,587 600,642 2
S 181547,75291 570,593 610,632 4
S 88398,181349 540,556 570,589 5