D 285020
C 8
S 7256,17197 544,565 583,606 4
S 3588,3314 540,567 678,705 1
S 3215,7517 540,580 675,709 4
S 2695,15944 544,580 676,708 1
S 6737,14738 549,571 672,711 4
S 14699,6774 572,594 683,701 4
S 15729,7025 603,624 678,706 4
S 15670,17217 603,628 672,711 1
S 7024,14931 545,590 677,707 1
S 14641,6774 557,600 682,702 1
S 16061,15939 581,623 678,706 4
S 3223,6737 544,572 675,709 2
S 955,16061 540,565 580,624 3
S 15719,16071 600,627 679,705 1
S 14597,15568 559,593 672,711 3
S 14939,6738 569,613 676,707 1
S 15715,7022 594,633 673,711 1
S 3302,16062 540,568 674,709 1
S 7256,3587 546,564 683,701 3
S 3334,3325 540,559 671,713 3
S 14746,14748 565,597 684,700 1
S 6780,17197 548,581 582,615 5
S 7001,3222 548,591 679,705 2
S 15567,14581 588,632 674,710 4
S 7723,17203 552,593 594,603 4
S 15669,14699 605,624 674,709 2
S 15668,3588 594,634 677,706 1
S 15672,17222 599,633 671,713 3
S 281195,14581 597,617 684,699 5
S 15957,14920 589,618 677,706 1
S 7029,281475 545,587 588,604 1
S 15282,15730 589,607 608,631 3
S 15554,7495 586,630 678,706 2
S 281467,15960 568,593 594,623 1
S 3236,16073 540,575 684,699 3
S 7730,14726 559,588 589,605 1
S 17204,14932 581,606 674,710 3
S 2427,3648 572,600 676,708 5
S 285015,15571 540,563 676,708 3
S 15167,15669 581,615 616,632 4
S 282993,3305 550,583 681,703 2
S 7024,15170 549,586 682,702 2
S 15669,14928 595,634 678,706 4
S 6999,7731 559,582 683,701 4
S 3636,15573 544,562 683,700 2
S 283048,6785 540,583 676,708 4
S 919,7023 540,563 676,708 5
S 17219,15568 580,603 604,625 5
S 3586,14950 540,562 584,609 2
S 6736,14736 549,573 574,606 2
S 15959,6724 589,617 680,704 3
S 7031,16073 549,581 593,608 5
S 6664,7733 542,569 570,587 2
S 15723,15938 598,626 680,704 3
S 14931,16064 573,605 678,705 1
S 2427,3333 567,605 681,702 3
S 6773,15668 543,585 682,702 2
S 14758,15667 568,591 593,636 1
S 17214,281473 575,607 678,705 1
S 281466,15169 559,603 604,617 2