D 27704
C 12
S 48017,51658 540,564 603,621 3
S 56304,48333 548,583 601,623 2
S 52236,28370 549,574 591,633 4
S 76233,76952 551,589 596,628 3
S 40588,48331 540,570 590,634 3
S 52290,76457 555,571 599,624 4
S 27728,28331 540,563 596,627 4
S 273867,51678 551,576 592,631 1
S 52422,47977 557,574 603,621 1
S 51664,75870 547,577 604,619 5
S 52422,76201 547,584 601,623 1
S 75870,48331 560,575 604,619 1
S 51672,75670 553,568 604,620 1
S 48018,50312 540,563 599,624 2
S 50312,77049 540,575 599,625 2
S 51037,29478 540,581 601,623 5
S 76334,76470 552,590 593,630 4
S 51666,75876 552,571 591,633 5
S 76940,28323 563,590 598,625 3
S 76678,27702 555,592 593,633 3
S 52290,76230 545,581 602,621 1
S 76334,75673 551,590 593,630 3
S 29718,76774 540,565 566,596 2
S 27771,273867 540,556 557,582 4
S 50314,76952 540,574 590,634 1
S 51667,76923 541,582 583,593 2
S 276542,76204 540,566 567,585 4
S 28329,51668 540,555 556,572 5
S 47978,51666 544,561 596,627 3
S 51045,76924 540,577 578,598 5
S 76346,51661 554,589 590,634 2
S 48335,75673 543,563 564,575 2
S 75876,51680 547,589 593,631 4
S 75672,76334 552,582 595,629 5
S 27754,52236 540,564 565,581 1
S 279280,76923 540,552 568,584 5
S 52422,77049 547,583 604,619 1
S 75878,276543 559,577 592,632 3
S 76204,47988 555,583 595,629 3
S 48332,75670 540,571 572,587 5
S 48018,48333 540,569 600,624 4
S 29639,76330 540,557 600,623 2
S 51676,76249 543,576 599,625 2
S 76249,52339 563,578 598,625 1
S 76925,76333 556,595 600,623 3
S 76451,48331 559,586 591,633 3
S 48332,29640 540,569 597,627 4
S 50341,76203 540,578 579,589 1
S 52236,50340 546,577 601,623 5
S 269472,52294 562,594 595,630 2
S 51657,52339 552,575 595,629 2
S 27176,52285 540,559 603,620 1
S 47984,47987 544,559 591,632 1
S 27753,29720 540,557 591,633 5
S 269473,76951 568,588 590,633 3
S 29478,77049 540,555 596,628 1
S 51676,51036 547,571 604,620 4
S 51665,28370 551,571 603,621 2
S 47987,76924 540,564 565,594 4
S 50434,76926 542,574 575,588 1