D 131338
C 8
S 131331,70602 540,557 597,639 3
S 37913,79334 560,596 599,636 5
S 131335,39900 540,561 563,581 1
S 130870,37811 540,560 561,601 2
S 90829,62651 540,564 605,630 1
S 130556,269840 540,567 603,632 3
S 61090,62656 558,579 609,626 1
S 130865,39888 540,563 564,593 5
S 89144,38567 540,573 600,635 3
S 131335,87547 540,558 559,577 2
S 39136,39903 554,591 607,628 3
S 37798,90830 565,590 607,629 2
S 131339,61142 540,559 560,580 2
S 70958,37797 545,579 580,589 3
S 38626,91135 557,594 606,630 4
S 70959,89083 541,583 606,630 5
S 91448,56896 540,563 564,582 2
S 131230,37908 540,556 597,639 4
S 73478,118845 540,582 600,636 5
S 89144,89087 540,569 602,633 4
S 37811,38618 561,596 610,626 1
S 38716,38718 552,597 603,633 5
S 91134,38715 540,565 607,629 1
S 61386,131336 554,579 608,627 4
S 39894,79332 549,594 596,639 5
S 73918,38716 543,577 599,636 2
S 56890,130872 562,577 603,633 5
S 89092,39893 543,563 564,593 5
S 62652,70708 550,581 596,640 3
S 38718,70615 567,583 609,626 4
S 73919,39889 553,568 569,581 4
S 62652,61377 550,581 602,633 4
S 38715,131100 564,584 609,626 2
S 70598,39891 556,574 610,625 2
S 89087,74437 541,566 595,640 5
S 277049,61382 569,592 604,631 1
S 90830,37914 540,558 600,635 4
S 86800,38717 540,578 601,634 4
S 89076,277043 544,561 562,597 3
S 62653,78878 551,580 596,639 1
S 56890,90791 552,587 598,637 5
S 62655,90890 545,587 605,630 1
S 74439,89572 550,568 602,634 3
S 130529,62655 540,553 555,578 2
S 86733,118845 540,572 606,629 5
S 89148,70616 540,570 600,636 4
S 89570,90796 540,566 605,630 1
S 89083,130556 540,569 603,632 4
S 131108,37799 540,557 558,600 2
S 70958,90867 540,585 604,631 3
S 37914,131230 557,598 604,632 1
S 37811,39539 568,590 608,628 3
S 37911,61378 569,587 608,627 4
S 70602,131331 553,577 604,631 1
S 91134,130531 540,557 609,626 5
S 87552,38567 544,564 605,630 1
S 90963,39901 540,565 566,590 4
S 62649,91135 544,587 607,628 4
S 74416,70711 540,580 601,634 1
S 89092,61112 540,572 573,579 1