D 134168
C 8
S 72645,73165 563,580 592,633 1
S 75509,71054 549,572 602,623 2
S 73020,71216 552,581 590,634 2
S 88526,62323 542,572 573,593 2
S 117191,87656 540,564 591,633 1
S 72601,74600 555,587 590,634 4
S 74786,103074 545,581 593,632 5
S 115942,134169 540,566 599,626 4
S 115942,62490 540,565 600,624 4
S 72696,87961 559,580 594,631 2
S 117182,116191 540,566 601,624 4
S 62307,73223 555,595 596,633 5
S 116048,87834 544,559 594,630 2
S 74786,88334 543,584 593,632 3
S 117143,102790 540,559 601,623 3
S 103490,71826 543,562 563,594 3
S 71587,88238 557,590 600,625 5
S 115963,75389 540,551 552,574 1
S 72685,115985 560,577 595,629 1
S 62421,74582 555,598 599,631 3
S 116293,72659 540,573 574,588 4
S 103500,115987 543,561 599,625 4
S 75502,91723 545,577 599,625 4
S 115942,88184 540,567 597,628 3
S 71827,103089 563,582 603,622 1
S 71111,116091 561,589 601,624 2
S 115950,103081 540,558 600,625 1
S 75470,116289 542,581 594,630 4
S 72728,133410 552,582 599,626 4
S 116293,88237 541,561 601,623 4
S 135517,71053 540,553 599,626 4
S 116213,102790 540,568 604,620 5
S 72670,62424 553,587 595,629 5
S 115949,62282 540,563 564,583 5
S 75526,61632 540,580 599,626 3
S 103494,62489 540,571 605,620 5
S 115957,72667 540,557 558,587 5
S 117181,71110 540,570 571,589 1
S 72645,87919 564,579 597,627 1
S 73018,116309 554,577 590,634 1
S 73019,62322 552,579 580,590 4
S 74783,71230 544,584 603,622 2
S 117181,115988 541,557 602,622 3
S 74785,71216 545,582 599,625 4
S 71110,78716 553,596 602,622 1
S 72741,78726 552,581 592,633 5
S 117239,73165 540,565 604,620 3
S 75389,71447 545,581 591,634 1
S 72728,71214 559,574 602,622 3
S 88532,87963 549,565 604,621 4
S 88532,62308 540,580 581,586 3
S 103473,71271 544,562 593,631 3
S 102520,72645 544,567 568,592 1
S 115956,88327 540,558 599,626 1
S 72681,73242 559,577 600,625 2
S 78619,270178 540,581 604,621 1
S 115942,62283 540,563 564,596 4
S 117142,71588 540,562 563,594 5
S 117144,75471 542,557 558,570 1
S 72716,73171 548,587 594,630 3