D 46218
C 9
S 107155,95285 563,585 603,627 4
S 46218,54705 540,556 594,636 3
S 107166,95289 559,590 597,633 4
S 105257,46103 556,574 598,631 4
S 105247,46099 553,582 605,624 2
S 98512,105247 540,580 581,587 1
S 54703,100338 540,565 566,585 4
S 99309,106873 550,569 570,585 1
S 113913,107161 559,599 600,633 5
S 99451,53426 540,579 598,632 3
S 107208,46744 557,595 602,627 3
S 53409,98533 540,568 594,636 3
S 98511,95293 540,579 598,632 4
S 105264,108704 545,588 606,623 2
S 99311,106879 540,579 596,634 3
S 105257,95285 551,579 605,624 5
S 99295,265350 552,573 602,628 4
S 53410,107207 540,559 560,598 4
S 46103,108656 540,554 594,635 1
S 265350,46222 540,582 603,627 1
S 46733,98508 540,560 561,575 1
S 105266,46225 556,577 604,625 4
S 46744,99307 540,556 594,636 2
S 53322,99291 540,559 599,630 2
S 46099,106878 540,566 595,635 4
S 53418,105264 540,560 597,633 2
S 53322,113908 540,564 603,626 1
S 99309,95267 540,582 604,625 4
S 46101,107209 540,556 606,623 2
S 95267,105258 542,564 598,632 4
S 107109,107161 565,581 607,623 3
S 106880,53710 557,588 601,628 4
S 53425,99293 540,568 593,636 2
S 53423,105242 540,558 559,579 5
S 98539,95286 547,566 606,623 2
S 106851,105248 550,589 598,631 3
S 98541,113908 540,578 606,624 5
S 95236,108705 540,577 594,636 1
S 106873,99310 557,585 596,634 1
S 107161,105261 552,597 598,635 5
S 107166,108704 552,597 598,636 5
S 46734,95239 540,552 601,628 5
S 113911,98546 564,594 601,629 1
S 99303,105274 552,572 601,629 1
S 53331,95236 540,563 564,567 2
S 105244,113905 548,589 590,594 3
S 46102,99293 540,564 565,582 1
S 98507,107105 547,569 592,637 2
S 106877,46739 550,593 606,624 3
S 99452,46732 551,567 601,628 3
S 53410,95293 540,555 593,636 1
S 99453,99452 550,568 596,634 3
S 46216,53710 540,553 600,629 1
S 106878,46102 550,593 594,635 5
S 105244,46225 554,582 598,632 3
S 106878,106845 561,583 602,628 2
S 98511,105266 540,576 601,628 1
S 105257,106851 555,576 603,627 4
S 106792,105247 560,579 595,635 1
S 99452,99289 549,568 596,634 4