D 273725
C 12
S 56105,75833 542,577 623,643 5
S 92459,78348 549,583 584,604 1
S 75907,75886 565,582 613,653 1
S 54947,53059 540,560 618,648 2
S 56248,272868 560,576 615,652 1
S 55530,269265 540,570 571,594 1
S 78245,56222 564,608 612,655 1
S 55111,77637 540,565 575,594 4
S 273066,77365 540,570 572,588 4
S 55531,77620 540,570 623,643 1
S 55870,55877 540,575 612,655 1
S 53143,53086 540,559 616,650 2
S 269263,92496 566,598 618,649 2
S 55596,77679 540,570 571,604 5
S 77636,77574 570,598 616,650 1
S 75899,55585 556,590 611,656 2
S 92459,55533 545,587 623,644 1
S 76015,78245 559,591 592,605 4
S 55227,77390 540,562 617,649 3
S 55584,55480 540,574 611,655 4
S 55513,56223 540,571 623,644 1
S 55503,75885 540,565 622,645 1
S 55478,56224 540,573 622,645 1
S 56085,76172 544,569 570,597 2
S 54948,56083 540,555 613,653 1
S 77542,56085 574,591 612,654 3
S 55528,56223 540,574 575,580 3
S 56204,269314 554,572 621,645 4
S 55117,273728 540,555 620,646 3
S 78317,53015 573,601 620,647 3
S 92465,76562 543,587 612,654 1
S 75906,75885 565,582 622,645 2
S 55590,78389 546,561 619,647 1
S 76172,76584 568,585 621,646 1
S 55128,269265 540,569 617,649 1
S 76008,78386 553,597 623,643 3
S 55477,76018 543,561 562,594 2
S 56104,77393 545,575 576,599 2
S 76575,55870 557,599 625,642 4
S 53014,78367 540,556 612,654 4
S 55868,53089 546,566 621,646 3
S 53061,55868 540,561 562,564 1
S 56048,75837 540,574 575,590 5
S 78335,76583 576,599 612,654 2
S 56086,55598 549,566 621,645 4
S 273727,56107 540,557 621,645 2
S 92439,56090 554,580 616,650 2
S 78319,92499 576,598 620,646 2
S 92458,56292 554,578 613,654 3
S 76025,54948 562,590 618,648 4
S 78336,53023 567,608 624,643 1
S 269314,75688 557,600 625,641 2
S 76017,55135 567,583 620,647 1
S 54947,53031 540,563 613,653 3
S 78248,55593 571,599 616,651 1
S 56218,76583 557,572 573,597 5
S 55232,76582 540,560 569,589 4
S 92537,75831 540,582 583,584 1
S 53086,75900 540,553 561,586 2
S 76527,56048 554,599 617,649 5