D 56734
C 10
S 62046,93887 540,567 586,606 3
S 52493,55472 564,597 598,615 3
S 56545,55732 554,569 570,610 3
S 72500,52510 547,566 567,603 2
S 51204,56704 562,585 631,656 5
S 71847,55790 541,571 631,656 5
S 62207,52378 546,561 629,658 3
S 51242,52213 553,596 624,664 3
S 52551,52378 564,604 630,657 3
S 51210,55761 554,592 623,664 2
S 51980,55476 548,579 580,613 2
S 40092,55589 540,561 583,600 5
S 71935,52592 540,582 583,599 3
S 55732,48312 571,603 622,666 4
S 52154,55708 551,584 585,603 1
S 51555,274078 562,596 628,659 1
S 52509,48287 564,602 627,660 3
S 72495,51829 540,573 630,657 1
S 40026,56542 540,552 553,582 4
S 51967,51249 557,572 573,586 1
S 273927,55719 551,577 634,654 1
S 52591,55581 576,596 635,653 5
S 72519,52370 546,569 570,600 5
S 62038,55685 540,570 576,602 1
S 52221,51689 551,588 624,664 3
S 56710,55869 540,563 626,661 5
S 55769,93887 567,603 604,612 4
S 40089,56705 540,561 635,652 3
S 51197,52510 556,593 635,652 4
S 52363,51690 569,586 634,654 5
S 56770,52494 540,571 622,665 5
S 71847,51196 540,578 579,590 5
S 51967,55670 544,584 585,608 3
S 56716,55726 540,552 621,666 4
S 40093,274073 540,562 563,586 2
S 71678,48307 544,567 636,651 2
S 51718,56744 558,581 623,664 3
S 72492,52152 545,567 568,580 5
S 51201,55531 565,582 583,614 2
S 51246,51196 555,596 628,659 4
S 274074,40389 563,581 628,660 4
S 71941,51827 547,573 635,652 5
S 51711,55732 560,579 580,606 3
S 56736,52138 540,554 555,582 4
S 51241,61720 567,583 624,663 2
S 51636,52490 555,597 628,660 3
S 52136,51684 549,582 624,663 3
S 273888,274378 543,586 624,664 5
S 55733,56741 567,607 625,663 1
S 62037,56636 541,565 624,663 2
S 51552,52370 560,600 627,660 1
S 72500,52156 548,565 566,584 4
S 56773,55782 540,571 623,665 5
S 71947,55763 541,576 623,665 1
S 55534,52362 573,616 629,658 3
S 52153,61725 552,581 631,657 4
S 56783,55876 540,566 569,611 2
S 55584,56630 574,612 626,662 5
S 62207,52498 540,566 630,658 3
S 40095,55587 540,563 576,609 5