D 263062
C 12
S 106514,265357 554,586 587,609 1
S 106702,110987 555,596 606,633 3
S 106715,265357 558,597 598,600 3
S 99293,110981 576,599 600,641 3
S 106241,99305 550,570 605,633 2
S 105727,110991 568,590 598,641 1
S 111456,105587 540,562 568,597 2
S 110886,110982 540,567 607,632 3
S 110992,105610 540,562 568,593 4
S 99294,98301 576,600 605,633 5
S 105319,110981 566,604 605,635 4
S 100331,99541 576,597 605,633 2
S 265357,110885 574,602 603,636 4
S 110984,105629 540,556 571,589 5
S 106094,106713 540,574 575,597 2
S 98297,98308 540,568 599,639 5
S 105325,98293 568,603 612,627 5
S 106097,111209 540,580 598,640 3
S 106244,99537 547,574 611,627 1
S 111457,99294 540,561 576,600 1
S 105591,99303 573,592 612,627 4
S 106241,100227 550,570 600,638 4
S 110887,106715 540,559 560,594 2
S 110184,98308 559,589 599,639 2
S 105590,100235 573,593 600,638 2
S 105542,265351 576,591 610,629 5
S 106093,105326 546,567 568,605 4
S 110150,100209 561,584 599,639 1
S 265356,110989 568,608 609,636 3
S 105604,99541 571,592 611,627 5
S 105725,98309 563,593 602,636 4
S 110151,110989 552,592 597,642 4
S 105536,99541 566,602 609,629 5
S 99292,98292 578,596 611,627 2
S 106245,105586 546,576 577,591 2
S 106504,99537 559,577 603,636 1
S 110184,100236 551,596 610,629 2
S 110986,106702 540,558 566,585 2
S 105536,110991 570,599 611,627 5
S 105591,100236 573,592 602,637 1
S 106702,110986 557,594 607,632 5
S 106505,99297 545,589 605,633 3
S 110055,110986 557,596 599,640 2
S 106514,99292 556,584 585,601 4
S 111208,105729 540,553 558,600 2
S 106504,105600 552,584 585,603 2
S 106096,105634 540,580 581,591 5
S 265357,110888 579,598 607,632 5
S 105324,99543 576,595 599,640 2
S 98299,105631 540,575 576,597 2
S 111208,99293 540,556 580,596 4
S 106502,111209 559,578 598,640 1
S 98292,99539 540,561 602,637 2
S 110151,100237 563,581 603,636 3
S 100337,110888 575,598 599,641 3
S 106678,111457 558,583 608,631 3
S 106679,110984 549,594 604,634 1
S 263061,105319 540,559 570,599 2
S 105318,100209 574,594 609,630 1
S 105321,265356 576,594 601,637 4