D 139765
C 8
S 163952,255593 540,573 580,615 4
S 167492,156386 540,579 581,615 3
S 193831,156383 556,579 583,613 3
S 191446,182172 558,576 577,619 1
S 193843,191443 554,582 583,614 1
S 191441,163954 558,573 590,606 2
S 163870,156203 540,568 589,606 4
S 163955,193826 540,572 584,612 4
S 182842,182872 551,578 582,614 2
S 182871,163956 552,578 590,606 5
S 191442,167462 544,589 590,617 5
S 150355,182874 540,555 589,607 5
S 182853,156385 547,584 585,616 5
S 193815,153985 561,579 584,612 5
S 139370,193815 540,549 553,586 5
S 150342,156204 540,556 576,619 1
S 163959,139768 544,566 581,615 2
S 139844,191442 540,562 580,616 4
S 182173,150560 553,570 590,606 2
S 150370,193825 540,559 561,577 2
S 156204,182172 540,569 570,583 1
S 193820,156575 561,579 583,613 1
S 153938,182306 540,562 563,577 1
S 167460,182874 546,568 578,618 2
S 139769,182303 540,557 558,583 5
S 139846,182173 540,558 559,581 1
S 139762,193827 540,552 557,581 1
S 139764,167463 540,548 549,564 3
S 193816,150454 562,578 582,614 1
S 193825,163732 553,585 586,609 5
S 193830,163721 560,577 579,616 2
S 156385,139763 540,565 588,608 3
S 139371,182851 540,558 559,580 4
S 139769,150343 540,550 588,608 5
S 163874,150559 540,572 583,613 4
S 150713,191442 540,568 577,618 5
S 191440,139770 546,586 587,614 4
S 182139,153939 543,580 586,609 4
S 193828,150713 547,590 591,606 4
S 193830,156203 559,578 579,617 5
S 150466,182842 540,566 567,586 4
S 182842,150343 549,580 588,607 1
S 182172,178251 540,584 585,616 1
S 167465,193817 544,568 569,580 4
S 153940,193822 540,567 581,615 2
S 153940,156573 540,569 587,608 5
S 153940,193828 540,568 590,605 3
S 150465,182844 540,559 560,573 3
S 182843,156574 546,583 584,615 1
S 150559,150663 540,567 585,610 2
S 139769,156577 540,557 581,614 4
S 182844,193826 550,578 580,616 1
S 156382,150342 540,560 585,611 4
S 193825,191467 554,585 586,614 1
S 139763,170452 540,549 550,581 5
S 150664,193842 540,556 557,581 4
S 193831,153986 548,588 589,611 2
S 156573,167465 540,563 589,607 5
S 182351,182872 546,580 581,620 1
S 163963,193826 540,575 579,617 5