D 175423
C 11
S 145724,106722 549,573 585,630 2
S 147014,147415 540,573 590,626 3
S 147061,109923 540,569 593,622 4
S 113796,264316 551,581 594,622 5
S 147012,105672 544,565 566,590 5
S 147439,110030 540,569 587,629 3
S 109980,145892 545,590 596,619 3
S 145722,105571 551,571 597,619 1
S 264312,145231 564,587 598,617 1
S 113801,145733 558,573 591,624 2
S 175434,175002 540,554 590,626 3
S 109805,145229 561,578 600,615 3
S 145211,145732 553,571 588,627 5
S 113802,110098 546,583 593,623 4
S 147484,105568 540,569 593,622 4
S 145721,105718 550,571 598,617 3
S 110016,110030 554,579 594,622 3
S 264300,110108 566,589 590,626 1
S 147440,105691 540,563 564,588 4
S 145889,105565 549,566 567,595 1
S 147424,147016 540,561 593,623 1
S 113802,105715 554,575 592,624 3
S 144340,174999 547,583 597,618 3
S 144354,145732 547,582 600,615 3
S 147484,105669 540,557 564,581 3
S 147047,147484 540,569 589,627 2
S 264282,147001 565,590 599,616 5
S 105297,146984 559,591 592,628 5
S 106736,105699 553,589 590,625 5
S 264301,105299 555,599 600,621 2
S 113801,145746 557,573 588,628 1
S 264312,147411 565,586 599,616 2
S 173923,147482 540,566 599,616 3
S 145218,105298 550,573 574,597 2
S 113795,110113 556,575 588,627 2
S 144380,145891 544,581 593,623 5
S 175008,147014 540,566 587,628 1
S 145724,145225 545,577 593,623 2
S 113799,175002 557,574 591,624 4
S 109961,147414 557,582 588,627 3
S 175424,145865 540,563 590,625 5
S 175426,145733 540,548 599,616 2
S 109962,145227 548,590 591,628 5
S 173923,145750 540,567 588,627 1
S 105575,175422 551,596 597,622 5
S 144340,145733 547,583 590,625 4
S 145964,145735 540,579 589,627 5
S 173923,113800 540,558 559,580 4
S 147043,105655 541,564 600,615 1
S 175426,109961 540,548 556,583 4
S 145719,105653 541,579 591,624 2
S 147019,175000 544,568 594,622 1
S 144362,147061 542,583 595,621 4
S 175429,145886 540,551 552,575 2
S 147441,147001 540,570 591,625 2
S 145883,110108 544,574 586,630 5
S 175431,144354 540,556 557,582 4
S 105300,145750 553,597 598,618 3
S 175005,105567 540,566 567,582 2
S 264301,147006 559,595 596,630 2