D 102673
C 9
S 249994,116965 557,598 599,630 5
S 116129,166042 540,551 557,572 3
S 134980,166118 540,574 575,588 1
S 170556,154601 567,582 597,630 2
S 154933,154937 545,576 602,625 5
S 138053,182108 540,573 595,631 5
S 164315,179889 553,574 575,595 3
S 118293,166120 540,557 591,635 1
S 170033,167941 553,592 600,627 3
S 170574,103178 565,581 592,635 1
S 116454,103178 540,559 606,621 1
S 138608,164317 540,573 602,625 1
S 182109,116967 561,592 604,622 5
S 103387,170575 540,559 596,631 5
S 138052,141722 540,572 604,622 4
S 103194,135068 540,550 593,633 1
S 253374,138551 543,583 605,621 3
S 170038,179894 557,588 599,628 4
S 138653,167939 543,570 593,633 1
S 141044,116967 540,577 595,632 1
S 167940,179907 552,593 598,628 5
S 167946,164315 551,591 592,635 2
S 149713,116967 540,580 600,627 2
S 118320,167713 540,564 595,631 2
S 164234,164316 550,577 594,632 5
S 166697,249993 547,586 587,588 5
S 167800,138049 562,579 605,622 3
S 138559,164239 540,574 597,629 5
S 116062,116118 540,559 599,628 1
S 132422,250015 540,572 603,623 2
S 179855,154903 563,587 605,621 2
S 164226,164306 545,580 596,631 1
S 154938,116969 548,575 598,628 1
S 117470,138606 540,561 595,631 2
S 167801,135076 549,591 599,627 2
S 103168,170047 540,552 566,582 1
S 154923,179888 546,575 576,590 5
S 170035,117484 550,595 602,624 4
S 179891,117472 566,587 599,627 1
S 182107,167673 559,596 603,623 1
S 182107,135101 556,598 605,622 1
S 117490,170557 540,559 560,597 3
S 167673,154937 558,579 604,623 1
S 132422,167224 540,567 568,588 2
S 103190,135045 540,560 595,631 1
S 116057,149713 540,552 553,575 4
S 118292,167661 540,568 602,624 4
S 182108,154601 564,591 603,623 1
S 164227,250015 554,571 599,628 1
S 134673,103172 542,558 593,634 5
S 103194,182082 540,551 604,622 2
S 118326,167797 542,557 558,586 1
S 164228,117483 554,571 605,622 2
S 149650,253374 540,578 604,622 5
S 141815,182082 540,576 599,627 4
S 154934,116122 544,578 601,626 4
S 135045,170032 540,571 572,592 1
S 154913,167713 549,570 600,626 3
S 164307,138653 556,573 600,627 2
S 135075,135077 544,561 604,622 2