D 55653
C 10
S 97294,55616 565,588 626,660 4
S 94739,55076 542,585 630,655 3
S 52839,110884 540,568 633,652 4
S 110884,94874 574,604 631,655 4
S 94835,94870 550,588 634,651 4
S 266418,94840 559,584 629,657 5
S 55688,95243 540,560 565,580 4
S 55647,98296 540,554 628,657 3
S 94840,52872 552,584 622,664 4
S 97357,54935 560,599 634,652 2
S 55362,98438 540,563 631,654 2
S 52806,95290 540,569 630,655 3
S 273018,95350 540,556 558,592 3
S 98432,111487 561,599 600,606 3
S 55688,266418 540,555 556,591 2
S 55617,97292 540,565 566,595 3
S 52866,52866 540,570 621,665 5
S 52848,94738 540,561 621,664 3
S 94740,111449 546,580 630,655 1
S 94568,94835 541,580 635,650 3
S 94572,98319 547,576 632,653 4
S 95290,110884 563,582 583,601 2
S 262819,94768 578,606 621,665 3
S 54766,54936 554,589 634,652 5
S 94838,97357 547,590 591,597 3
S 94607,52805 540,582 625,661 2
S 94654,94553 545,581 628,657 4
S 98309,55264 567,603 628,658 4
S 52805,265433 540,568 626,659 2
S 95353,273019 566,586 625,661 2
S 55407,94604 540,558 634,651 3
S 54765,94601 553,590 627,659 3
S 111488,95334 575,605 632,654 4
S 265433,262815 572,593 626,659 3
S 55689,98309 540,550 634,651 1
S 52846,55072 540,569 621,665 3
S 55645,273016 540,551 635,650 3
S 111456,98311 579,597 628,657 4
S 52869,95360 546,563 564,590 3
S 97294,55406 564,589 622,663 3
S 98295,52805 565,610 630,656 3
S 273018,54937 540,565 634,651 2
S 97289,55651 564,592 627,658 3
S 94875,98316 551,581 624,662 2
S 55339,98319 540,571 572,599 5
S 97339,55408 562,594 633,653 1
S 52841,94781 541,564 565,583 3
S 95353,98295 568,584 626,659 3
S 95303,55362 555,592 625,661 2
S 94570,265433 544,578 579,599 1
S 94771,55262 551,579 634,652 2
S 95335,94838 564,583 634,652 5
S 95242,98300 553,592 633,653 5
S 52867,265431 543,566 624,662 4
S 273021,94840 540,552 633,652 3
S 94654,95350 548,577 632,653 4
S 52865,55070 546,561 629,656 4
S 98311,52861 569,601 626,659 3
S 94870,98311 553,580 581,596 3
S 52870,98315 545,565 630,656 2