D 270006
C 11
S 10664,10664 566,604 629,649 5
S 29407,52175 547,582 626,653 2
S 56490,24170 540,562 631,648 3
S 24177,10222 561,594 619,660 5
S 51976,56398 542,557 618,660 2
S 72148,26448 540,556 624,654 1
S 72375,24106 540,561 568,592 2
S 29339,40715 558,580 621,658 2
S 24107,29324 568,591 621,658 4
S 23053,56497 571,589 629,649 2
S 47983,40652 540,579 625,653 2
S 24170,26445 561,591 627,652 2
S 29391,10223 556,576 626,652 5
S 56500,23061 540,563 617,661 1
S 52034,273881 540,566 623,656 5
S 52032,10694 540,562 632,647 4
S 24104,40715 570,588 630,648 2
S 28088,24172 563,582 624,655 5
S 29410,29322 546,584 619,659 1
S 48333,51821 543,569 627,651 3
S 52093,29410 540,563 564,574 4
S 27914,52213 564,584 628,651 3
S 47956,24174 547,572 618,660 2
S 23053,27995 561,600 625,654 3
S 23052,26444 572,587 617,662 3
S 48322,29351 545,563 564,588 4
S 40781,23061 540,583 584,603 1
S 29413,52187 552,578 620,659 5
S 24101,50345 570,587 620,658 5
S 29343,27993 548,588 631,648 3
S 10676,23059 565,607 621,658 1
S 10692,26444 571,602 630,648 3
S 29431,27915 552,576 621,658 2
S 40598,10664 540,582 623,655 2
S 10240,10496 576,605 621,658 4
S 27994,29313 568,585 628,651 5
S 10694,10493 570,600 627,651 2
S 40780,52187 552,570 619,660 5
S 23061,28033 562,603 625,653 3
S 48327,27915 542,567 568,597 5
S 72369,40783 540,555 556,569 1
S 26456,48510 560,590 628,651 5
S 52079,24106 540,561 627,651 2
S 72150,29430 540,556 557,575 4
S 56497,47928 540,553 628,650 5
S 23058,10691 567,597 623,656 4
S 24101,28177 571,586 625,654 5
S 47981,26456 543,572 621,657 1
S 29410,27992 552,577 578,589 5
S 48328,272814 540,572 619,659 3
S 48327,28062 540,571 572,584 4
S 27914,28117 565,583 618,660 2
S 40781,23062 543,579 624,654 4
S 72150,28062 540,561 565,580 4
S 51892,26454 540,568 569,596 1
S 72148,56462 540,559 619,659 3
S 29288,10245 548,591 592,600 5
S 29341,272814 556,580 618,661 3
S 52082,10493 540,563 572,606 3
S 24100,24107 569,588 620,658 2