D 166387
C 12
S 97477,101355 584,610 629,668 5
S 107718,265040 565,593 636,661 4
S 169359,101448 540,573 629,667 2
S 142778,97485 555,570 630,666 2
S 169417,115796 540,569 639,658 4
S 97518,149552 578,615 629,668 1
S 107754,265017 557,601 630,667 4
S 101097,101117 586,603 638,658 5
S 169466,138379 543,558 633,664 4
S 107692,258436 558,602 636,660 3
S 168624,114661 540,557 636,661 4
S 101098,104536 577,612 637,660 2
S 169359,107718 542,565 571,587 2
S 104539,107844 564,604 628,669 5
S 101093,149429 578,611 640,657 1
S 101083,101118 578,607 631,665 5
S 169018,107622 545,565 638,659 5
S 169473,104544 540,564 633,664 5
S 97418,135341 581,616 634,663 3
S 142743,104540 555,570 576,591 3
S 169357,107886 542,565 566,598 2
S 104550,97523 561,606 629,668 3
S 134123,138283 550,591 634,662 5
S 149169,133380 549,572 634,663 3
S 168622,154799 540,563 636,660 2
S 101342,149564 570,614 640,657 4
S 142599,265040 550,576 637,660 1
S 104201,138286 574,600 629,667 3
S 168199,101399 540,560 573,604 5
S 104204,137274 564,609 631,666 3
S 149173,134481 551,570 630,667 2
S 101374,134343 577,604 634,662 4
S 97420,107672 580,620 641,656 5
S 97519,165829 577,615 632,665 2
S 104185,97519 570,606 636,660 4
S 169472,107628 540,559 567,595 1
S 97417,265040 585,611 637,659 4
S 257784,101115 557,575 631,665 2
S 94457,154798 583,613 628,669 1
S 104535,133097 564,605 633,663 5
S 149169,104176 540,583 638,658 3
S 166390,134482 540,555 640,656 2
S 97515,154798 584,608 629,668 4
S 168121,169411 540,550 551,567 5
S 168203,154783 540,564 636,661 2
S 166390,107823 540,548 559,596 2
S 104549,166246 564,602 634,662 4
S 169462,133139 540,573 629,668 1
S 104586,115736 565,599 633,663 5
S 253257,97419 546,573 583,617 1
S 169414,257786 540,574 575,585 4
S 115496,101417 559,585 634,663 4
S 142723,133376 540,585 627,669 3
S 115495,165823 552,591 626,670 5
S 101414,107693 575,605 639,657 5
S 101399,101132 578,599 626,670 2
S 107623,97494 567,595 637,660 1
S 107886,107628 565,588 635,661 3
S 97417,265041 581,616 629,667 5
S 97511,104604 573,617 634,663 1