D 142113
C 10
S 78395,76171 555,575 604,645 3
S 269327,262109 550,589 614,636 2
S 50531,132546 571,596 604,646 2
S 137989,102459 540,559 617,633 1
S 77532,116990 553,580 615,635 3
S 92030,75879 553,576 577,587 3
S 56264,116989 563,591 603,647 1
S 77532,92015 549,583 606,644 4
S 257625,116055 540,566 609,641 5
S 102565,142024 546,576 617,632 5
S 51576,102565 558,600 616,633 3
S 142106,52410 540,560 610,640 4
S 51574,51574 561,598 608,641 3
S 118335,77442 540,573 615,634 3
S 137989,132548 540,561 610,639 1
S 77442,102562 547,588 615,634 3
S 116969,76553 543,565 613,636 2
S 56264,269316 566,589 608,642 5
S 116448,51622 540,571 614,635 5
S 116457,77453 542,568 609,640 5
S 77311,51280 556,582 605,644 2
S 51576,134909 558,601 612,637 3
S 51571,77610 563,596 614,635 1
S 52354,52353 570,587 610,640 5
S 50925,102563 568,597 614,635 5
S 149587,50102 540,563 565,604 2
S 92020,138482 553,574 615,635 1
S 51285,56292 559,604 612,637 1
S 103170,75891 551,566 608,642 3
S 50104,75834 564,604 606,644 4
S 76590,52358 548,592 607,643 4
S 78396,76171 544,587 609,640 4
S 116948,102681 541,566 613,636 2
S 75900,138502 562,585 606,643 1
S 50072,117046 562,607 617,633 4
S 138634,103483 540,551 603,646 1
S 141940,138479 540,563 616,634 4
S 142107,92030 540,551 552,581 4
S 52353,116990 570,586 605,644 3
S 51577,116180 565,593 613,636 4
S 138547,116138 540,565 604,646 5
S 134729,132545 540,568 603,646 2
S 118282,50957 540,568 569,597 3
S 103172,92020 551,567 607,643 3
S 149587,116181 540,553 615,634 3
S 102568,269315 549,573 611,638 1
S 50957,77308 574,591 610,640 5
S 92016,75669 553,572 573,597 5
S 102565,142082 542,580 615,635 3
S 118280,77442 540,570 602,647 3
S 92004,77447 541,584 613,636 3
S 142103,78395 540,552 555,575 4
S 77305,50924 551,585 586,594 3
S 92004,92028 551,573 603,646 2
S 92018,52442 541,586 616,634 5
S 118280,75907 540,573 574,585 5
S 132423,56262 542,559 606,643 5
S 134673,103488 540,563 607,642 3
S 51285,102562 563,599 605,645 4
S 52442,117457 565,589 612,637 5