D 7512
C 8
S 22575,40179 586,608 609,638 2
S 3138,27499 544,570 589,615 2
S 12328,12536 577,606 646,678 5
S 950,7869 560,583 653,672 5
S 7497,28624 540,556 587,621 4
S 3278,8711 546,571 572,603 1
S 27515,37347 581,624 625,634 4
S 6426,280726 575,593 650,674 3
S 3188,28689 540,568 597,614 2
S 944,20234 552,591 642,682 4
S 7514,8430 540,560 577,593 2
S 28620,19980 594,614 647,678 1
S 29771,281875 594,626 653,672 2
S 3199,3741 540,568 569,590 4
S 29068,36825 587,629 644,680 3
S 3083,4301 548,578 579,591 3
S 40357,30284 612,627 651,673 2
S 5855,29890 562,596 653,671 4
S 37367,281875 597,633 642,683 4
S 947,282921 557,586 651,673 3
S 7498,19961 540,560 653,672 5
S 22536,30284 585,609 644,681 4
S 36887,12584 597,625 643,682 4
S 8714,40179 567,606 608,625 3
S 40250,20207 597,639 645,679 5
S 12328,7965 570,612 642,683 5
S 37365,19976 598,631 646,678 5
S 7029,29776 540,560 587,632 2
S 27501,30287 589,615 642,683 1
S 3534,39320 565,585 644,680 4
S 927,40250 562,580 604,633 3
S 927,37363 562,580 595,634 1
S 7515,8710 540,549 569,607 3
S 7028,40152 540,562 642,682 5
S 7514,12542 540,558 645,679 5
S 979,8425 549,582 583,600 1
S 929,40184 563,583 603,630 2
S 3280,8002 551,567 654,671 1
S 22354,40146 582,609 642,683 3
S 22581,40146 583,613 655,670 2
S 940,36890 554,589 591,631 4
S 7029,7586 540,553 648,677 4
S 12189,12673 569,606 646,678 3
S 28648,20244 587,623 652,673 3
S 3099,28509 543,581 595,612 2
S 28620,7476 587,621 649,675 4
S 3339,36438 559,588 640,685 1
S 12338,37620 583,601 645,680 3
S 7029,37433 540,567 643,681 4
S 3179,39279 540,572 645,680 5
S 8709,37441 567,609 646,679 3
S 933,19722 551,594 648,677 3
S 982,37318 552,578 606,626 3
S 284315,22536 563,584 585,614 4
S 2691,930 540,555 563,584 1
S 22581,19721 579,617 646,679 4
S 40265,19721 598,640 651,673 3
S 22575,13471 577,617 641,684 4
S 983,8003 549,581 647,678 4
S 36975,20357 592,632 640,684 5