D 84560
C 11
S 179118,84948 583,619 635,665 1
S 193021,162875 577,607 608,618 5
S 193057,127733 579,604 606,632 1
S 126620,192590 540,566 567,590 4
S 179154,82609 581,618 632,667 5
S 192863,124800 580,608 630,669 5
S 157051,151247 593,630 631,669 4
S 127738,124753 605,636 637,665 3
S 192899,124800 564,607 629,671 4
S 247914,127732 577,613 614,639 4
S 84561,162873 540,553 581,626 4
S 158574,82612 599,618 627,672 3
S 158574,151249 588,629 630,672 4
S 162807,124490 594,614 628,672 5
S 158933,124558 596,616 638,662 5
S 191840,151245 584,612 634,666 1
S 192856,151242 569,605 629,670 2
S 152207,260558 594,639 640,672 1
S 158581,124491 595,625 640,660 1
S 124869,124748 540,570 629,671 2
S 124855,124337 540,570 641,658 1
S 126579,260423 540,569 636,663 2
S 152285,151242 606,624 642,658 4
S 127739,127698 609,631 640,659 2
S 157139,157052 557,578 602,621 3
S 192686,152195 575,618 619,632 3
S 199289,125790 555,599 637,663 3
S 126130,157924 540,576 577,590 4
S 206123,152238 573,595 607,624 3
S 151711,124466 555,572 628,671 4
S 82608,84565 540,563 629,671 3
S 82601,125792 540,555 639,660 3
S 152675,82608 606,621 641,658 1
S 152675,260587 600,627 633,666 3
S 179023,125826 587,618 632,667 4
S 192981,84632 569,608 631,668 3
S 126112,125827 549,568 632,668 1
S 159514,127739 591,620 621,632 5
S 179025,152209 584,622 623,638 4
S 126617,127733 540,576 605,633 5
S 179034,124562 592,614 628,671 4
S 126122,247896 540,575 576,610 2
S 162804,84640 586,624 639,661 3
S 193061,158509 576,606 607,625 5
S 127709,124337 601,637 638,665 3
S 191838,127678 580,617 641,659 3
S 126130,124490 540,578 634,665 4
S 152207,127679 602,631 633,667 5
S 126617,192629 540,575 581,613 4
S 152284,124582 593,636 637,667 4
S 126122,124563 540,578 641,658 3
S 206125,152275 567,599 603,628 1
S 192909,127738 577,599 603,638 4
S 193058,152178 575,606 607,628 5
S 199283,127734 566,591 603,636 1
S 157052,124562 592,631 640,660 4
S 162874,127479 593,614 635,664 2
S 179153,151238 581,618 619,631 1
S 157135,206124 558,580 581,601 3
S 160088,124581 596,614 640,659 5