D 135252
C 10
S 135228,137859 540,551 552,562 5
S 131980,132184 542,578 579,598 5
S 131966,135090 545,576 577,597 2
S 131962,132189 549,571 572,590 1
S 135253,135210 540,560 561,596 2
S 131827,137869 540,577 578,590 1
S 132248,137703 540,568 569,590 5
S 132004,131993 550,571 572,595 5
S 137891,132003 540,570 571,580 4
S 131961,138875 549,571 572,591 1
S 129372,137633 546,567 568,589 5
S 132244,257702 540,570 571,597 1
S 137631,137752 540,567 568,594 3
S 135098,137751 540,567 568,592 2
S 134507,131491 540,553 554,577 2
S 134868,135158 540,551 568,589 4
S 135252,132277 540,560 561,574 1
S 131969,135204 546,574 575,598 4
S 137591,131804 540,562 563,575 1
S 131800,135055 550,568 569,589 1
S 137895,131965 541,557 558,571 3
S 131815,135082 545,574 575,586 2
S 137852,131954 540,572 573,591 2
S 131839,135209 545,570 571,592 3
S 135157,131994 540,559 560,600 4
S 134924,131982 540,558 559,575 3
S 131980,131959 552,569 570,590 5
S 131840,137884 541,574 575,601 5
S 137862,137883 540,563 564,592 2
S 129373,132193 543,571 572,587 1
S 134513,131957 540,551 560,596 2
S 131961,135090 544,576 577,593 1
S 131979,134513 542,579 580,587 4
S 137861,137539 540,569 570,599 3
S 134804,257702 540,565 566,599 1
S 137588,137941 540,560 570,587 4
S 132268,137864 540,566 567,591 3
S 129376,135073 546,567 568,596 5
S 137885,135082 540,569 570,592 3
S 135051,135067 540,557 563,593 3
S 135165,257711 540,556 568,588 5
S 137495,135056 540,568 569,594 5
S 137858,137883 540,565 566,597 1
S 131828,131990 540,577 578,597 2
S 132002,137864 544,577 578,588 4
S 137889,134804 540,570 571,587 5
S 131804,137537 542,575 576,598 2
S 135169,258580 540,552 553,568 1
S 131443,132004 540,568 569,591 5
S 137537,137883 540,561 562,595 4
S 258580,135053 541,575 576,588 2
S 135185,131443 540,563 564,573 5
S 135229,132248 540,550 551,562 5
S 134867,137758 540,558 559,597 3
S 132001,137584 540,582 583,595 3
S 135067,137884 540,554 568,588 1
S 134870,134925 540,550 561,596 4
S 135252,132001 540,552 553,569 5
S 135053,132003 540,563 564,573 1
S 131961,135228 544,575 576,600 1