D 15157
C 12
S 35104,32516 563,595 627,657 2
S 34955,14950 560,602 622,661 5
S 35459,17193 572,594 625,659 1
S 14950,277475 540,557 572,599 4
S 35583,17198 563,608 620,664 2
S 60538,15160 580,608 630,653 1
S 34083,15160 560,591 621,663 4
S 33528,60562 555,580 581,617 1
S 35663,60545 569,607 630,654 3
S 15169,57036 540,555 631,652 2
S 35662,33629 579,597 628,656 3
S 35585,34956 570,601 622,661 2
S 30993,34950 540,574 575,603 5
S 57227,34976 570,611 623,660 3
S 15147,34048 540,556 620,663 1
S 35089,35759 562,584 585,608 4
S 60562,60561 579,611 626,658 2
S 33528,34976 549,585 586,595 1
S 34986,57049 565,592 593,617 2
S 34954,60535 565,596 627,657 5
S 17329,34086 540,567 568,592 3
S 17193,57214 540,558 630,653 4
S 34058,15169 568,586 620,663 5
S 32680,35103 550,580 581,589 5
S 35662,32523 578,597 622,661 2
S 277476,33585 569,601 630,654 5
S 57176,17329 582,600 630,654 5
S 57046,34055 575,617 622,662 2
S 35458,32257 563,605 620,664 1
S 57048,32036 577,614 624,660 4
S 30993,34056 542,565 622,661 1
S 35626,57163 574,598 634,650 3
S 57213,34055 570,610 622,662 5
S 35004,35456 557,586 622,661 4
S 60563,57036 575,614 619,664 4
S 15256,35032 540,559 560,590 4
S 35417,33590 565,600 624,659 2
S 34954,60562 568,594 595,613 4
S 34087,35417 570,585 622,662 1
S 60547,35104 583,604 626,658 2
S 35090,57163 558,590 591,604 4
S 35103,31106 563,595 623,660 4
S 32085,32214 540,578 629,654 4
S 15254,57213 540,554 621,662 5
S 35073,57035 553,589 631,653 1
S 57176,34087 579,603 631,652 4
S 34960,57214 564,595 623,661 4
S 35424,32036 564,603 622,662 2
S 34955,35759 568,593 633,650 5
S 34053,35457 563,591 623,661 4
S 35637,17203 576,597 624,660 3
S 35073,60532 554,587 633,650 3
S 33528,35423 560,575 631,653 5
S 35063,57037 560,579 627,657 1
S 34986,32213 557,600 622,661 3
S 34993,34047 560,590 631,652 1
S 57163,33973 576,606 619,664 2
S 17203,34954 543,558 572,590 1
S 60535,60563 585,602 631,652 4
S 34949,33618 570,594 625,658 5