D 11139
C 10
S 11169,9313 540,554 578,605 2
S 8813,9232 546,574 575,610 3
S 9309,8910 540,557 571,611 2
S 8453,11929 544,586 587,603 4
S 8834,9283 541,582 583,610 1
S 12113,8518 544,584 585,600 2
S 11354,11144 540,566 570,613 5
S 8814,11960 543,578 581,601 4
S 8902,12112 546,579 580,613 2
S 11636,11926 540,557 574,609 5
S 8925,9032 548,574 575,609 1
S 8415,8739 555,575 576,610 2
S 9108,11999 545,563 582,600 2
S 12092,9286 552,575 581,602 2
S 6195,11418 547,568 569,614 2
S 11646,11373 540,549 550,569 3
S 11460,8892 540,556 557,574 2
S 8904,8943 551,574 578,605 2
S 9280,11392 540,557 578,604 3
S 11645,20738 540,562 583,599 5
S 6200,8520 544,571 574,609 2
S 11200,8924 540,564 565,569 4
S 11938,11998 548,563 574,608 5
S 9283,11431 540,556 584,599 2
S 11370,9028 540,572 573,609 1
S 8454,11926 544,586 587,613 2
S 8739,11150 549,580 581,602 5
S 9279,9054 540,554 577,606 1
S 8925,9034 544,578 579,608 3
S 11374,9032 540,572 573,609 3
S 9312,9288 540,561 584,599 2
S 9272,11414 540,558 575,607 5
S 9313,8946 540,556 574,609 5
S 11148,11499 540,551 569,613 4
S 8789,9025 550,568 583,600 2
S 8808,11149 546,572 573,613 1
S 11324,11997 542,558 576,606 5
S 8892,11507 542,585 586,604 1
S 11370,9038 540,573 576,606 2
S 9099,11158 546,563 571,611 3
S 11170,9026 540,555 583,599 5
S 9271,8945 540,563 580,603 4
S 9313,6210 540,563 564,567 2
S 9100,11956 540,577 579,603 5
S 11460,11193 540,558 578,604 2
S 11142,8458 540,559 581,601 4
S 11255,11167 540,575 576,611 2
S 6207,9312 542,573 574,613 1
S 9102,9237 540,572 574,609 2
S 9109,11190 540,573 576,606 4
S 11355,8739 540,570 571,586 2
S 11148,8520 540,562 570,613 4
S 12092,11419 545,581 582,612 5
S 6206,11521 540,577 578,607 1
S 9274,6197 540,558 559,565 5
S 9311,11154 540,553 581,602 5
S 9068,11499 540,574 575,608 4
S 11148,8789 540,558 559,568 3
S 12090,9287 545,582 583,602 1
S 8903,8528 545,580 581,604 1