D 34764
C 10
S 61785,276765 556,579 585,606 5
S 35942,39247 540,567 585,606 1
S 38630,61720 541,562 578,613 4
S 38630,56632 543,560 588,603 3
S 37725,61721 546,566 581,610 3
S 37666,35887 543,578 579,613 5
S 37784,56616 543,564 565,585 3
S 38569,61784 540,567 568,586 4
S 40146,34768 551,575 587,605 2
S 38528,37955 540,567 579,612 4
S 39176,38529 540,575 585,606 5
S 35970,38717 540,565 579,613 5
S 40260,39240 543,587 588,610 3
S 38576,35970 545,560 582,610 4
S 37729,39237 547,565 579,612 5
S 40377,56630 555,578 579,617 2
S 61798,38017 560,576 583,608 5
S 35970,61825 540,564 565,578 1
S 35899,61727 540,554 575,617 5
S 37723,56632 545,568 588,603 5
S 61785,276763 547,588 589,607 1
S 39177,38015 544,571 576,615 5
S 61795,39389 557,581 582,618 4
S 40154,38750 554,574 580,612 4
S 38606,35894 542,563 580,611 3
S 37701,56636 540,575 583,609 3
S 40154,39483 546,582 583,615 3
S 38528,61731 540,571 574,617 5
S 37777,35989 542,566 580,611 5
S 40369,61798 551,580 581,617 5
S 40254,39483 552,576 586,606 5
S 61825,39489 561,577 587,604 4
S 37725,35940 543,568 588,604 5
S 35928,37692 540,561 562,577 1
S 37698,61732 551,566 575,617 5
S 276861,38016 540,572 577,615 1
S 38016,39243 540,555 578,613 3
S 38016,276765 540,568 587,604 5
S 39167,61825 540,579 580,613 1
S 38569,40116 540,571 578,613 1
S 37993,35991 540,570 583,608 3
S 35894,39176 540,558 559,571 1
S 35970,40260 540,559 560,585 4
S 40372,61731 558,575 576,616 2
S 39269,39982 540,582 583,610 2
S 271948,61731 561,577 578,613 4
S 35991,39237 540,566 586,605 4
S 37676,56630 540,582 587,604 5
S 40360,38738 543,587 588,606 3
S 38016,37664 540,561 562,574 2
S 35883,40003 540,557 574,617 3
S 35983,40154 540,561 562,578 2
S 34768,40261 540,559 560,584 1
S 37701,276762 543,572 584,608 1
S 35896,56633 540,557 574,617 3
S 34768,39177 540,556 557,580 3
S 38658,276840 543,566 577,614 5
S 276858,39389 540,565 580,612 4
S 39329,40003 554,569 585,606 1
S 38015,40255 540,567 568,577 5