D 228906
C 8
S 229418,229691 540,565 641,672 4
S 231331,231178 567,584 646,666 1
S 229419,228525 540,571 640,673 2
S 231263,219649 564,595 596,613 3
S 218938,227047 586,611 637,675 5
S 231177,222623 559,595 641,671 2
S 229097,227042 540,560 648,664 1
S 219637,239155 572,616 647,666 2
S 227761,228526 540,565 639,673 1
S 231887,227665 555,586 639,674 3
S 235352,231863 569,594 648,664 3
S 219649,236884 575,610 640,673 3
S 236009,222495 540,551 571,609 4
S 231262,227217 571,587 648,665 4
S 229392,231056 540,559 646,666 1
S 231261,226466 568,590 640,673 5
S 229736,231730 540,554 636,677 2
S 236884,219636 548,563 637,675 3
S 222555,227045 577,599 649,664 3
S 231088,231057 563,603 636,677 1
S 222622,227654 576,597 641,672 4
S 228923,227050 540,557 558,578 3
S 219226,218992 587,605 645,667 5
S 218939,218698 587,609 644,669 4
S 218986,231049 578,617 644,669 3
S 227043,222554 546,581 645,668 4
S 226453,231134 540,576 577,597 3
S 229393,231864 540,572 573,584 1
S 228507,219640 540,556 585,605 5
S 219647,231920 573,612 635,677 2
S 226502,235346 552,567 568,598 4
S 226599,230880 543,579 639,674 3
S 222495,237295 571,610 648,664 4
S 219648,227044 579,607 646,667 1
S 227468,222576 540,572 636,676 5
S 227759,231327 540,569 570,594 4
S 229441,222467 540,560 648,665 3
S 228507,226466 540,552 636,677 1
S 228498,229097 540,567 646,667 2
S 232048,236884 555,595 646,666 5
S 231995,222421 562,585 586,603 2
S 231321,219227 569,584 640,673 5
S 219648,231886 585,600 637,675 1
S 226611,231994 551,572 640,673 5
S 218990,222482 581,614 640,672 4
S 226254,231919 547,565 566,580 3
S 227467,231115 543,566 567,605 3
S 229018,222424 540,552 642,670 1
S 218696,226453 580,617 636,676 2
S 222621,227568 572,601 642,671 2
S 231971,228498 563,587 643,669 3
S 219911,231480 569,614 635,677 5
S 228918,231300 540,547 635,677 2
S 229406,222622 541,559 634,679 1
S 222421,231298 581,601 635,677 3
S 229017,219204 540,556 578,615 4
S 227755,231134 540,563 646,667 2
S 229017,231886 540,562 637,675 3
S 227580,226621 546,563 644,669 1
S 232000,231133 563,584 643,670 2