D 136447
C 9
S 190328,148826 547,590 638,683 3
S 190746,176818 564,592 650,671 1
S 143715,176806 540,572 643,679 4
S 143866,172129 540,568 642,679 4
S 176380,224014 541,585 650,671 1
S 190749,148824 560,596 644,678 3
S 136833,229809 540,561 589,609 5
S 136476,228341 540,551 576,610 1
S 190353,216419 553,592 593,596 1
S 136484,172914 540,559 560,580 1
S 176260,185112 548,576 653,669 3
S 136485,216483 540,554 652,669 5
S 223837,223253 577,606 643,678 4
S 229903,171786 584,623 646,676 4
S 172867,229919 540,576 641,681 1
S 216422,223255 571,603 649,673 4
S 143710,229805 540,569 653,668 2
S 190809,229903 564,595 651,671 3
S 172865,185129 542,576 647,674 2
S 190337,215785 561,581 645,676 1
S 190809,228496 561,598 643,679 2
S 148563,176774 543,564 648,674 1
S 228485,223255 587,604 641,680 1
S 229907,194876 582,623 653,668 5
S 190015,194904 548,588 652,670 3
S 228496,229804 580,614 651,670 3
S 229972,194910 584,627 643,678 3
S 228348,176818 580,606 641,680 4
S 216413,185114 580,595 640,682 2
S 136533,190681 540,555 564,586 2
S 223837,172195 570,613 644,678 2
S 216413,194881 567,609 643,679 5
S 190810,228496 566,593 646,675 1
S 223814,176637 574,604 638,683 5
S 172814,215782 540,578 639,682 5
S 223810,229803 580,596 648,674 4
S 172916,223853 543,573 641,680 4
S 229806,143085 587,612 645,677 3
S 216411,227835 573,603 638,683 5
S 229093,184974 577,620 648,674 3
S 190679,228490 565,584 585,611 2
S 185405,176631 553,578 649,672 2
S 148597,172195 540,569 644,678 2
S 185403,172044 546,586 648,674 5
S 190746,223275 562,594 642,680 3
S 172826,143666 543,567 646,676 5
S 190329,185123 548,590 645,676 1
S 223829,136445 580,600 649,673 4
S 189853,194902 556,579 650,671 4
S 229095,215660 577,620 642,679 2
S 172830,136446 540,574 647,674 1
S 212114,229902 562,604 605,618 1
S 223815,229919 575,604 605,610 3
S 190820,172197 563,599 652,670 2
S 212574,223861 569,600 644,678 1
S 143865,229971 542,559 641,680 5
S 189852,177054 550,584 649,672 4
S 172818,229096 541,571 586,610 1
S 228439,227840 585,606 653,669 4
S 228343,148846 578,606 653,669 4