D 152846
C 8
S 152843,156958 540,552 618,635 2
S 250423,157046 573,588 619,634 4
S 195785,152967 579,601 606,648 5
S 123137,194003 540,571 617,636 1
S 123204,163979 540,581 582,596 4
S 166976,163417 568,585 611,642 4
S 255593,156951 548,590 609,644 1
S 183441,153105 571,603 612,642 2
S 123086,182233 544,571 604,649 5
S 167539,182286 555,600 613,640 4
S 152275,179681 540,563 617,637 2
S 139374,166990 543,585 586,599 5
S 183334,179682 567,605 606,649 5
S 183312,194059 575,596 609,644 5
S 195818,158167 574,607 617,636 5
S 182315,153097 567,601 615,639 2
S 255241,179692 540,569 609,645 1
S 182103,178388 569,599 614,640 4
S 123080,158162 540,576 606,647 4
S 183315,179681 571,601 619,634 3
S 182111,156957 570,596 612,642 5
S 183313,157020 565,607 612,642 5
S 182114,183479 565,600 612,641 5
S 152843,195787 540,561 619,635 1
S 139844,253589 546,586 604,649 4
S 249867,183460 572,598 618,635 5
S 139847,253615 556,575 617,637 3
S 128069,150463 540,566 567,585 4
S 183442,159093 573,601 618,635 1
S 150357,182283 547,586 618,636 5
S 179807,159092 563,600 608,646 3
S 183441,158161 576,599 605,648 4
S 182111,195903 571,594 615,638 5
S 123045,170145 543,572 573,594 4
S 182918,178381 576,594 615,639 2
S 123047,159122 547,567 605,649 1
S 194060,182301 566,611 612,649 4
S 122667,253589 540,573 608,646 2
S 128619,195903 549,573 575,607 2
S 128068,139796 540,562 563,583 4
S 123209,183441 542,578 579,602 1
S 123077,195787 540,578 579,609 5
S 153940,182280 558,581 605,649 4
S 123044,182315 542,572 573,598 4
S 152273,191418 540,559 617,637 4
S 139834,156974 545,585 619,634 3
S 123188,156800 541,577 610,644 2
S 179807,156802 570,592 614,639 5
S 152276,195905 540,563 582,601 5
S 182316,159065 573,596 609,644 5
S 166992,191420 569,585 611,643 1
S 195816,157021 580,600 615,638 1
S 255244,166976 540,553 564,589 2
S 128618,191417 548,575 611,642 3
S 128333,179710 540,582 614,640 3
S 191417,163417 579,597 615,639 3
S 139845,182300 549,583 607,646 2
S 152274,150368 540,549 550,586 2
S 123162,159092 540,576 610,643 4
S 182120,156955 562,601 612,642 5