D 39901
C 11
S 129502,89579 554,592 593,614 4
S 70905,78950 540,569 590,615 3
S 70922,87554 543,562 563,574 5
S 70951,89148 542,565 587,618 1
S 62691,78950 540,565 566,571 3
S 61377,87202 540,563 564,571 5
S 74518,87547 551,567 588,618 1
S 70571,89084 544,559 560,578 1
S 89076,61386 555,577 584,622 2
S 87546,74438 540,585 592,613 4
S 39916,70713 540,554 591,615 2
S 129506,70710 560,587 588,621 2
S 129502,73478 555,591 594,611 1
S 62698,118914 540,560 561,593 3
S 90771,79331 558,580 589,617 5
S 39520,90934 540,562 563,584 4
S 74441,130031 546,569 570,590 5
S 89574,70598 546,587 594,612 4
S 74439,87551 540,576 582,623 5
S 74438,90939 541,575 589,617 3
S 130030,87547 554,593 594,619 3
S 70942,87553 540,571 594,611 2
S 90772,70602 555,584 593,612 1
S 74518,70591 547,570 584,622 5
S 79331,61092 551,570 592,614 1
S 74416,118925 540,573 574,590 1
S 276673,90913 540,565 589,616 3
S 74416,129517 540,574 575,583 4
S 86740,129479 554,569 590,616 1
S 78881,74516 545,573 592,614 4
S 90928,79334 555,585 586,625 2
S 61390,90927 540,557 558,591 3
S 89143,70711 546,585 586,620 3
S 62654,87546 540,558 595,610 4
S 74518,61141 549,569 588,617 2
S 70906,89087 542,564 580,625 1
S 70567,39893 540,564 594,611 5
S 70726,91390 540,567 568,586 4
S 70949,62655 540,571 593,613 3
S 61377,90911 540,564 593,612 1
S 39525,73480 540,551 552,563 2
S 61390,61091 540,559 585,621 5
S 86800,118908 541,582 592,613 3
S 78948,62653 543,578 586,619 5
S 56875,61110 540,554 591,615 5
S 78881,78880 541,577 582,623 1
S 89079,78881 548,583 587,618 2
S 87553,61141 552,576 581,625 1
S 78948,129517 552,569 587,618 2
S 39522,70734 540,563 564,565 5
S 129519,261707 552,596 597,614 3
S 56875,62655 540,555 592,614 3
S 62652,62653 540,565 588,618 4
S 62706,87545 540,566 586,620 4
S 90736,70616 556,582 585,621 2
S 62691,269840 540,568 592,613 4
S 79332,90784 540,583 589,617 1
S 79331,129517 553,568 569,593 1
S 70545,56886 541,560 582,623 3
S 62706,89079 540,566 567,573 4