D 91602
C 9
S 132113,150449 546,569 579,616 3
S 139094,131758 542,576 585,610 2
S 140330,129320 545,580 585,610 3
S 153498,153493 549,589 590,615 2
S 140367,150473 545,573 584,612 2
S 130233,131658 540,565 577,619 3
S 139089,118057 540,577 582,614 2
S 118853,130522 540,560 590,605 1
S 130094,117928 540,558 584,611 1
S 117828,131502 540,555 586,610 1
S 140396,153686 542,578 586,609 1
S 150790,150449 557,579 590,605 2
S 117822,132113 540,558 577,619 1
S 129035,132071 540,569 578,618 4
S 91559,129188 540,549 550,571 3
S 129188,130894 540,573 587,608 1
S 131758,258922 546,567 586,609 5
S 118862,132082 540,554 575,620 4
S 140310,129100 554,573 583,612 1
S 130234,150416 541,558 559,582 1
S 132110,140389 545,570 590,606 1
S 153498,150574 561,576 584,611 5
S 118862,150576 540,567 582,614 1
S 117871,139095 540,561 580,615 5
S 261788,131607 540,556 587,608 4
S 153491,150468 560,579 580,619 4
S 130074,153504 540,563 564,580 2
S 91601,131613 540,557 558,572 3
S 117876,150321 540,558 559,575 5
S 140379,140389 540,582 583,614 4
S 91549,140380 540,559 576,620 1
S 150285,150576 553,572 584,611 2
S 150607,129417 558,574 582,614 4
S 153497,130671 554,583 588,607 3
S 255587,150468 558,576 581,614 1
S 140400,153697 544,575 590,605 3
S 140344,140337 553,569 583,612 3
S 261788,131759 540,567 587,609 1
S 128951,150420 540,566 567,580 2
S 130401,153503 540,559 584,611 4
S 150421,150238 543,586 587,620 1
S 150275,118764 545,582 583,618 3
S 132077,153511 549,566 579,617 2
S 153491,153497 551,588 589,608 2
S 261807,118751 540,567 588,608 1
S 150371,130894 553,576 582,613 1
S 130234,131659 540,566 581,615 2
S 132108,150099 547,569 578,618 3
S 131658,117940 540,577 583,612 2
S 131536,131602 540,572 582,613 4
S 150324,129319 548,581 582,614 5
S 117774,129035 540,557 558,574 1
S 132071,131524 545,569 587,609 1
S 150597,117939 556,575 578,618 1
S 130233,130957 540,568 577,619 3
S 131603,255145 543,567 568,580 3
S 128979,140310 542,558 559,574 1
S 150610,139087 549,584 585,610 1
S 150234,131758 546,579 580,616 2
S 130095,150839 540,563 564,590 2