D 249512
C 10
S 261817,168487 568,596 615,636 5
S 249511,165602 540,554 555,582 5
S 169058,171662 541,581 612,639 1
S 142149,169059 552,593 604,648 4
S 164843,164842 557,577 616,635 5
S 169146,261788 545,573 575,590 3
S 194870,184794 540,565 605,647 1
S 89518,149550 564,606 607,646 1
S 185135,164903 540,551 617,634 3
S 190929,261818 540,567 568,598 2
S 89479,164928 573,599 609,643 2
S 169148,91499 542,577 612,640 1
S 180981,118677 540,568 615,637 2
S 194875,164703 540,554 604,647 1
S 138039,177210 558,589 609,642 2
S 149473,169066 554,588 609,643 4
S 177308,164843 543,566 567,588 5
S 165619,149472 549,580 606,646 5
S 89018,184635 568,606 607,645 1
S 185105,171653 540,550 551,566 3
S 88988,261817 572,604 605,647 2
S 169059,88985 541,580 581,605 1
S 165623,91073 543,587 588,600 3
S 142171,180985 558,586 607,644 2
S 89478,177147 578,595 609,642 2
S 164933,142147 550,583 614,637 2
S 137543,118016 559,592 616,636 3
S 185146,171469 540,560 561,570 2
S 261794,165549 563,600 605,647 2
S 249513,137994 540,555 566,584 1
S 149472,89248 562,580 581,605 1
S 91023,117856 572,598 609,643 4
S 184723,118677 540,572 615,636 2
S 165621,169134 542,587 606,645 5
S 165626,177138 555,576 605,646 5
S 138039,137503 552,595 617,635 5
S 184774,261818 541,557 607,645 3
S 171653,184636 545,566 605,647 3
S 142171,142023 549,594 614,638 3
S 164813,164706 558,580 615,637 1
S 169146,184836 549,570 614,638 1
S 165622,171449 549,581 606,645 5
S 190928,184599 540,559 610,641 3
S 164459,180986 563,578 617,635 2
S 261777,177132 572,593 607,645 1
S 261776,165623 565,601 604,648 2
S 171304,184796 545,570 608,644 3
S 171249,118061 550,567 568,590 3
S 91073,261794 566,602 616,636 3
S 89248,261729 569,605 616,635 1
S 171471,169064 540,576 614,637 2
S 89019,117860 572,603 604,647 3
S 91074,164529 577,592 603,648 3
S 165548,138521 540,584 612,639 4
S 165627,142023 546,585 608,643 4
S 164468,168487 550,590 607,644 4
S 118032,169142 558,600 618,634 1
S 168491,142147 547,578 612,639 4
S 118043,117863 569,589 607,644 1
S 149473,169058 560,582 613,638 4