D 113410
C 10
S 113548,113446 540,554 599,634 2
S 175141,189525 552,580 581,592 3
S 113495,249289 540,560 567,582 3
S 186408,175526 564,582 604,629 3
S 175239,146947 556,576 600,633 3
S 147575,213245 542,584 585,601 5
S 113518,213219 540,555 597,636 4
S 263360,147173 540,563 564,579 2
S 113563,173876 540,561 562,582 5
S 186297,173867 550,595 600,632 2
S 186297,147164 553,592 604,628 3
S 189587,213221 562,595 605,627 3
S 213248,173882 565,595 598,634 2
S 113247,186365 540,557 601,632 1
S 113246,186129 540,556 557,586 5
S 189586,145531 556,600 601,633 2
S 249285,175146 561,588 603,629 2
S 113548,256132 540,559 604,628 3
S 113508,173870 540,563 605,628 2
S 147063,147571 547,570 608,625 4
S 186262,113416 563,580 600,633 2
S 113250,256132 540,561 562,571 2
S 113565,146963 540,558 598,635 3
S 173870,213219 547,581 582,605 3
S 145328,213240 540,563 568,595 5
S 147053,186277 544,571 572,590 2
S 146768,173768 540,574 601,631 3
S 186409,186360 559,586 604,628 2
S 147166,186361 546,575 596,637 3
S 173870,175530 551,578 603,629 3
S 186208,249241 554,585 599,633 5
S 173864,189674 550,582 601,632 2
S 146771,189530 540,570 571,585 1
S 175494,147546 547,591 604,628 3
S 189621,146953 557,601 605,628 3
S 175229,256111 548,589 605,628 4
S 113540,249240 540,561 602,631 5
S 189528,186356 555,600 601,637 5
S 145571,146630 541,560 609,624 2
S 213253,256131 560,599 602,630 4
S 186437,186038 561,586 601,631 3
S 113400,186357 540,559 609,624 5
S 110464,186266 540,559 560,583 3
S 146975,146968 541,574 606,627 3
S 145328,147052 540,567 601,632 2
S 146932,189524 545,568 570,586 4
S 175141,187079 557,576 608,625 5
S 146761,175491 540,570 571,578 5
S 145573,213221 540,570 603,630 3
S 146958,249241 545,567 594,638 5
S 113559,145534 540,558 594,639 2
S 186402,145505 552,594 600,632 1
S 263360,186436 540,556 564,584 1
S 213240,175150 564,599 600,636 4
S 173868,146966 542,587 595,638 1
S 173881,173770 551,575 608,624 3
S 113558,146752 540,560 600,633 5
S 113515,147558 540,555 594,638 1
S 175494,175201 554,583 600,633 1
S 147053,186353 540,579 599,633 4