D 18400
C 8
S 34910,18360 540,584 650,690 5
S 60025,124868 565,587 647,692 3
S 18560,278229 540,554 658,681 1
S 34229,69444 540,576 577,613 5
S 278237,57492 540,565 656,684 1
S 34266,67049 550,566 649,690 5
S 67058,69313 567,596 597,617 4
S 35435,278240 554,572 659,680 3
S 67046,126579 571,589 648,691 4
S 18399,18504 540,560 654,685 2
S 66587,126577 570,586 657,683 4
S 57427,35460 559,578 657,683 5
S 35460,67692 551,580 654,685 3
S 57427,82497 553,583 656,684 5
S 60044,278308 567,582 662,678 3
S 18467,66587 540,562 563,598 1
S 66992,18399 571,595 656,684 2
S 57496,69319 556,585 655,685 2
S 69440,278308 574,613 650,689 5
S 34296,30692 545,573 656,683 3
S 34296,60029 548,569 570,584 3
S 34274,82121 540,578 579,615 4
S 57487,60055 554,586 650,690 2
S 35491,278228 553,578 662,678 2
S 67501,278235 569,600 648,691 2
S 35546,34286 548,585 654,685 2
S 18401,66570 540,554 650,689 4
S 60063,82495 560,586 653,686 4
S 124855,60023 581,625 655,684 2
S 278288,57485 540,560 648,691 3
S 34274,126577 540,572 662,677 4
S 278228,69448 540,562 576,608 4
S 57485,60030 547,592 657,683 1
S 84633,30708 592,613 657,682 4
S 124840,34252 581,625 653,687 4
S 34253,34295 540,573 662,678 1
S 278240,34343 540,557 558,582 5
S 34268,60054 540,579 656,684 4
S 63831,57465 558,598 659,680 3
S 82123,57465 572,617 655,685 5
S 66992,271106 572,593 648,691 4
S 69308,34270 577,617 653,686 2
S 69320,67690 579,613 648,692 4
S 35496,66570 552,580 658,682 5
S 67503,34406 576,592 654,685 5
S 60026,34910 554,597 651,689 3
S 69490,278236 578,602 660,679 4
S 57498,35459 551,591 651,689 3
S 278293,35555 540,562 563,581 4
S 67062,126579 573,591 592,626 3
S 60029,34230 559,592 654,685 1
S 30686,60029 540,564 661,679 1
S 57485,35458 562,577 657,682 4
S 67685,124840 563,606 607,616 1
S 82408,35551 576,620 652,688 3
S 30707,57465 540,568 650,690 1
S 126624,18499 587,624 655,684 1
S 69308,13898 582,612 661,679 2
S 82499,18367 587,613 659,680 2
S 34910,60079 551,572 573,588 5