D 258159
C 10
S 136534,136486 547,589 605,625 3
S 135340,114642 540,563 564,579 3
S 103822,133556 540,576 604,625 4
S 143960,136345 558,596 602,628 2
S 134342,136531 540,553 555,580 1
S 136487,134474 557,577 602,627 4
S 136485,144849 555,579 580,600 5
S 134350,258157 540,559 600,630 1
S 115450,148011 542,581 582,602 5
S 144833,136792 564,598 607,623 4
S 136487,133556 550,583 593,637 1
S 114642,134285 540,578 596,633 1
S 258436,134483 540,562 599,630 1
S 136834,144849 546,591 592,599 3
S 115427,144834 542,579 595,635 5
S 114631,134479 545,567 607,623 2
S 103822,136537 542,569 570,578 1
S 114629,143895 540,578 579,589 1
S 143871,134204 553,590 594,636 1
S 144853,136809 561,603 605,624 3
S 133915,136746 554,572 573,593 3
S 148475,134085 569,591 593,637 3
S 134469,136794 540,555 601,628 3
S 136534,135341 557,578 602,628 1
S 144834,136342 565,597 601,628 2
S 115991,136791 540,563 607,622 4
S 115596,258124 553,569 599,630 4
S 133911,148476 552,576 577,602 5
S 115232,143890 545,577 578,582 2
S 114630,134481 543,571 594,636 1
S 136837,136710 547,591 605,624 3
S 136883,148009 564,580 594,636 5
S 114624,143895 540,577 578,589 3
S 148482,258156 558,601 602,632 1
S 133383,114642 540,567 568,577 1
S 136829,136715 551,585 600,629 1
S 115073,144852 546,572 594,636 4
S 136837,135672 556,582 604,626 4
S 115075,134151 542,578 600,629 1
S 148476,136790 562,598 607,622 4
S 115234,134287 542,578 593,637 4
S 133101,135671 540,564 597,633 1
S 103764,136772 540,575 607,622 2
S 115073,134483 549,570 597,633 2
S 115750,143970 540,572 573,600 3
S 136745,134151 569,584 599,631 1
S 103821,136443 548,563 564,586 2
S 133778,136532 541,585 594,636 4
S 144832,135672 560,601 606,624 1
S 133908,144831 549,580 602,628 4
S 136838,134200 549,591 594,636 5
S 136534,143982 559,577 578,595 3
S 143895,136533 558,589 596,633 3
S 136841,134163 553,587 592,637 5
S 134482,136793 540,563 592,637 3
S 103549,134200 540,564 600,630 1
S 143924,134339 566,584 600,630 3
S 133384,134149 540,567 605,625 1
S 134468,136795 540,557 602,628 1
S 144831,133554 572,588 593,636 1