D 168828
C 8
S 134361,92729 543,583 584,598 1
S 135303,133143 540,573 606,636 1
S 134483,101657 546,575 609,632 4
S 137297,101986 541,568 611,631 1
S 115745,115993 561,578 602,640 3
S 154760,134362 542,559 560,570 1
S 138341,92964 541,573 607,634 5
S 102074,164971 564,589 604,638 4
S 101673,133144 556,598 603,639 5
S 168208,101674 540,563 564,597 2
S 168819,101653 540,563 569,588 3
S 92799,101653 568,600 604,637 1
S 138327,102086 540,574 575,588 3
S 149432,92693 545,561 600,641 1
S 168225,138328 540,566 567,577 1
S 142180,168830 540,566 601,641 5
S 135344,101987 543,577 605,637 1
S 168229,92727 540,568 605,637 2
S 115982,115771 547,587 602,640 2
S 101602,103681 559,600 609,633 1
S 168820,103649 540,561 604,637 5
S 133143,101674 546,585 586,596 5
S 115742,92693 555,582 611,631 4
S 169535,138266 540,561 562,571 3
S 103640,133098 551,596 602,639 3
S 133101,115765 559,575 603,638 3
S 154760,135345 540,569 570,582 4
S 138341,168434 547,567 606,636 2
S 134470,168583 541,582 609,632 5
S 92686,103777 562,604 606,636 1
S 149431,134327 542,563 564,581 2
S 135341,101987 542,578 603,638 4
S 135340,103578 541,579 601,641 5
S 133384,92728 557,573 574,597 5
S 103580,103577 556,588 613,628 1
S 135341,168388 546,575 606,636 1
S 101673,134328 555,600 613,629 3
S 168225,168600 540,563 607,635 3
S 103580,103777 560,583 600,641 1
S 154772,103777 540,561 611,631 5
S 92736,168434 573,591 604,637 3
S 134362,101605 548,576 604,637 1
S 103579,102074 557,587 600,642 1
S 101617,168431 564,593 602,640 5
S 115997,133380 557,581 601,640 2
S 101615,137271 571,587 602,639 1
S 154772,134379 540,571 602,640 1
S 142180,92733 540,566 606,636 3
S 92798,92733 572,596 599,642 5
S 168209,258436 540,559 560,580 5
S 138265,101985 540,574 575,596 2
S 93054,115771 562,599 613,629 2
S 103764,103781 551,591 607,634 2
S 138324,92947 545,569 570,599 1
S 115750,103766 556,583 601,641 2
S 115991,103766 560,576 605,637 4
S 154764,165104 541,558 610,632 4
S 168819,102023 540,563 564,598 3
S 133369,138338 548,579 613,629 5
S 92734,134343 567,597 607,635 5