D 131062
C 11
S 259048,267044 540,559 561,597 2
S 89686,267051 542,565 566,593 1
S 89687,86583 540,574 575,598 4
S 91341,130603 540,566 567,598 4
S 85656,130072 551,569 570,591 3
S 89702,86580 544,566 570,588 5
S 85702,90174 547,568 571,588 1
S 90555,89722 540,570 571,598 2
S 79461,90178 545,575 576,599 4
S 118901,89701 540,557 560,598 4
S 131060,90584 540,559 565,593 3
S 79465,85656 552,569 570,595 2
S 90553,130049 543,560 567,592 3
S 91370,118931 540,556 561,598 3
S 130601,91322 540,564 567,591 1
S 85654,90176 548,572 573,597 4
S 130050,129501 540,561 562,601 2
S 91219,89695 540,571 572,598 3
S 130981,91220 540,562 565,594 2
S 130991,130591 540,554 571,587 1
S 131060,79439 540,549 550,573 4
S 267051,90176 544,560 561,599 5
S 118926,118930 540,558 567,591 2
S 129459,130988 540,562 569,589 1
S 267047,129496 540,571 572,588 1
S 91216,130978 540,567 568,591 4
S 91215,130073 540,568 569,595 5
S 79462,90175 551,568 569,593 4
S 130973,130604 540,549 567,592 3
S 130980,130606 540,554 560,598 5
S 130384,267047 540,564 568,590 4
S 130386,130604 540,555 560,599 2
S 89685,91322 540,567 572,587 4
S 90582,130386 540,573 574,594 5
S 267052,91322 540,572 573,596 3
S 79460,118933 544,575 576,592 3
S 130981,90584 540,558 559,571 4
S 129448,86578 540,560 565,593 2
S 74256,79458 541,578 579,602 1
S 79446,130048 547,571 572,592 1
S 85716,91215 540,578 579,593 4
S 131059,89701 540,561 562,569 4
S 91221,91235 540,564 565,594 4
S 90555,90178 540,572 573,599 3
S 89722,130972 540,572 573,600 4
S 129486,130983 540,561 562,601 5
S 258654,130392 540,550 569,590 5
S 130052,91349 540,564 565,600 4
S 129489,130605 540,569 570,588 5
S 79438,129497 548,568 569,591 3
S 130602,79453 540,555 564,595 2
S 130606,79466 540,553 569,589 2
S 130602,130957 540,554 569,590 4
S 89689,130385 540,569 570,596 1
S 129493,130604 540,560 572,587 2
S 90555,130988 540,570 571,596 1
S 130603,85725 540,551 552,566 2
S 91338,85755 541,557 572,587 3
S 258652,79463 540,547 548,578 4
S 130988,89701 540,562 566,593 4