D 246742
C 11
S 123957,200083 589,627 637,682 1
S 205576,123564 553,573 601,619 5
S 201863,205920 547,572 573,582 2
S 200047,199314 540,562 565,593 5
S 200937,152491 543,564 652,668 1
S 199993,158255 540,560 574,605 5
S 158874,152194 567,607 608,622 4
S 158873,124147 569,605 644,675 2
S 158790,123506 572,604 649,671 1
S 200056,200087 540,555 648,671 4
S 202116,152200 547,577 650,670 5
S 124091,199713 591,622 639,681 2
S 201995,152677 566,588 589,606 5
S 127625,152235 595,614 646,674 2
S 200879,179302 540,567 568,597 4
S 160146,123520 564,607 643,677 3
S 179301,123499 567,595 641,679 5
S 205733,123524 555,596 597,634 1
S 157058,127742 572,615 648,672 5
S 192563,200061 563,596 646,673 2
S 200049,151239 540,557 644,676 4
S 202115,123506 549,574 651,669 5
S 205850,152231 551,580 640,680 3
S 200049,162403 540,553 642,677 2
S 85323,123507 603,622 641,679 4
S 158789,123520 570,606 642,677 3
S 152964,200065 576,614 641,679 1
S 200057,205867 540,556 557,584 1
S 200054,152285 540,553 576,617 3
S 202118,205828 549,573 574,582 4
S 123518,152580 602,622 648,672 4
S 123958,123565 599,617 639,680 2
S 158872,160377 575,598 649,671 2
S 205851,152575 557,573 639,680 4
S 199316,200023 564,593 638,681 5
S 199877,123520 540,565 640,679 2
S 152185,254134 578,623 639,680 5
S 160145,200024 568,601 641,678 5
S 123564,200027 597,622 642,678 1
S 201436,200087 547,567 652,668 5
S 205850,200080 545,586 649,671 2
S 152963,152491 575,614 642,678 5
S 199314,152492 561,596 644,675 2
S 201177,161993 543,568 643,677 3
S 202113,152230 541,584 638,682 2
S 123565,199713 594,626 644,675 5
S 158255,127659 575,604 605,622 5
S 200233,127632 540,556 592,613 5
S 200058,199317 540,566 567,595 5
S 205562,162416 549,580 644,676 4
S 205872,152581 563,579 650,669 2
S 152964,124162 575,615 616,625 3
S 200933,158789 544,565 580,596 5
S 200056,205934 540,566 567,583 5
S 199316,158266 563,593 594,606 5
S 158876,123513 570,604 605,620 1
S 201866,254123 540,581 643,676 2
S 123565,152566 590,629 647,672 3
S 123506,157129 594,627 645,674 4
S 245147,158789 562,579 580,596 5