D 229890
C 9
S 224770,217164 540,583 584,596 2
S 224794,224929 554,570 603,645 4
S 224946,210338 542,578 603,644 1
S 210705,226100 565,590 612,636 4
S 226068,227515 542,568 601,646 1
S 224927,217165 552,568 569,590 5
S 229736,226113 540,560 601,646 3
S 210706,224793 560,595 606,641 1
S 224930,216954 544,576 614,634 5
S 216970,210225 550,593 606,642 3
S 224955,229736 540,578 615,633 3
S 229093,226112 540,560 610,637 1
S 224960,210289 546,571 572,600 2
S 222861,220268 561,580 602,645 3
S 224919,229808 546,570 604,643 3
S 210261,227755 560,596 601,646 2
S 227632,217128 540,560 607,640 5
S 216968,226103 558,586 616,632 2
S 224950,225926 542,576 601,646 1
S 227513,210221 540,561 569,589 5
S 224387,224399 558,577 604,643 4
S 210262,227666 557,600 613,635 1
S 222886,210707 548,592 610,638 5
S 229742,224775 540,553 554,575 2
S 227513,210708 540,570 608,639 2
S 229871,224300 540,557 558,578 3
S 224385,227645 555,581 616,632 4
S 210705,224363 563,592 606,641 4
S 210230,222859 563,597 608,640 3
S 226066,224305 540,571 608,639 4
S 224906,216950 540,576 616,631 3
S 224248,227500 556,571 616,632 1
S 222859,226107 562,579 616,632 3
S 224949,227534 542,577 609,638 4
S 217125,227500 554,594 609,638 1
S 224305,217128 555,576 614,633 4
S 226104,227501 540,569 604,643 5
S 210227,224794 560,600 611,636 1
S 226103,229742 543,561 606,641 5
S 209185,224352 566,596 610,637 5
S 229873,217163 540,548 612,636 4
S 224920,229395 548,568 613,635 5
S 227760,224352 540,563 603,645 4
S 224301,229702 545,586 612,635 2
S 217007,224304 562,580 616,631 3
S 229689,210262 540,561 569,588 5
S 229887,222861 540,556 612,635 5
S 209189,224909 562,601 604,643 5
S 210261,229457 565,591 604,644 1
S 229805,227513 540,562 615,633 5
S 217149,226110 558,592 609,638 2
S 224963,209187 543,574 602,646 1
S 220269,226067 559,589 612,636 1
S 227522,224919 540,559 612,636 5
S 226067,226104 547,563 616,632 3
S 229441,210340 540,552 573,592 3
S 210263,227500 565,591 607,641 5
S 224302,217070 554,576 611,636 2
S 224297,229807 549,580 613,635 1
S 227658,217164 540,563 564,589 1