D 105935
C 10
S 228060,173555 622,641 688,709 4
S 98344,228775 540,572 684,712 4
S 105789,186029 540,562 592,615 3
S 215476,228204 614,630 678,719 5
S 98308,145140 541,567 677,720 4
S 147164,227970 578,599 612,644 1
S 147549,106577 576,606 680,717 2
S 111760,187100 558,577 686,710 1
S 187097,145660 596,624 679,718 4
S 147511,227926 582,598 620,639 3
S 214505,228058 605,637 638,651 3
S 98309,228069 540,573 623,642 4
S 105741,145659 540,563 681,715 1
S 187094,216289 594,625 626,645 4
S 228767,105737 615,655 684,713 3
S 228069,215443 625,640 686,711 2
S 98344,227963 540,572 676,721 3
S 98303,262442 544,561 562,593 4
S 145540,186029 554,598 684,712 1
S 175201,214705 591,608 681,716 4
S 105752,113643 540,566 567,594 2
S 105787,187080 540,563 588,627 1
S 214656,187089 610,625 682,714 4
S 146758,187100 557,602 680,717 3
S 228768,110055 621,648 687,710 1
S 173864,173626 579,611 679,717 2
S 113419,175204 553,590 592,609 4
S 113447,106712 565,580 679,717 1
S 105940,228784 540,561 617,649 4
S 99539,175201 540,569 587,612 1
S 113646,215463 555,591 684,712 2
S 173769,105938 587,613 684,713 3
S 256135,186029 576,600 683,714 2
S 227969,105737 620,637 685,711 4
S 175202,228775 582,617 618,649 4
S 187071,228049 589,624 625,652 1
S 228770,105952 624,644 680,716 4
S 189691,214834 598,631 690,706 2
S 147063,110050 574,598 676,721 3
S 113233,186360 560,581 583,626 2
S 228048,187075 622,638 688,709 5
S 97608,106615 549,578 689,708 3
S 105745,262879 540,551 555,581 5
S 99543,175614 540,575 687,709 5
S 146763,249240 569,592 684,713 2
S 146756,187097 559,601 602,629 3
S 146198,147166 569,586 587,600 1
S 173874,186027 576,610 681,715 5
S 213165,147903 605,624 688,708 4
S 146937,186027 565,599 600,621 4
S 227973,187386 619,639 690,707 3
S 175147,187094 577,616 617,621 1
S 147546,216229 574,608 614,639 2
S 146629,216173 559,599 679,718 2
S 228070,189679 623,641 677,720 5
S 263133,228200 547,565 679,718 3
S 263190,173870 544,569 577,610 5
S 99542,187088 540,573 679,717 4
S 110648,213165 553,579 596,633 4
S 113418,173766 561,582 583,619 1