D 227292
C 9
S 192791,220385 591,614 637,678 1
S 198159,198970 571,611 643,672 3
S 198206,238481 576,601 640,675 4
S 199155,198411 570,598 644,670 4
S 225611,220936 540,581 645,669 4
S 192729,208918 593,614 647,668 4
S 192982,192801 581,609 648,667 2
S 226815,222022 540,572 573,581 3
S 208062,198466 561,598 637,677 5
S 220105,226754 557,591 639,676 4
S 192981,220905 586,602 636,679 4
S 226799,222819 540,569 643,672 1
S 192931,227021 580,625 641,674 5
S 192790,197966 583,623 644,670 2
S 221870,220539 559,575 646,668 2
S 226778,226761 541,566 646,668 2
S 198125,198041 568,605 636,678 1
S 222816,199031 552,575 650,665 5
S 226806,222021 543,558 559,575 1
S 193072,198984 583,600 645,670 4
S 192930,198984 589,615 649,666 2
S 220542,192967 554,591 592,606 5
S 208881,227257 558,600 636,678 1
S 198205,217549 568,609 637,677 3
S 192935,238913 590,615 643,671 4
S 208050,198467 566,594 644,671 2
S 192968,226811 588,605 646,669 4
S 220102,226806 561,588 636,678 5
S 192803,197979 594,611 640,675 5
S 193023,217551 573,615 640,675 1
S 226771,220669 543,566 644,670 5
S 192803,226694 593,613 643,672 2
S 208904,207946 562,591 640,675 4
S 227031,192944 540,560 594,610 4
S 222028,197975 557,572 637,677 3
S 192789,198009 586,621 641,673 1
S 192909,220635 585,604 639,675 5
S 222820,198148 545,578 579,603 4
S 226807,226769 540,573 649,665 5
S 192905,198412 580,612 637,677 5
S 220103,192875 552,597 647,668 2
S 227043,220541 540,558 559,593 1
S 220121,198153 555,593 594,597 3
S 226684,220536 540,557 558,591 4
S 225490,217407 551,569 637,677 4
S 227265,221875 540,547 643,672 5
S 192788,198984 582,624 639,675 2
S 222819,207954 550,573 645,670 1
S 199145,198041 572,599 637,678 2
S 226683,220384 540,566 641,673 3
S 227042,225448 540,562 649,666 2
S 192901,197977 578,614 644,670 2
S 199152,192968 575,594 595,618 2
S 226773,220668 543,566 640,675 2
S 227241,199149 540,555 562,607 3
S 193023,220647 573,615 645,669 1
S 192944,225490 587,617 637,678 4
S 198206,198505 571,606 637,678 3
S 221027,198509 557,584 648,666 2
S 222815,207935 550,576 645,669 4