D 256587
C 9
S 108079,269476 544,572 573,591 3
S 77055,114220 560,583 594,611 4
S 93048,104511 553,581 592,613 1
S 93048,108059 548,587 593,612 2
S 77056,76998 564,579 594,611 3
S 92319,144100 555,581 592,613 4
S 114120,108079 540,567 582,623 4
S 101600,263579 558,574 592,614 5
S 108985,104536 546,567 595,611 3
S 269477,144120 553,587 591,615 3
S 144610,108079 540,550 551,579 4
S 108310,104040 540,580 592,613 3
S 108069,144501 540,580 590,616 1
S 93050,144635 554,579 581,625 3
S 109166,101602 540,570 595,610 5
S 144500,92338 540,559 560,582 5
S 104632,114123 549,574 593,612 5
S 104630,108980 540,582 589,617 2
S 104668,262314 546,573 582,624 3
S 114181,144612 540,563 580,625 2
S 104539,109377 543,581 592,614 5
S 104014,108978 548,578 595,610 5
S 76999,264631 555,584 594,612 4
S 109096,114066 547,563 582,623 5
S 114216,92365 540,555 556,580 2
S 144572,108311 540,550 583,622 5
S 144612,264630 540,554 582,624 1
S 108311,114163 546,568 585,621 5
S 109171,264630 540,570 571,586 4
S 93050,93050 555,579 585,621 4
S 144500,104027 540,564 565,586 4
S 77038,93050 564,582 595,610 1
S 104643,109377 553,568 586,619 2
S 108060,256589 549,567 585,620 2
S 108984,144522 540,574 595,611 1
S 104538,101595 546,578 594,612 4
S 109437,144610 540,566 587,618 2
S 114181,108081 540,557 594,612 5
S 104667,109238 545,573 595,610 3
S 114098,101594 540,572 573,586 2
S 92320,114123 550,587 588,621 1
S 104643,104015 541,581 591,614 4
S 77003,76989 550,591 592,615 5
S 269472,114169 559,585 586,619 1
S 108984,104539 544,568 591,614 1
S 92363,104668 556,579 584,621 4
S 77057,144124 561,582 583,625 2
S 109296,104505 543,559 585,621 2
S 92355,108069 559,577 590,616 5
S 101602,114070 552,580 591,614 5
S 144580,144581 540,553 593,613 2
S 104040,144522 546,580 591,615 5
S 104014,108087 556,571 585,620 1
S 101607,104631 547,586 594,611 3
S 77002,114067 560,580 587,619 4
S 92338,92364 561,576 590,615 5
S 77027,104643 553,589 590,617 4
S 144604,109235 540,550 551,567 5
S 92335,108081 553,583 593,612 4
S 77036,77031 555,590 591,618 1