D 267653
C 12
S 118673,168205 544,567 568,583 1
S 138040,168971 543,575 581,617 3
S 86832,141962 540,553 580,618 5
S 86979,137546 540,558 590,608 5
S 154777,118062 543,583 590,608 1
S 164401,86838 552,578 586,612 1
S 168204,87609 555,581 587,611 2
S 91074,154744 540,558 559,574 4
S 168205,149576 554,583 584,615 3
S 89247,168973 540,563 589,609 1
S 168211,166315 546,588 589,622 2
S 87604,137540 540,558 559,571 3
S 86825,137546 540,548 584,614 2
S 89479,117858 540,567 582,616 1
S 261729,168205 540,569 577,621 1
S 168976,118673 553,589 590,609 5
S 168228,86967 549,584 585,620 5
S 118673,91497 543,568 577,621 5
S 138529,154764 540,582 583,619 2
S 86992,261729 540,551 583,615 3
S 118675,86838 546,565 577,622 4
S 86991,137539 540,557 558,572 1
S 89247,137999 540,558 578,621 4
S 168206,168834 557,579 585,614 1
S 137499,154835 540,576 578,620 3
S 138529,89521 540,579 586,612 3
S 168973,168971 561,580 589,609 1
S 118673,168969 543,568 588,610 1
S 86979,86966 540,563 582,616 2
S 168228,267542 551,581 582,620 3
S 154777,261731 554,571 592,607 1
S 118676,87000 541,571 583,616 2
S 168974,86958 560,581 582,619 1
S 137546,168974 542,575 576,587 3
S 142135,142136 546,577 578,621 5
S 137540,154835 548,567 579,620 4
S 86989,117858 540,565 586,613 2
S 137540,88910 540,578 588,611 3
S 137994,154797 544,572 578,620 5
S 137504,168624 540,575 581,618 3
S 137994,88985 546,571 582,617 2
S 138039,137499 549,570 591,608 2
S 118676,137499 540,573 589,609 1
S 118063,261817 540,574 583,615 2
S 168212,86957 545,588 589,621 5
S 86829,137498 540,563 564,568 2
S 117857,137542 540,573 583,616 4
S 137543,261821 548,568 585,614 1
S 165738,166307 554,576 579,619 2
S 142135,91499 540,583 591,608 5
S 137547,164388 548,568 578,620 4
S 88910,261818 540,561 590,609 4
S 168229,164387 546,585 586,616 2
S 118676,261776 543,568 589,609 5
S 168971,137994 559,581 582,622 3
S 261793,168971 540,562 580,619 4
S 118061,261730 540,576 583,615 4
S 168231,164387 555,577 584,615 5
S 132388,168837 540,572 587,611 1
S 168626,87609 561,577 586,612 4