D 279759
C 11
S 279758,71541 540,560 575,594 3
S 28079,71583 540,555 609,639 2
S 71366,40382 567,601 606,642 5
S 40345,24223 559,580 609,638 4
S 37159,270082 546,576 608,640 5
S 71368,37102 564,603 607,641 2
S 71548,56611 573,598 606,641 2
S 28299,61915 540,561 614,633 1
S 71541,28074 571,598 602,646 1
S 27914,28338 540,565 609,638 2
S 37066,270096 551,568 610,637 4
S 29600,71591 543,573 601,646 3
S 71588,62203 568,588 602,646 1
S 28366,62017 540,567 568,582 1
S 28260,28338 540,568 606,641 1
S 37070,56612 540,581 611,637 4
S 40384,28067 561,578 605,642 3
S 71343,270085 574,590 614,633 4
S 28245,29580 540,561 615,633 3
S 37156,29554 546,578 615,633 2
S 40245,61811 558,579 615,633 5
S 24223,276589 540,561 614,633 5
S 276589,40286 553,579 603,645 5
S 270074,71546 565,595 608,639 5
S 29150,28272 547,564 607,641 5
S 24209,37101 540,554 603,644 4
S 71542,29597 563,605 606,642 1
S 279347,24224 540,557 612,636 3
S 71367,61810 573,594 604,644 2
S 28372,62259 541,564 604,644 2
S 40246,24225 553,584 609,639 1
S 29601,71548 548,567 611,637 4
S 28217,37069 540,567 568,582 4
S 29554,28339 540,573 603,644 3
S 71342,28064 571,594 609,638 2
S 270067,40382 564,596 603,645 5
S 37065,61828 540,580 607,641 3
S 40246,71359 547,589 590,603 1
S 29182,28299 541,566 605,643 2
S 71359,62262 570,592 609,639 2
S 61825,279758 559,583 613,634 1
S 62209,28245 567,582 610,638 3
S 270066,276587 572,589 615,633 5
S 28348,37264 540,562 609,639 4
S 62017,28268 560,586 614,634 5
S 61811,28367 561,580 616,631 5
S 28259,62015 540,568 610,638 3
S 270075,37066 569,592 614,633 5
S 71345,28272 560,602 616,632 3
S 28258,29750 540,560 604,644 2
S 28255,28074 540,563 607,640 3
S 28356,28258 540,561 606,642 2
S 26457,62276 540,562 565,588 2
S 29150,37065 540,575 605,642 3
S 62029,37066 555,592 610,638 4
S 71342,270097 564,601 606,641 5
S 28252,62269 540,564 613,635 3
S 37259,37160 551,575 610,637 2
S 62028,71549 566,581 582,602 4
S 29144,61828 546,566 613,634 4