D 225177
C 12
S 175374,213833 594,611 665,688 5
S 186593,174026 583,610 611,616 5
S 213339,147460 559,597 668,685 1
S 213778,186781 554,597 598,611 3
S 227896,175204 549,567 666,687 3
S 225827,227875 540,562 563,577 4
S 251093,225825 592,617 663,691 4
S 225174,215942 540,559 659,695 4
S 227897,186357 543,574 666,687 4
S 187586,216421 572,606 660,694 5
S 224047,174027 540,566 585,629 4
S 186572,147567 579,614 663,691 4
S 251046,187079 589,614 655,699 4
S 225873,173956 540,554 598,616 1
S 236305,174027 546,589 593,622 5
S 227835,147384 544,563 664,690 4
S 225825,175004 540,552 591,617 5
S 213352,186366 561,595 661,693 2
S 213263,187093 561,599 656,697 2
S 216183,187346 545,587 662,691 3
S 189501,224048 574,595 658,695 2
S 216179,187383 547,587 666,688 1
S 186810,173766 581,602 661,693 5
S 186780,173755 572,616 661,693 1
S 186780,187347 581,607 668,685 3
S 227836,214723 545,562 563,586 5
S 225174,186867 540,563 661,693 3
S 225926,215543 540,559 662,691 5
S 213778,213072 568,584 661,692 4
S 216181,147571 549,585 668,686 2
S 227926,251094 549,573 593,616 4
S 224044,225856 540,571 668,686 3
S 251094,225903 591,618 654,699 2
S 213267,215562 559,604 661,692 5
S 175404,147459 584,617 658,695 4
S 227842,186779 541,564 581,609 1
S 187634,249240 567,605 668,686 5
S 175439,213049 587,610 665,689 3
S 187591,173867 568,608 663,691 2
S 225904,225856 540,557 660,694 2
S 227876,213104 545,567 658,695 2
S 227973,175437 545,579 591,607 3
S 189605,187354 563,603 663,690 1
S 227966,213348 549,575 576,590 1
S 215444,251077 551,589 591,622 2
S 186810,189645 571,612 659,694 5
S 186810,225168 582,601 663,690 3
S 214708,189647 551,594 664,689 1
S 227873,147559 541,570 658,695 4
S 213351,175366 563,592 593,620 2
S 186808,147391 574,610 669,685 4
S 216174,173770 549,587 667,687 5
S 213335,173867 567,591 658,695 2
S 225119,175437 540,559 586,611 2
S 173966,175076 586,631 666,688 2
S 214834,186807 556,586 587,614 4
S 186781,173867 575,613 665,688 1
S 189519,225825 563,604 662,691 3
S 175004,214129 596,611 657,696 1
S 213349,249241 567,587 668,685 4