D 214769
C 11
S 248598,171751 540,566 619,641 3
S 214674,135926 540,555 613,647 5
S 214652,135926 540,553 567,592 5
S 185404,132785 543,569 570,602 3
S 143172,214765 564,579 614,647 4
S 172051,214676 549,585 620,640 2
S 212848,148991 540,559 612,648 1
S 185405,172374 544,567 620,640 1
S 189822,143172 540,569 616,644 3
S 137113,143173 568,583 609,651 4
S 148993,248597 553,584 621,639 2
S 135860,148971 563,593 610,651 3
S 172200,148899 542,587 614,646 4
S 176171,214767 550,569 611,650 1
S 240482,172137 540,558 559,577 4
S 214560,135928 540,565 610,650 5
S 213031,132786 540,565 615,646 1
S 172050,135929 549,585 620,641 3
S 212309,148899 540,566 567,590 2
S 176396,176166 540,577 613,648 4
S 148991,248596 557,580 618,642 2
S 189816,214711 540,569 622,639 5
S 176104,176381 540,581 615,646 1
S 189824,172460 540,568 569,573 4
S 176386,172455 544,570 619,641 2
S 213830,133150 540,562 617,643 3
S 176103,132788 540,580 581,598 1
S 214558,132799 540,565 574,594 2
S 142877,142898 552,594 612,648 1
S 189849,137067 541,568 616,644 5
S 137129,214667 560,588 618,642 5
S 212785,189847 540,567 610,651 2
S 133387,133383 575,590 608,653 2
S 137063,214668 570,585 616,644 5
S 185405,142859 540,574 575,585 2
S 212784,172203 540,568 615,646 2
S 143230,176166 557,583 608,653 3
S 136024,134244 565,591 616,645 2
S 143228,142855 563,579 612,649 2
S 134246,135404 565,598 613,648 1
S 176106,214767 540,582 622,639 5
S 172387,135927 547,579 580,598 2
S 148899,137099 547,592 613,647 3
S 213079,137087 540,568 622,638 4
S 176249,189848 544,573 623,638 1
S 172138,213089 555,577 623,638 4
S 135404,214682 568,594 614,647 4
S 214673,214710 540,552 622,639 4
S 143224,172359 562,580 608,653 1
S 143230,189846 548,593 611,649 4
S 135928,212841 568,592 611,650 2
S 212309,172195 540,571 615,645 2
S 214562,143172 540,564 565,582 1
S 132787,134247 575,593 614,646 3
S 185442,137107 543,569 570,594 1
S 214560,189868 540,564 565,566 4
S 133069,143584 568,599 618,642 2
S 213079,135925 540,564 618,643 3
S 142877,135863 553,593 612,648 2
S 133389,212844 568,597 611,650 1
S 172196,135867 557,573 574,601 4
S 189847,185446 540,569 617,644 2
S 214673,248598 540,561 619,642 5
S 135404,171751 561,600 620,641 3
S 172051,176100 549,585 617,644 1
S 248599,172374 540,567 622,639 5
S 133069,214557 562,604 613,647 1
S 142860,143224 553,594 611,649 3
S 117406,212308 564,608 613,648 4
S 189852,240482 544,565 620,641 3
S 135866,137093 565,593 621,640 2
S 137106,172144 562,589 613,648 1
S 132779,185440 565,605 621,639 1
S 212779,176101 540,569 608,652 2
S 172195,137096 552,579 622,638 2
S 185404,172140 540,573 623,638 1
S 117405,213091 571,601 615,646 3
S 132779,176133 573,597 609,651 5
S 142863,137068 552,595 614,646 3
S 212311,172200 540,560 561,575 3
S 171762,148993 545,589 619,641 4
S 137125,148992 559,589 613,648 2
S 142866,137076 554,593 611,649 2
S 133146,176102 569,598 615,646 4
S 189868,133147 540,578 579,606 5
S 189845,117405 540,569 611,650 1
S 171762,189845 554,581 610,650 1
S 137107,135868 567,584 613,647 3
S 214712,189852 540,560 561,571 3
S 117407,143170 565,607 619,641 1
S 132788,214668 572,596 619,642 2
S 185439,172051 544,568 569,585 5
S 136025,214635 562,593 608,652 5
S 214717,132783 540,549 566,603 4
S 212847,176110 540,556 557,580 3
S 212311,172359 540,571 617,644 1
S 212776,176172 540,567 568,580 4
S 176149,137079 546,576 612,649 2
S 143224,132798 555,587 588,605 5
S 137118,137088 561,589 614,646 2