D 115841
C 9
S 137052,171763 541,558 591,606 2
S 148897,115719 540,575 585,611 2
S 143169,172376 540,576 581,615 2
S 115720,176428 540,564 577,620 2
S 115716,172455 540,559 560,583 5
S 148897,176166 540,578 589,607 3
S 115917,185366 540,551 583,614 4
S 172139,172200 540,582 585,612 2
S 176400,135505 556,580 590,606 3
S 142878,172355 540,573 574,578 2
S 185380,172359 555,587 589,608 1
S 137132,135759 541,559 580,617 5
S 172357,136050 550,575 590,607 2
S 176401,143206 558,577 588,608 2
S 135840,143206 540,568 586,610 1
S 176100,185377 551,581 582,620 2
S 176103,176105 552,580 589,608 2
S 172378,172356 544,579 580,617 4
S 135848,115723 540,562 585,611 4
S 143224,176400 540,572 573,582 4
S 115901,172051 540,553 590,606 4
S 172355,176251 554,572 576,620 4
S 115897,176109 540,555 588,609 4
S 136111,148992 540,566 591,606 3
S 148990,143227 543,571 590,606 5
S 176428,172357 553,586 587,612 5
S 115874,115720 540,564 589,608 3
S 176236,143225 557,577 580,617 1
S 142854,176431 542,560 561,580 5
S 176430,185365 553,584 591,606 3
S 135841,172203 540,559 579,618 2
S 136046,115718 541,557 587,609 5
S 172357,185378 547,579 588,609 1
S 176133,172201 556,573 589,607 3
S 185380,135502 556,587 588,620 5
S 115888,172206 540,553 580,616 3
S 115918,143584 540,561 584,612 1
S 143584,176131 540,578 585,612 3
S 176110,172201 554,576 587,610 1
S 136113,137047 540,562 583,613 4
S 136111,185379 541,557 562,580 4
S 148973,172455 546,567 579,618 1
S 135502,148899 540,568 577,619 3
S 176102,115722 558,574 580,616 4
S 185365,172355 557,583 584,616 4
S 176110,137052 557,573 588,609 2
S 176101,176110 546,585 587,610 4
S 136051,148992 540,557 576,620 4
S 115871,176247 540,553 578,619 3
S 135753,185379 540,563 564,583 3
S 143173,148971 541,565 578,619 2
S 115874,136047 540,552 584,612 2
S 115719,172207 540,563 564,579 2
S 115719,115724 540,552 589,608 4
S 176400,143227 557,579 580,619 4
S 115861,172201 540,553 586,611 5
S 176429,142860 552,585 589,608 4
S 115897,172207 540,556 557,583 1
S 176431,115867 561,576 588,609 1
S 185379,115724 555,587 588,615 4
S 143170,135504 540,567 586,611 5
S 176431,143225 556,582 586,610 3
S 148898,148990 544,566 587,610 4
S 142898,136047 540,568 586,610 4
S 137052,172138 540,562 563,578 4
S 172139,142895 540,581 583,613 3
S 172138,136049 542,578 586,611 1
S 148993,172140 546,568 591,606 3
S 172443,142896 545,582 583,616 4
S 185362,115716 554,587 588,609 3
S 115861,176427 540,550 580,617 4
S 136048,172196 540,561 580,616 1
S 115870,172207 540,552 553,575 1
S 171762,171750 547,570 582,615 2
S 137047,136048 540,569 579,618 2
S 176401,148898 552,584 585,616 2
S 137046,176132 540,567 568,580 2
S 115722,172377 540,566 591,606 4
S 176103,135753 552,580 585,612 2
S 142895,135750 543,562 579,617 5
S 148898,143173 541,570 582,615 3
S 135503,142862 540,562 578,618 3
S 115870,171763 540,562 584,612 3
S 172062,148992 547,571 587,609 1
S 176429,172359 561,577 578,621 5
S 171750,142868 542,573 579,618 1
S 171754,135505 550,566 584,612 5
S 172195,143224 541,580 586,610 2
S 176101,115717 552,579 585,612 5
S 142895,176149 540,572 587,609 4
S 143172,172355 545,560 582,614 4
S 115720,185364 540,566 567,588 3
S 135755,135504 540,556 584,612 5
S 143584,185367 547,563 577,620 1
S 135752,171754 540,568 569,573 3
S 136113,136052 540,565 579,618 2
S 136045,176166 540,561 580,617 3
S 137129,176430 540,573 574,579 4
S 172050,136047 549,568 576,620 5
S 185368,176173 553,585 586,612 2