D 143882
C 9
S 52022,56365 569,592 607,625 2
S 102097,56421 551,569 570,597 4
S 56362,76822 563,591 606,625 5
S 263718,107800 545,560 600,631 1
S 56363,143865 563,591 605,626 5
S 76632,92990 548,592 601,631 3
S 52014,107655 564,597 598,638 2
S 107748,107689 542,569 597,634 3
S 115694,76514 540,563 604,627 1
S 133890,75932 540,565 566,590 4
S 102065,76822 541,583 599,632 1
S 136791,102010 540,562 604,628 2
S 102171,75948 542,576 594,638 5
S 75600,76525 559,592 596,635 2
S 75599,102030 554,597 599,633 3
S 51962,107655 562,596 597,635 2
S 102075,136791 553,571 601,630 1
S 136545,56364 540,567 608,624 5
S 77202,102065 558,575 607,625 5
S 107665,52125 542,573 574,587 3
S 133893,102081 540,555 556,576 3
S 133889,77162 540,564 565,585 5
S 52016,76171 563,597 598,635 2
S 108248,76817 544,559 595,636 3
S 263715,76498 542,563 564,580 4
S 102008,75949 548,579 594,638 1
S 143898,107665 540,560 561,575 1
S 76653,133808 559,579 602,630 1
S 52015,115701 572,589 598,633 2
S 77206,52118 548,585 601,630 5
S 133885,75928 540,559 598,633 1
S 56360,76617 559,595 598,633 1
S 102196,76169 544,576 599,632 4
S 76515,52124 557,588 605,627 1
S 266726,102031 546,585 603,628 2
S 143896,52119 540,556 605,626 5
S 136543,102064 540,567 607,624 1
S 102097,75981 551,570 605,626 4
S 107754,266701 540,579 605,627 4
S 136788,266717 540,559 560,586 5
S 136790,115695 540,557 602,630 2
S 266700,52126 552,577 578,590 1
S 52014,107790 572,588 601,630 4
S 76631,76824 554,587 605,627 5
S 52022,133890 571,589 597,634 4
S 102064,101695 542,582 603,628 1
S 102191,136548 542,578 594,637 1
S 51994,269509 572,588 602,629 2
S 115673,136554 540,558 595,637 5
S 115673,263746 540,568 595,636 1
S 76525,77206 552,594 598,634 4
S 136791,77162 540,567 568,581 3
S 143874,76526 540,555 556,595 1
S 143876,76630 540,561 562,592 1
S 136842,76525 540,557 594,637 5
S 143898,76034 540,553 600,631 2
S 56428,52126 558,598 601,631 5
S 115675,76825 540,562 597,635 1
S 115677,133808 540,568 595,637 4
S 115692,107948 540,567 595,636 1
S 52018,102030 564,596 603,629 2
S 51964,101696 567,592 603,628 2
S 107679,56363 540,578 579,594 1
S 115699,92990 541,560 605,626 3
S 56359,76616 560,593 600,632 4
S 102097,115693 550,570 599,633 3
S 76498,102065 558,582 594,637 5
S 262135,52011 540,567 604,627 1
S 102190,262131 542,577 595,636 1
S 75953,76630 566,581 601,630 5
S 133881,76500 540,564 565,577 5
S 266718,76169 548,583 596,635 2
S 107795,77156 542,567 568,589 2
S 107793,143878 540,572 596,636 3
S 76816,133890 561,576 607,625 3
S 108151,76032 543,564 594,637 2
S 136545,75599 540,554 597,634 5
S 115676,76617 540,558 597,634 4
S 266717,56364 544,588 589,594 5
S 133809,76658 540,558 595,637 3
S 52020,102069 564,597 599,633 2
S 107666,72204 548,568 569,590 5
S 52017,52000 573,588 604,627 4
S 107659,51994 540,580 581,590 4
S 107751,75948 542,570 598,634 2
S 92985,56429 545,583 584,600 2
S 133893,102030 540,569 601,630 4
S 56421,75935 562,597 598,636 1
S 266698,133890 552,578 605,627 4
S 136553,76825 540,566 594,637 1
S 115673,108152 540,557 595,636 2
S 143897,102098 540,552 601,631 5
S 133891,107790 540,562 607,624 5
S 52017,266726 561,599 604,627 1
S 133891,107649 540,563 593,638 2
S 107800,103873 540,577 598,634 2
S 52024,75981 567,593 594,637 2
S 76169,76651 566,581 593,638 1
S 76498,102032 548,591 608,624 5
S 75981,102160 564,583 605,627 4