D 55554
C 8
S 48954,49331 570,597 598,629 4
S 54944,49096 540,570 571,604 3
S 53120,48804 550,582 600,618 1
S 273158,47562 552,577 602,617 4
S 53223,47372 551,567 568,588 5
S 55542,49330 540,550 599,620 2
S 47541,47547 572,608 609,628 1
S 47366,48803 555,593 594,627 2
S 49096,49535 562,605 606,618 2
S 53015,47367 540,577 578,597 4
S 53109,48805 558,575 594,625 3
S 53222,52626 544,576 595,623 4
S 46940,49490 540,583 584,593 2
S 53120,47438 545,587 588,606 1
S 273057,55405 540,562 596,622 4
S 47365,55400 555,594 598,621 4
S 54958,47548 548,589 590,606 1
S 55061,55405 559,584 594,624 5
S 49394,47547 567,592 596,623 5
S 53017,54954 546,564 565,576 3
S 47422,55412 569,596 597,630 4
S 55135,54981 540,556 557,588 4
S 53012,47365 543,570 571,590 2
S 273157,55423 543,586 590,629 1
S 53104,47419 553,581 582,598 4
S 53033,49628 544,562 565,590 4
S 54952,49752 560,576 600,619 2
S 53141,55411 551,576 589,629 1
S 55133,55423 540,570 587,632 4
S 54955,55423 556,581 596,623 2
S 53166,49032 551,573 601,618 1
S 49489,55412 558,598 599,631 3
S 53222,55537 550,570 602,617 4
S 53020,47547 540,574 576,602 5
S 55070,49031 561,581 592,626 3
S 53059,55062 542,563 564,584 1
S 273058,49397 540,560 567,593 1
S 53231,55407 540,580 594,624 4
S 55072,49065 550,590 591,631 4
S 53104,55499 557,577 597,621 2
S 52874,49538 549,594 595,623 3
S 53088,47373 540,562 566,587 3
S 54951,55460 558,577 593,625 3
S 46923,55459 540,578 592,627 2
S 48821,52625 572,599 600,623 1
S 53103,49492 549,587 588,593 4
S 54948,48839 540,562 569,600 2
S 46940,49066 541,581 594,625 4
S 47541,55528 568,612 613,621 5
S 55123,47522 540,554 576,598 2
S 54953,49007 553,583 595,624 1
S 54948,49344 540,566 600,619 5
S 47540,49063 580,597 598,631 2
S 54958,49330 552,586 597,621 5
S 49395,55410 565,593 594,629 4
S 48860,49007 567,601 602,619 2
S 273059,53140 540,555 556,575 3
S 47526,48803 567,608 609,631 4
S 47438,48801 574,598 599,630 2
S 47423,50729 566,601 602,630 2
S 55542,52768 540,560 561,589 4
S 53105,55400 550,584 594,624 4
S 49110,48803 568,592 601,618 2
S 47544,48933 567,611 612,618 4
S 53166,48804 542,582 596,623 3
S 48839,55528 563,607 608,627 4
S 53108,55410 552,581 595,623 1
S 49395,48805 563,596 597,627 2
S 53029,47548 540,572 574,603 2
S 47366,52626 559,590 591,628 3
S 47365,52622 556,593 594,632 2
S 55125,48928 540,562 589,629 3
S 55148,47439 540,562 579,594 2
S 54944,55498 540,561 587,632 1
S 53034,52689 542,564 565,595 1
S 47532,55458 580,596 597,630 5
S 53013,49111 540,576 577,598 5
S 55120,53162 540,553 555,572 3
S 53139,49113 546,582 583,603 4
S 53107,55528 546,588 601,617 5
S 52688,49081 559,595 600,618 2
S 52689,47540 567,586 598,621 4
S 49110,55536 562,598 599,620 2
S 47366,48774 556,592 596,622 1
S 273156,49031 552,577 589,630 1
S 53008,50731 549,567 600,619 1
S 53020,52627 543,566 595,624 3
S 49113,49065 561,601 602,618 5
S 53231,47368 540,580 581,592 2
S 49489,48800 562,593 594,626 3
S 47548,49335 578,599 600,623 5
S 53014,48838 540,576 577,605 1
S 273057,55400 540,557 598,621 2
S 55548,48842 540,549 567,602 5
S 47419,49752 562,603 604,619 4
S 49103,49698 573,590 591,632 5
S 47421,55545 565,601 602,619 3
S 53222,49396 552,567 568,597 5
S 273059,52625 540,561 596,622 2
S 54906,49330 554,577 599,619 1