D 33472
C 10
S 35200,32491 540,578 579,585 3
S 35196,32381 540,571 572,597 3
S 14832,7726 576,593 619,643 5
S 14639,14743 578,598 609,653 2
S 13975,32775 574,608 611,652 3
S 32491,282889 552,595 596,608 1
S 30917,13981 558,601 623,639 5
S 14582,30820 581,596 617,646 2
S 6977,2616 578,615 616,649 2
S 13977,2616 574,607 616,646 4
S 35260,13980 540,577 613,649 1
S 35171,32382 540,573 574,596 3
S 35236,14600 540,581 582,605 1
S 14597,32767 576,604 613,649 2
S 33618,32271 550,594 611,652 3
S 35064,14798 540,570 571,602 3
S 30900,32750 560,602 611,651 4
S 7727,7726 572,615 621,642 5
S 57656,35287 540,559 560,577 5
S 35048,35221 540,563 564,581 4
S 2615,7727 587,606 614,648 3
S 30898,17436 559,602 622,641 2
S 34034,32702 553,584 619,643 1
S 14825,32748 564,607 619,644 1
S 17995,17434 564,600 618,645 5
S 35200,33906 540,573 574,581 1
S 57582,17434 540,559 616,646 1
S 35138,281466 543,563 617,645 3
S 33584,282895 552,593 594,611 5
S 35169,30956 544,567 611,651 1
S 57634,14599 540,551 613,649 3
S 35297,33473 548,571 612,650 4
S 57581,14741 540,559 622,640 5
S 17479,57630 567,600 612,651 1
S 30934,14805 556,601 617,646 1
S 35217,30917 549,575 576,600 2
S 35171,33618 540,572 573,590 2
S 35212,14832 552,575 577,592 5
S 13980,32498 574,606 611,652 4
S 32402,2615 564,591 592,617 1
S 57654,7735 540,561 576,610 5
S 57613,282896 540,562 586,604 4
S 32388,14583 566,587 620,642 4
S 34024,14825 552,582 583,602 2
S 30936,14741 569,589 621,642 5
S 32388,7733 568,584 618,645 5
S 35293,14639 542,577 578,609 4
S 35289,32268 546,576 620,643 2
S 35119,13982 557,572 615,647 5
S 33792,6978 554,588 589,616 3
S 57617,30936 540,555 558,600 3
S 14798,33489 579,594 611,651 1
S 32387,32266 567,586 619,644 3
S 14760,32693 575,599 621,642 4
S 30937,32498 558,601 609,654 1
S 14598,33479 571,609 615,648 2
S 35119,30934 555,573 574,598 3
S 14599,32698 570,608 612,650 3
S 14839,32699 577,593 612,651 4
S 33976,32702 550,588 610,653 2
S 57665,30845 540,555 622,640 1
S 17483,32687 574,593 609,653 5
S 35078,7733 541,563 620,643 1
S 32490,6976 559,589 623,639 3
S 32388,7726 555,598 622,641 4
S 34081,7742 558,576 578,604 5
S 30900,14599 569,592 622,641 3
S 35047,6978 540,569 617,645 4
S 57677,33455 540,558 616,646 3
S 14581,32779 580,596 615,647 1
S 33906,14600 557,583 613,650 5
S 35059,35299 540,563 564,570 1
S 35047,35118 540,568 569,583 1
S 35197,17479 549,564 573,594 2
S 33796,32497 556,584 623,639 4
S 33972,14762 551,588 589,600 5
S 17994,32749 562,602 616,646 3
S 35132,17436 540,573 611,652 1
S 30936,281466 562,596 623,640 5
S 30934,30870 570,588 616,646 5
S 57664,35244 540,550 551,578 3
S 35286,32694 551,573 617,646 5
S 34025,7726 556,579 613,649 2
S 35118,32387 550,579 580,589 1
S 14761,17435 567,608 621,641 2
S 33976,32497 553,584 618,644 1
S 32491,32702 552,596 609,654 2
S 33976,32693 553,585 617,646 3
S 57646,33487 540,560 611,652 3
S 32386,32796 567,584 615,648 3
S 35076,13981 540,574 611,652 3
S 14583,32694 579,598 609,654 3
S 13975,14583 581,600 611,652 3
S 30917,7734 571,587 588,604 1
S 35173,17991 540,575 576,590 1
S 32382,32796 564,586 616,647 1
S 33618,14825 562,582 583,593 1
S 33793,32777 561,581 616,646 4
S 35247,32703 546,567 622,641 4
S 35141,33588 540,567 568,593 3