D 67584
C 10
S 60465,67059 544,579 617,648 1
S 60380,67503 542,577 620,645 1
S 60671,39455 553,585 586,609 3
S 60382,39543 552,567 568,601 4
S 63039,60109 547,577 612,654 2
S 60742,39789 554,579 580,596 1
S 60587,66589 552,591 618,647 5
S 67759,39676 540,560 610,655 1
S 67763,60605 540,554 560,579 2
S 39590,39716 561,602 624,642 4
S 67060,60563 540,568 616,649 3
S 60486,57025 549,576 577,584 4
S 67815,56962 540,552 567,584 1
S 60749,60545 554,578 621,645 2
S 276749,60491 581,597 613,653 5
S 39495,60482 570,600 614,652 2
S 60582,60378 563,580 623,643 3
S 60495,60536 553,577 620,646 2
S 60587,39796 559,584 624,642 1
S 60662,39456 556,578 579,608 1
S 66599,39808 546,564 623,643 4
S 66610,39536 541,566 618,647 3
S 60379,60553 542,578 612,654 1
S 60740,39731 557,577 614,652 1
S 56936,39801 558,594 621,645 3
S 60581,67645 558,585 611,655 3
S 271021,60495 540,560 622,643 3
S 60604,60483 555,585 624,641 3
S 39850,39799 570,592 620,646 5
S 66571,67045 540,567 613,652 2
S 39799,39727 561,598 620,645 1
S 39144,39143 563,607 623,643 3
S 67822,67062 540,554 623,642 3
S 39602,66589 562,598 617,648 4
S 60742,66993 546,586 624,642 5
S 60110,66589 540,578 624,642 1
S 39495,39454 565,604 624,641 1
S 66569,272700 540,564 610,655 5
S 39457,60492 571,602 624,642 3
S 66568,60493 540,560 561,577 2
S 60582,39673 555,589 613,653 1
S 60477,39143 542,581 616,649 3
S 60380,67501 544,576 613,652 4
S 67587,39428 540,563 624,642 5
S 60379,60109 547,573 620,645 1
S 39540,39591 569,598 611,655 5
S 66568,60464 540,560 610,655 2
S 39614,39707 572,588 616,650 2
S 60580,67685 550,592 624,642 1
S 60669,276750 547,590 620,646 5
S 39428,60493 575,600 611,654 5
S 60580,60110 552,590 612,654 4
S 67646,60482 540,558 618,647 4
S 57025,39454 565,584 624,641 1
S 66565,57027 540,563 564,589 1
S 39415,39178 580,595 622,643 5
S 66622,39798 544,561 562,597 5
S 60597,39596 551,590 616,650 2
S 60111,39716 540,575 616,649 1
S 66572,39535 540,573 620,646 4
S 60587,276751 553,590 618,647 5
S 60654,60494 556,580 619,646 2
S 67822,56961 540,554 561,589 4
S 67689,67640 540,563 625,640 3
S 60482,39495 548,576 613,652 2
S 60589,67058 561,581 610,655 5
S 39616,66590 571,588 613,652 5
S 67646,60381 540,552 553,571 1
S 60353,66598 540,578 621,644 4
S 39144,39615 566,603 622,644 3
S 63742,67502 540,572 619,647 5
S 39804,39457 566,591 620,645 2
S 60758,67763 544,586 614,652 3
S 39614,39451 560,600 612,654 4
S 39794,60630 569,586 613,652 1
S 60133,39706 541,574 619,647 3
S 60662,67048 554,581 615,650 5
S 276749,39808 568,610 617,648 2
S 63743,271143 540,573 620,645 5
S 39179,60553 576,601 610,655 2
S 66578,39614 540,567 568,591 1
S 56963,39826 558,592 618,647 4
S 67780,39674 540,568 618,647 4
S 56961,60382 565,584 616,650 3
S 60494,60486 544,586 612,653 1
S 56936,60495 567,585 613,652 2
S 67815,39616 540,558 560,599 2
S 67823,60565 540,564 621,644 2
S 60604,39535 548,591 612,654 2
S 39429,60498 575,599 614,651 1
S 66573,57034 540,567 568,595 4
S 39849,60503 562,599 625,640 3
S 39428,60354 566,609 612,653 4
S 67823,39557 540,553 561,602 1
S 271022,57024 540,555 557,590 5
S 57032,39590 564,582 623,642 3
S 67646,56962 540,563 564,593 1
S 39615,67771 571,587 624,642 3
S 67580,60495 540,560 561,578 2
S 39538,39600 576,592 620,645 1