D 60441
C 12
S 74189,87184 540,578 579,585 4
S 86707,73796 551,577 587,616 3
S 63007,87585 540,552 564,580 5
S 73783,70151 540,572 591,613 2
S 87560,63077 549,590 591,621 2
S 70164,87584 540,568 587,617 5
S 74317,87585 540,581 582,586 4
S 87584,63002 557,585 586,623 5
S 86692,63009 555,571 585,618 4
S 87574,63304 563,578 583,620 4
S 86614,63012 548,578 586,618 2
S 86746,74172 547,583 584,620 5
S 87558,63003 551,587 588,622 2
S 70363,62989 542,563 586,617 3
S 63013,87558 540,557 588,615 2
S 86728,86743 555,576 589,614 1
S 86801,73792 548,585 590,614 3
S 74303,73798 546,576 590,614 1
S 63593,73769 540,558 594,609 3
S 87575,87587 559,582 583,623 5
S 86693,62986 548,578 582,621 5
S 62979,86725 540,563 591,612 4
S 87176,63091 551,586 593,610 3
S 62977,74172 540,557 583,621 2
S 62961,86719 540,566 591,613 3
S 86801,63001 546,588 590,613 1
S 79390,62961 540,583 584,623 1
S 62966,63005 540,563 583,621 5
S 62923,62923 540,561 582,622 3
S 63089,73780 540,560 561,563 1
S 62977,70353 540,563 584,619 4
S 74054,63592 540,572 591,612 4
S 86800,62980 545,588 589,622 4
S 74138,73781 540,579 587,616 3
S 87588,86707 561,582 583,622 4
S 86745,62955 553,578 583,621 1
S 79383,86718 543,579 585,619 5
S 87568,73780 553,588 592,611 1
S 70152,74188 540,564 583,621 5
S 87196,86742 555,581 591,612 2
S 63000,63005 540,559 592,612 2
S 74314,63336 550,571 581,622 3
S 63089,86708 540,553 582,621 2
S 86611,87193 541,584 585,624 5
S 70163,74315 540,565 590,613 2
S 73798,74171 543,568 593,611 5
S 73799,74188 543,570 588,616 5
S 63336,86612 540,560 582,621 4
S 87569,70163 556,584 590,613 3
S 74303,70169 545,576 584,619 3
S 63304,86612 540,563 591,613 2
S 74173,86707 541,578 581,623 1
S 86609,86672 543,581 585,619 5
S 74053,86719 540,573 592,611 5
S 87199,73700 546,588 593,611 5
S 86742,74138 551,580 590,614 4
S 86801,73795 547,587 588,616 4
S 86721,87199 546,582 590,613 1
S 86693,87184 546,581 582,622 1
S 74184,86707 545,572 584,620 2
S 70169,86724 540,564 590,613 5
S 74189,74182 543,573 586,618 3
S 63335,73782 540,563 593,611 5
S 63001,74139 540,557 581,622 4
S 73774,86801 540,568 569,579 3
S 63593,63336 540,557 587,616 1
S 87584,86707 558,585 586,619 1
S 63090,70336 540,550 551,568 5
S 63006,63008 540,556 591,613 4
S 74139,86611 540,576 580,624 2
S 87184,87585 550,588 591,613 4
S 74172,70151 549,571 584,619 2
S 74174,86719 548,570 588,615 1
S 73797,63079 546,566 590,614 5
S 60441,73773 540,548 549,575 2
S 70163,70151 540,572 593,611 4
S 63078,73792 540,557 558,573 1
S 73770,63001 540,573 581,623 3
S 63305,70168 540,563 591,612 3
S 87200,74052 552,583 584,621 3
S 86693,62918 550,577 579,624 1
S 74175,63007 540,580 583,621 2
S 63080,74186 540,560 583,621 1
S 74182,87199 548,569 583,620 2
S 70337,73795 540,563 589,615 1
S 63080,74053 540,550 580,623 5
S 86719,74175 547,580 585,618 2
S 87197,86740 555,581 588,616 2
S 62991,74317 540,560 588,616 2
S 62918,87569 540,568 569,582 2
S 73772,74170 542,565 589,615 4
S 87183,73773 560,578 579,624 5
S 86609,63077 554,570 585,618 5
S 74175,86720 540,581 582,623 4
S 74186,73798 540,578 594,609 5
S 73770,63597 546,561 594,610 5
S 87559,63079 562,578 588,616 2
S 87588,63004 553,591 592,613 4
S 272120,86614 540,558 582,621 5
S 63101,74191 540,563 564,573 1