D 129386
C 8
S 85437,90006 545,585 597,621 4
S 86246,119784 555,573 592,626 2
S 86369,128978 545,576 591,627 3
S 129703,85233 540,572 573,592 4
S 85438,81581 547,582 600,618 5
S 119208,86351 540,568 598,620 2
S 86310,128978 543,582 599,619 4
S 86249,130287 555,573 591,626 1
S 119318,85189 540,576 588,630 2
S 119302,268666 540,576 577,587 4
S 129954,81687 540,563 593,625 2
S 85164,85187 567,584 593,625 1
S 119303,119324 540,574 600,618 4
S 119194,129820 545,565 601,617 3
S 81546,85187 557,586 596,622 5
S 85436,119163 545,586 600,617 4
S 81562,129649 556,591 592,626 4
S 81689,86322 553,583 586,631 5
S 129821,90058 540,571 600,617 2
S 128970,86353 540,552 553,576 2
S 81687,90006 546,591 592,629 4
S 130300,130181 540,562 596,621 1
S 129702,86247 540,564 565,573 1
S 129113,119207 540,551 594,624 5
S 130284,129723 540,561 597,620 1
S 130289,81508 540,557 590,627 4
S 85192,85188 559,590 591,626 4
S 85453,123692 555,573 574,593 5
S 81509,85191 559,580 595,622 4
S 81518,81545 556,585 595,622 1
S 81519,129008 551,589 595,622 1
S 130262,90010 540,560 561,576 5
S 85227,90027 560,587 600,618 4
S 129114,119208 540,560 561,570 2
S 81546,129703 554,589 590,631 5
S 85453,85189 544,585 600,617 5
S 130182,81468 540,569 570,589 3
S 129143,86355 540,554 593,625 1
S 90056,129650 550,565 588,630 3
S 89985,81451 543,574 587,631 4
S 129951,86369 540,566 567,579 3
S 129945,81582 540,558 589,629 3
S 129821,85190 540,561 563,587 3
S 119298,130287 540,576 591,627 3
S 129113,81446 540,556 557,589 2
S 81553,81519 551,593 594,628 2
S 130264,81649 540,554 557,586 1
S 90007,85190 544,576 577,590 3
S 119201,85233 540,573 574,592 5
S 129725,81470 540,573 574,588 4
S 130179,81687 540,557 558,584 2
S 129700,81545 540,571 599,618 5
S 90026,129667 540,579 594,623 1
S 81464,90058 551,582 599,619 4
S 130177,85229 540,566 567,583 3
S 85449,81547 550,579 588,630 5
S 129705,85450 540,574 593,625 3
S 85439,81517 542,587 591,626 3
S 129150,129699 540,548 549,573 5
S 85227,129821 566,582 588,629 5
S 85187,90027 568,583 586,631 3
S 119302,86247 549,564 597,620 3
S 90009,86394 548,572 600,617 3
S 128972,85450 540,552 553,579 3
S 85228,81562 553,594 599,618 1
S 81680,90007 556,583 590,627 2
S 81546,85190 556,587 594,624 2
S 261648,119784 542,572 594,624 4
S 268666,129758 548,589 590,630 1
S 85436,129135 553,577 596,622 1
S 81649,129702 553,590 595,622 4
S 81509,129134 561,579 596,622 3
S 81499,81518 553,586 593,625 3
S 129954,129693 540,563 593,624 2
S 130260,129751 540,559 592,625 1
S 86322,128999 543,581 590,627 1
S 129110,86249 540,552 593,625 5
S 85187,130180 556,595 596,627 4
S 81687,90066 559,577 588,629 3
S 119302,81519 540,579 593,624 2
S 129751,128979 542,559 588,629 2
S 130300,119210 540,561 596,622 3
S 128977,86311 540,561 588,630 2
S 85187,129666 558,593 597,620 1
S 130180,85229 540,567 592,625 4
S 86393,128978 551,570 586,631 4
S 85436,129650 554,577 590,628 5
S 81650,85226 553,588 590,628 2
S 130181,129702 540,569 599,618 1
S 129152,86367 540,558 591,627 2
S 129665,129663 540,574 600,617 3
S 86364,81546 547,574 575,592 3
S 130178,90063 540,563 595,623 3
S 86393,81442 553,568 592,626 3
S 86355,129759 546,576 591,626 5
S 85191,119208 558,592 600,618 2
S 81723,129822 561,576 594,624 5
S 128976,85232 540,553 557,592 1
S 130263,81652 540,568 598,619 4
S 90006,86351 546,573 586,631 2