D 45995
C 8
S 145671,187459 575,601 656,685 5
S 105398,113740 554,586 654,687 5
S 173776,110245 582,612 649,692 2
S 106724,110055 558,589 663,678 1
S 173579,187554 573,612 613,630 2
S 46982,186388 540,568 587,617 1
S 175529,99500 580,620 650,692 5
S 46977,186826 540,566 598,617 4
S 45629,145132 540,555 576,593 5
S 173565,186830 577,606 607,626 1
S 186316,110114 592,611 658,683 4
S 187507,100217 593,626 652,690 4
S 109921,95276 565,588 649,692 5
S 175527,146002 591,608 662,679 1
S 173780,186698 589,604 605,629 1
S 99329,53301 549,580 657,684 1
S 145136,46782 565,603 648,693 2
S 186825,99506 586,628 656,686 4
S 109919,173767 557,597 655,686 3
S 45822,173768 540,553 588,609 3
S 173585,100216 584,603 663,679 1
S 173789,53309 584,606 663,678 2
S 147821,186426 582,597 655,687 3
S 53207,105783 540,581 656,685 5
S 46968,147825 540,570 578,599 3
S 173786,145135 578,612 656,685 1
S 46953,173775 546,565 588,607 3
S 45807,53709 540,558 658,683 2
S 110098,173590 563,593 658,684 1
S 109897,173778 560,589 655,687 5
S 145617,53321 577,595 655,687 1
S 45824,95160 540,563 564,572 3
S 186321,187457 586,617 618,630 5
S 46967,46782 546,563 660,682 5
S 105702,110249 561,585 655,686 5
S 145130,99501 566,605 648,693 5
S 186046,145658 580,621 659,682 2
S 186430,105752 589,619 654,687 5
S 109902,187506 560,591 658,683 2
S 105507,45981 548,593 656,685 2
S 146002,186687 570,605 654,688 3
S 53208,186700 542,574 656,685 1
S 54871,173775 540,578 581,613 4
S 105393,186046 550,589 590,618 2
S 146003,46784 567,610 653,689 3
S 173579,110047 575,610 663,679 3
S 145670,186689 580,595 660,682 5
S 110252,173563 572,590 655,687 1
S 110098,54682 560,596 650,692 2
S 99311,147823 547,586 650,692 5
S 113725,186433 572,595 596,620 1
S 105710,186687 553,591 592,626 1
S 109918,147824 566,588 589,598 3
S 145660,173773 564,609 658,683 1
S 110239,173569 566,594 651,691 5
S 186046,173566 589,611 661,681 1
S 173776,98454 582,612 654,687 1
S 186384,145635 592,614 663,678 2
S 186045,147822 588,613 648,693 2
S 186826,173786 593,623 660,681 4
S 275153,187506 540,570 651,691 1
S 173774,99504 590,605 663,678 4
S 175527,98496 587,612 655,686 1
S 46955,100303 543,566 567,587 5
S 147601,186430 569,613 614,621 2
S 99305,110245 556,578 579,601 5
S 186684,95362 583,628 657,685 2
S 275110,109922 540,564 565,595 5
S 45852,147903 540,566 660,681 5
S 95167,46783 546,577 662,680 2
S 110261,53423 562,602 648,693 4
S 147821,110050 580,599 661,681 2
S 145130,173780 568,603 657,684 1
S 53208,186690 545,572 658,683 1
S 186836,145130 594,623 662,680 1
S 46976,173786 540,573 656,685 4
S 145133,147823 564,606 662,679 4
S 186046,110252 589,611 658,684 4
S 45790,54699 540,570 650,692 1
S 46974,173564 540,571 652,690 4
S 186432,46081 591,617 652,690 4
S 95160,110260 542,584 585,596 1
S 187511,53409 599,622 663,678 5
S 147903,147903 574,606 659,682 5
S 249154,147834 603,621 654,688 5
S 105395,45989 553,585 658,683 3
S 99309,186829 551,582 596,619 3
S 100304,147602 547,588 648,693 3
S 173582,186699 576,610 656,686 2
S 110114,98496 572,587 662,680 5
S 46974,105703 540,568 569,582 5
S 109919,186384 555,599 600,625 2
S 105398,173768 558,582 590,607 2
S 45887,186046 540,562 584,617 5
S 145635,186425 574,597 598,614 2
S 105710,46025 557,588 663,679 5
S 94877,186384 540,579 654,688 4
S 186700,186434 593,620 661,680 4
S 46983,186316 540,568 582,621 1
S 110108,186434 561,597 598,626 3