D 283453
C 11
S 12090,13293 540,564 565,575 5
S 13236,12213 552,568 583,619 1
S 13237,12460 544,575 593,609 3
S 13064,5616 559,579 586,615 5
S 12444,13787 540,581 582,621 1
S 13786,13195 548,591 592,621 5
S 13467,8349 555,578 586,616 1
S 283452,5578 540,551 585,617 3
S 5577,13220 540,554 555,569 5
S 6150,12413 540,554 555,575 3
S 8557,13457 542,571 592,610 2
S 13066,13391 551,586 590,611 1
S 5430,12215 540,560 561,575 5
S 13452,12232 555,576 593,608 3
S 13251,13071 545,577 581,621 5
S 8598,13292 542,572 589,613 2
S 13180,13282 552,575 590,612 3
S 6129,13288 540,554 555,583 2
S 8824,13453 540,570 587,615 1
S 12216,8619 540,576 593,609 2
S 8700,6150 540,573 591,611 3
S 5616,13462 540,566 567,588 4
S 8583,13292 543,574 582,620 4
S 5356,281807 540,557 592,610 1
S 5354,12123 540,558 559,561 3
S 5353,5628 540,556 588,614 2
S 6151,13071 540,567 568,581 1
S 8825,13390 540,570 582,620 3
S 12210,8904 544,563 579,623 5
S 13448,12220 545,585 586,620 2
S 13788,8339 558,582 583,619 1
S 13282,13391 555,570 589,612 3
S 12416,5430 540,575 579,623 5
S 13213,8598 548,576 590,611 1
S 8863,6212 540,572 592,609 3
S 6152,6222 540,559 582,620 1
S 13048,13463 551,591 592,620 1
S 12212,13429 540,572 573,577 3
S 12413,13398 545,570 586,616 4
S 13041,5427 557,585 586,618 4
S 5612,12416 540,562 563,573 3
S 13457,8709 558,574 593,608 3
S 5611,8585 540,560 561,574 3
S 12206,13398 540,568 569,573 5
S 12792,12217 546,590 591,613 4
S 13068,5611 555,581 591,610 2
S 6148,12091 540,555 582,620 5
S 8598,8565 540,574 587,614 2
S 5611,13065 540,562 563,585 1
S 8699,13492 545,561 562,582 3
S 6221,8595 540,558 591,610 1
S 13176,6212 549,577 585,617 4
S 12224,13453 540,573 574,581 5
S 8704,13452 544,562 586,616 5
S 6220,8346 540,566 585,616 4
S 13394,12460 554,574 591,611 2
S 12793,6141 549,588 589,623 3
S 8596,283452 547,567 586,615 2
S 8704,8864 542,563 592,609 1
S 6220,12231 540,562 584,618 5
S 6131,13457 540,557 581,620 5
S 8596,8768 542,573 586,616 3
S 13046,12219 563,580 581,623 4
S 8615,6130 546,567 592,609 4
S 8824,8700 540,557 583,618 5
S 8586,6230 540,579 583,618 3
S 13449,13456 552,578 588,613 2
S 13213,12124 553,570 584,617 3
S 13069,13462 551,585 591,611 2
S 12117,8576 540,569 580,622 4
S 13429,5428 550,580 593,609 4
S 8863,8567 540,570 580,621 3
S 6133,8864 540,564 586,615 3
S 12445,13069 540,580 589,612 3
S 5632,8615 540,557 558,577 3
S 13074,6220 546,590 591,623 2
S 5751,8700 540,562 586,615 1
S 8903,8572 540,567 585,616 1
S 5612,8349 540,554 592,609 4
S 8903,13196 542,558 587,614 1
S 12224,13075 542,569 570,589 5
S 6221,8834 540,566 583,619 2
S 13398,13391 542,586 587,617 2
S 13288,8767 543,582 588,614 1
S 13108,8598 555,580 581,623 1
S 12220,13046 540,571 586,616 2
S 13247,6141 541,580 591,610 2
S 5579,13069 540,558 559,590 4
S 5430,5579 540,559 582,620 5
S 13073,13195 556,581 592,609 4
S 6141,13073 540,553 556,581 4
S 12219,12213 546,564 581,621 1
S 13071,8924 560,576 589,612 5
S 5352,6150 540,550 583,619 2
S 13394,12115 556,573 580,621 2
S 8768,8864 540,558 583,619 4
S 6131,5579 540,562 582,620 5
S 13789,6152 562,580 587,615 2
S 5352,12123 540,556 586,616 5
S 5628,13072 540,564 565,584 5