D 265973
C 10
S 44216,96399 550,592 652,669 5
S 42150,25342 573,598 641,680 2
S 53862,42539 540,580 644,677 4
S 43628,53864 572,588 650,671 2
S 95865,46614 540,561 647,674 5
S 46118,266185 547,585 650,672 3
S 25202,44910 582,610 650,672 2
S 95796,25319 541,562 642,679 4
S 95707,44911 541,565 639,683 4
S 42213,42056 576,591 647,675 2
S 46668,41842 552,570 649,672 5
S 266185,43623 540,552 557,602 4
S 95840,54026 540,564 565,579 5
S 46674,25418 543,577 653,669 3
S 276059,41842 570,608 645,676 3
S 96411,96400 540,566 653,668 2
S 44211,24935 558,585 586,619 3
S 25183,95842 581,608 640,682 2
S 43653,24692 559,597 598,620 2
S 276063,42043 572,606 645,676 1
S 96402,44223 540,569 570,581 1
S 25185,95840 578,611 651,671 5
S 44259,95845 563,578 643,679 4
S 54036,53835 546,568 646,676 2
S 42057,44913 574,601 653,668 5
S 24696,53861 585,618 652,670 5
S 24688,25185 582,622 639,682 2
S 95896,42234 540,554 647,674 2
S 46662,95528 551,571 653,669 2
S 42525,24696 564,599 600,613 2
S 54197,44903 542,570 641,681 2
S 266096,25373 540,554 648,674 2
S 265982,275901 540,562 653,668 3
S 53862,275900 540,579 652,670 3
S 44910,43626 551,585 586,601 5
S 96403,275899 540,570 651,671 3
S 25190,46196 578,612 653,669 5
S 42529,53864 560,602 642,680 3
S 25389,46674 583,601 646,675 2
S 95795,43884 540,574 575,590 2
S 95866,279551 540,565 651,671 4
S 96406,44224 540,568 652,670 4
S 95897,279589 540,551 645,677 3
S 276059,42048 580,597 641,681 2
S 43876,276285 563,587 588,611 2
S 44215,25416 555,587 588,606 2
S 44905,42070 552,582 641,680 4
S 54197,44272 540,572 573,588 2
S 276084,43887 574,602 641,681 2
S 25182,46668 586,601 642,680 5
S 24688,24684 591,612 647,675 1
S 46652,275899 540,583 643,679 4
S 266332,54035 542,560 640,681 5
S 43650,25208 560,598 599,605 3
S 266099,42539 540,558 647,675 1
S 42063,42270 566,606 640,682 4
S 95721,95838 543,562 651,670 5
S 266100,43910 540,561 562,586 5
S 46123,96400 559,575 651,670 3
S 25185,26186 586,604 651,671 1
S 95861,54195 540,556 557,576 1
S 95701,43528 546,562 643,679 4
S 25202,95700 585,608 639,682 3
S 43851,46652 567,585 645,676 5
S 266097,95792 540,564 565,573 4
S 43852,44912 566,585 653,669 4
S 95707,279588 540,573 643,678 2
S 44272,24987 550,588 641,680 4
S 44213,46120 550,594 645,677 4
S 26189,44242 578,602 639,682 2
S 25183,25201 581,608 650,671 1
S 24696,43850 587,616 641,681 1
S 95801,95537 541,561 639,683 1
S 25319,44908 587,603 638,683 5
S 54195,46119 544,568 569,578 2
S 95527,42514 546,563 572,593 2
S 42194,266099 573,595 651,670 4
S 96411,25176 540,570 652,669 5
S 42212,42055 570,598 648,673 4
S 95897,42192 540,551 567,602 1
S 266249,25182 540,554 573,614 5
S 43899,44911 559,588 640,681 3
S 42061,42106 576,597 647,675 1
S 25181,95835 576,611 649,673 5
S 279670,279588 588,612 643,679 3
S 266102,24685 540,563 587,615 1
S 24935,42111 588,608 650,672 4
S 95530,53812 547,562 650,671 1
S 43629,26187 572,588 649,672 5
S 44912,44913 554,582 645,677 1
S 95721,53862 540,566 653,668 2
S 96407,53833 540,569 650,672 4
S 46652,43842 549,575 641,681 1
S 44257,95840 561,579 647,675 2
S 95839,95803 540,562 646,676 2
S 46607,25200 549,576 647,675 1
S 24692,95896 585,619 638,683 5
S 95842,54026 540,557 558,571 3
S 24938,25374 590,607 644,678 3
S 96402,44216 540,559 560,593 4