D 48240
C 10
S 71823,128396 540,566 568,598 4
S 56571,87251 540,554 615,634 5
S 48235,128397 540,552 568,598 1
S 118968,56600 553,590 616,633 1
S 78713,119836 540,572 603,647 5
S 71637,119791 540,566 616,633 2
S 128397,90489 572,595 616,633 3
S 62231,121344 540,566 567,598 2
S 72637,86736 540,567 606,644 1
S 91260,71637 549,592 614,635 2
S 90657,79305 553,581 617,632 1
S 48254,71832 540,562 612,638 1
S 73095,90667 540,566 567,589 3
S 121222,87251 567,593 605,644 3
S 90657,261146 547,586 615,635 4
S 78713,73054 545,565 616,633 2
S 89063,121323 543,582 583,600 3
S 87128,71644 548,574 617,632 3
S 61941,121417 540,558 603,647 1
S 87134,121204 540,583 584,602 1
S 62232,120468 540,553 605,645 2
S 261147,71824 573,592 615,634 1
S 79106,62247 544,570 610,640 1
S 91259,90429 557,582 609,641 4
S 62230,62221 540,559 614,635 2
S 74619,71612 541,566 614,635 3
S 121414,74619 562,605 617,632 4
S 120632,90186 562,588 615,635 5
S 71671,90183 540,564 604,645 5
S 62234,89132 540,560 561,575 5
S 120684,79311 555,600 609,640 2
S 71617,261391 540,565 566,600 4
S 71669,86945 540,553 554,571 3
S 121218,79101 565,594 614,636 1
S 71616,121198 540,569 570,601 2
S 74619,119093 540,574 575,593 2
S 269932,267388 544,560 561,572 4
S 120662,79238 569,584 608,641 1
S 86918,119841 540,580 606,643 1
S 90667,120474 555,581 607,642 5
S 121418,79313 563,606 617,632 1
S 71819,74602 540,567 614,635 5
S 89637,90218 550,580 614,636 4
S 121421,90389 567,602 616,634 2
S 86872,261146 544,572 609,641 5
S 71673,71828 540,554 611,639 1
S 121096,73133 568,588 611,638 2
S 91302,62248 556,585 607,642 3
S 121415,62216 565,603 607,643 3
S 89067,86794 546,580 608,641 4
S 87584,119843 553,570 617,633 4
S 62233,129931 540,564 565,594 5
S 71828,119836 540,570 617,632 1
S 121342,120473 571,592 612,638 2
S 261383,62014 567,588 607,643 1
S 121247,74608 558,600 615,635 3
S 121221,121413 566,594 613,636 1
S 129928,79250 555,591 616,634 5
S 79218,120632 548,566 567,592 5
S 73131,89595 540,566 567,577 5
S 73095,259017 540,572 573,594 1
S 89062,73096 547,578 616,634 1
S 121248,121416 556,601 609,641 5
S 79105,90673 543,570 571,579 1
S 259019,90262 564,581 616,634 1
S 61947,129751 540,558 560,586 4
S 78734,121339 541,570 571,598 5
S 73127,90388 540,571 615,635 4
S 71818,86735 540,564 615,634 5
S 269931,79237 540,565 616,633 4
S 121248,90174 557,599 617,632 5
S 261391,72638 569,587 608,641 5
S 86873,62223 544,571 603,647 4
S 73079,87437 540,570 612,638 5
S 73094,121344 540,573 574,594 5
S 128367,90388 574,593 606,644 3
S 90657,71824 548,585 614,635 1
S 61940,120483 540,564 572,592 2
S 119092,269931 556,588 617,632 1
S 73122,79294 543,561 607,642 5
S 129926,128367 557,590 591,592 3
S 128367,269932 571,596 603,646 5
S 261391,72603 565,591 612,638 3
S 121418,87423 570,600 605,644 5
S 91243,119842 560,579 617,632 4
S 87123,120658 548,572 573,591 2
S 129926,79319 553,595 615,635 2
S 86903,121248 540,577 578,601 1
S 120655,87413 554,598 609,640 2
S 121418,79318 565,604 610,640 4
S 48238,79306 540,560 609,640 5
S 267388,120654 548,578 579,592 5
S 87135,87423 553,570 607,643 3
S 86918,121413 540,577 608,641 1
S 269932,120686 540,571 572,593 1
S 269931,86734 541,564 606,643 5
S 87134,79032 540,582 615,634 5
S 73123,78732 540,575 613,636 3
S 86872,61819 548,568 614,636 5
S 79105,79241 545,568 614,635 4