D 184797
C 11
S 184838,177557 540,554 580,617 4
S 177545,177406 543,559 590,606 3
S 181095,180476 540,561 562,571 3
S 184843,177509 540,556 557,566 5
S 184837,180433 540,559 560,577 2
S 177406,170812 540,569 576,621 5
S 167770,184599 551,591 592,617 3
S 170921,177480 551,574 590,606 1
S 180954,169647 540,566 588,609 4
S 184836,177509 540,552 553,572 2
S 180471,252534 540,573 574,586 4
S 170938,181097 549,574 576,620 5
S 180943,170922 540,557 558,581 1
S 180956,170919 540,555 583,613 4
S 170786,170888 548,584 585,620 4
S 169877,180338 555,582 589,608 1
S 180486,180467 540,573 588,609 3
S 177521,171107 540,569 576,621 5
S 180477,184581 540,572 581,616 5
S 252390,252534 557,577 580,617 5
S 169823,177525 555,579 580,616 5
S 168021,180943 554,587 588,618 1
S 184836,170786 540,561 581,615 1
S 180432,180469 543,576 579,618 3
S 180473,184575 544,569 582,614 4
S 184602,177726 540,564 577,620 3
S 167768,180345 553,589 590,607 1
S 169877,250292 556,580 586,611 4
S 177407,252390 540,563 564,586 5
S 181098,180981 540,565 586,610 1
S 170887,177551 550,577 583,614 5
S 184973,180433 540,560 561,568 4
S 252534,252534 560,578 579,618 2
S 177629,170886 543,568 580,617 4
S 184837,170922 540,550 580,617 1
S 171106,170797 540,577 578,620 1
S 180434,177395 549,568 587,610 4
S 180471,167769 540,579 580,593 4
S 184795,177526 540,556 584,612 2
S 170812,180428 554,576 582,614 4
S 168020,170924 561,580 582,615 1
S 184594,180431 540,559 587,610 3
S 184586,180468 540,553 554,570 1
S 180486,177587 540,571 588,609 1
S 170833,177586 544,585 587,609 4
S 170940,168008 548,574 580,616 5
S 177479,177407 540,565 577,619 2
S 184842,180467 540,547 583,613 3
S 180468,177563 550,565 579,617 2
S 180467,180940 546,568 585,611 2
S 252944,177396 558,585 586,620 2
S 177628,180437 540,571 588,609 4
S 170794,177410 557,574 576,620 2
S 184586,168021 540,554 576,620 2
S 177456,170921 540,557 585,611 2
S 181097,252944 540,560 561,585 4
S 177539,169826 541,562 590,607 4
S 169823,180453 557,578 591,606 4
S 184797,177727 540,561 584,612 2
S 180468,168018 540,577 578,584 2
S 180484,170943 540,578 580,617 2
S 169823,170797 550,585 588,608 5
S 180476,184594 540,576 582,615 3
S 177523,170770 540,570 586,610 4
S 184837,170835 540,556 557,579 1
S 252944,168009 554,588 589,608 2
S 170918,169827 548,577 591,606 3
S 170887,184582 542,585 589,607 1
S 170924,250292 549,576 577,621 3
S 184600,170787 540,558 559,582 5
S 170942,177725 546,577 581,615 1
S 180518,168009 540,579 590,606 3
S 167769,168018 549,592 593,616 4
S 170919,177411 552,574 590,607 5
S 169827,177481 546,590 591,607 4
S 177479,170786 540,569 570,584 3
S 170832,170770 544,584 585,619 5
S 184836,180956 540,563 580,617 4
S 170797,177409 555,576 581,615 1
S 169651,252532 545,580 581,618 3
S 252544,180452 554,584 585,611 2
S 181089,170774 540,553 554,583 1
S 167774,180942 561,582 587,609 5
S 184601,171109 540,551 552,575 1
S 177521,170786 540,567 568,575 3
S 171107,180980 544,564 585,611 5
S 177480,170811 540,568 576,620 2
S 184636,169648 540,558 580,616 2
S 177626,170893 540,578 585,612 1
S 177464,170940 540,556 557,569 5
S 180472,169647 544,569 586,611 3
S 177626,169830 542,568 569,580 4
S 170922,177411 552,574 580,617 4
S 180519,177459 548,569 578,619 3
S 252533,180344 551,587 588,610 3
S 184841,171107 540,551 589,607 5
S 184975,169824 540,553 554,585 2
S 168009,170811 556,584 585,613 1
S 177587,170811 546,563 564,574 2
S 177515,170811 540,569 583,613 4