D 42557
C 12
S 41706,25386 540,559 560,562 1
S 25279,25266 540,585 588,630 3
S 25319,25385 540,579 594,623 1
S 25318,25200 550,567 600,617 1
S 42241,41792 540,554 595,623 5
S 41822,27997 540,557 558,599 5
S 26420,24305 549,587 588,631 3
S 25375,41787 548,563 588,630 4
S 25183,26452 540,580 581,586 5
S 42132,279551 540,561 562,567 4
S 26276,24367 555,572 588,630 3
S 42132,26276 540,565 566,581 2
S 25295,42110 551,569 590,628 3
S 42053,28123 540,570 571,579 5
S 25295,24238 548,572 597,621 4
S 25318,25266 546,572 590,627 3
S 26260,279348 549,576 594,624 5
S 28026,25374 549,592 600,618 3
S 26423,24630 555,581 591,627 2
S 26269,42110 547,579 599,618 1
S 26250,28007 550,573 574,596 3
S 41584,27928 540,569 600,617 4
S 42056,28116 540,567 568,587 1
S 42053,24629 540,569 595,623 2
S 42018,41788 540,571 597,621 2
S 26424,27927 559,577 597,621 5
S 42018,26389 540,567 568,575 5
S 25285,24339 541,580 598,619 4
S 276285,28024 540,574 575,591 4
S 26390,24307 552,582 596,621 2
S 25201,28010 549,569 570,597 1
S 42132,41772 540,560 594,623 3
S 42058,42057 540,564 591,627 1
S 26423,41810 550,585 586,631 1
S 28125,25375 561,581 598,619 5
S 28006,41706 559,597 598,624 1
S 42110,40927 540,555 556,588 4
S 41800,25291 540,551 592,625 3
S 41832,42106 540,553 599,619 5
S 28028,25268 563,578 587,630 4
S 28033,41787 561,586 594,623 1
S 25319,41791 540,578 600,617 5
S 276059,28032 540,572 573,585 5
S 42052,26389 540,563 564,574 5
S 25388,41823 540,576 587,630 1
S 42048,25289 540,566 567,581 3
S 26268,24583 544,581 590,627 2
S 25295,24329 544,576 588,630 3
S 28027,41788 554,586 587,631 1
S 279152,25239 553,586 587,630 4
S 26190,26426 543,565 566,579 2
S 42110,24644 540,565 587,631 2
S 275859,24243 540,557 588,629 5
S 42019,279551 540,562 599,619 5
S 28028,42558 556,585 600,618 2
S 27977,42044 553,585 600,617 3
S 25202,24644 549,570 601,616 5
S 276284,41586 546,561 600,617 3
S 28026,25315 553,588 597,620 2
S 42045,24367 540,562 595,622 3
S 41848,26441 540,561 562,587 3
S 28000,25389 561,595 596,625 3
S 41584,26441 542,561 562,597 4
S 28033,24629 560,587 590,627 5
S 25279,42045 553,572 595,622 1
S 26452,25296 571,586 592,626 2
S 28002,25236 557,600 601,630 4
S 27997,42045 555,600 601,622 5
S 25284,41791 552,570 588,629 5
S 26455,24339 569,586 598,619 5
S 276063,26388 540,568 569,574 5
S 28116,42054 551,593 601,616 3
S 42055,28006 540,568 597,621 1
S 26454,24305 562,593 596,621 2
S 42558,42055 540,553 554,558 1
S 28009,41585 568,584 599,618 1
S 28009,41832 558,593 594,630 4
S 42095,24305 540,558 596,622 2
S 42096,24583 540,561 599,619 3
S 25184,28124 540,580 581,592 5
S 26442,24541 557,591 597,621 5
S 276285,25317 544,563 597,621 5
S 28127,42071 558,585 599,618 5
S 25388,26426 547,564 565,586 3
S 41809,26438 540,551 561,591 1
S 26440,41812 553,596 601,616 3
S 27997,24207 566,590 594,623 4
S 41822,28122 540,562 563,589 2
S 27977,24342 553,586 599,619 1
S 28117,279758 553,592 598,619 4
S 26386,42096 553,578 595,622 4
S 42043,25315 540,561 594,623 5
S 26419,25296 547,587 588,631 5
S 276062,24332 540,566 590,627 3
S 25373,41822 540,574 590,627 1
S 42055,28123 540,565 566,583 5
S 42105,25373 540,561 597,620 5
S 276062,42057 542,563 589,628 5
S 28032,27928 565,581 587,630 2
S 40927,24572 557,576 587,630 2