D 226562
C 11
S 223394,211772 543,570 590,622 2
S 190884,215663 550,591 592,619 3
S 239594,212013 540,583 590,621 2
S 226590,215660 540,549 597,614 3
S 224068,216550 541,565 595,616 1
S 226433,223366 540,563 597,614 5
S 215662,216531 547,578 585,627 4
S 223904,224896 546,563 584,628 5
S 223395,190149 540,577 578,579 3
S 185286,211680 563,584 593,619 4
S 224898,190207 540,566 583,628 5
S 225970,216511 540,570 594,618 3
S 226433,225877 540,556 592,620 5
S 226441,185287 540,557 565,583 4
S 225980,223718 540,564 584,627 1
S 185287,185282 563,586 597,614 3
S 223897,225150 540,577 585,627 3
S 223196,185288 544,574 575,596 3
S 225950,226566 541,556 592,620 3
S 223907,211801 541,569 570,575 1
S 185286,224067 553,595 596,627 2
S 190157,190160 559,585 588,623 5
S 223320,223720 541,575 586,625 5
S 215641,225804 546,581 584,628 4
S 190885,239586 556,584 598,613 3
S 216511,190210 554,569 596,615 5
S 226590,224145 540,555 598,614 3
S 211682,223193 551,586 587,626 4
S 224161,190885 540,561 562,593 4
S 211680,190160 547,590 591,624 1
S 216489,211680 546,578 594,617 3
S 212019,190210 548,583 592,619 1
S 185265,211868 559,587 589,623 1
S 226597,211926 540,556 557,579 4
S 226601,185266 540,563 595,616 1
S 185213,185282 555,586 594,617 5
S 211927,224906 544,588 589,627 2
S 225980,190880 540,559 592,619 2
S 194897,224072 557,582 589,623 4
S 224069,190221 540,571 594,618 3
S 226441,212012 540,551 552,580 5
S 224140,215658 540,566 567,577 4
S 185287,215659 554,595 596,623 1
S 225949,211803 540,558 587,624 1
S 225981,185288 540,565 566,585 2
S 223907,237351 544,567 592,620 4
S 224900,190880 540,565 596,615 1
S 185269,212011 554,590 591,622 1
S 225949,225879 540,567 584,627 3
S 223196,185282 549,568 569,589 4
S 225949,211687 540,566 567,587 3
S 225941,211756 540,570 589,622 4
S 216511,225126 550,572 597,615 4
S 224072,225139 542,567 594,618 4
S 223194,211927 548,570 588,624 2
S 226272,239586 540,562 585,626 1
S 225953,224115 540,567 589,622 4
S 223391,223320 542,570 597,614 2
S 190149,225143 549,594 596,616 2
S 216510,223195 547,575 596,616 4
S 185266,190160 557,589 591,620 3
S 211747,224908 555,584 589,623 1
S 211683,216550 554,584 594,617 3
S 185214,216511 548,593 594,626 3
S 224067,237351 540,576 584,627 4
S 211801,224160 548,587 597,615 3
S 185286,225140 557,591 592,627 5
S 223392,223720 547,566 584,628 3
S 226502,211870 540,558 596,616 5
S 211684,212015 560,577 585,627 4
S 211803,223320 556,580 586,625 2
S 226340,185269 540,566 567,586 1
S 225981,224138 540,558 589,622 3
S 224116,211682 541,565 566,578 4
S 225976,185057 540,569 570,580 5
S 223395,224885 540,574 591,621 4
S 190885,223391 560,580 594,617 4
S 185269,223321 558,586 594,617 3
S 212017,211680 550,581 594,617 1
S 223904,211927 544,566 567,586 1
S 212018,211925 544,587 592,620 2
S 226592,185231 540,551 588,623 3
S 212012,215662 553,575 597,615 1
S 224115,211771 544,561 583,628 5
S 211870,212010 553,580 583,628 5
S 216494,211681 543,581 588,624 4
S 226433,223719 540,552 553,570 5
S 226441,212015 540,561 590,622 3
S 211801,224122 555,581 590,621 3
S 225972,194894 540,569 570,582 1
S 225926,223945 540,567 585,626 2
S 224116,212012 540,576 592,619 3
S 226595,223720 540,548 595,616 2
S 211926,223391 549,583 593,619 3
S 224122,185268 541,564 587,624 1
S 211870,223316 558,576 595,616 2
S 190157,226383 554,590 591,624 5
S 224138,190206 540,566 595,616 2
S 226272,190156 540,563 564,584 4
S 226595,212012 540,561 584,627 4