D 10493
C 12
S 10691,5534 540,556 557,583 2
S 5236,5216 540,575 585,606 3
S 9235,5153 540,567 578,613 5
S 9240,5534 540,571 583,609 2
S 5436,5458 547,578 579,612 4
S 5302,10634 547,565 577,614 1
S 5538,5153 558,573 574,618 1
S 10687,5145 540,560 577,614 3
S 5433,9216 547,580 581,614 1
S 5534,5279 547,585 587,604 4
S 5332,4657 547,570 580,612 4
S 9232,5447 541,564 580,612 5
S 5240,5294 540,573 586,605 2
S 5534,10628 558,575 588,604 3
S 10686,5445 540,551 555,573 3
S 10661,5333 540,553 554,579 1
S 11145,5534 540,561 586,605 1
S 5437,11154 546,580 582,609 1
S 11139,5356 540,560 561,576 4
S 11148,5434 540,563 564,574 5
S 5435,5455 542,585 586,608 3
S 11136,5434 540,564 565,572 5
S 5433,10679 542,584 588,603 5
S 5506,282172 561,577 586,605 5
S 5505,10583 556,581 582,617 3
S 5236,5434 540,575 576,616 1
S 10560,5388 540,552 553,577 1
S 10662,5215 540,560 582,610 1
S 21483,5435 540,556 578,614 2
S 11145,5435 540,562 563,578 4
S 11148,5533 540,570 571,576 2
S 5457,5283 543,587 588,614 2
S 5458,9219 545,585 586,608 2
S 10689,9212 540,551 579,613 3
S 10661,5519 540,558 579,613 1
S 5300,11133 545,568 577,615 1
S 5236,5447 544,567 588,603 5
S 5357,11133 543,579 580,612 1
S 10665,5354 540,556 557,569 3
S 5519,10577 556,580 581,617 1
S 11134,11168 540,570 585,607 3
S 11145,11138 542,559 588,604 2
S 21481,282154 540,554 579,613 5
S 11134,5534 540,558 579,612 1
S 9239,282157 540,571 576,616 3
S 5297,9226 545,570 574,618 5
S 5533,9226 556,578 579,613 4
S 10675,10560 540,558 585,606 3
S 5521,10601 552,583 584,607 1
S 5341,5522 548,571 587,605 2
S 11145,10593 540,565 574,618 2
S 11606,5525 540,570 571,584 3
S 10490,5433 540,552 555,572 4
S 5349,5432 544,576 578,614 4
S 10660,5389 540,567 568,582 1
S 5354,5432 553,569 575,616 2
S 11606,10626 540,563 579,612 4
S 5506,10682 557,582 583,609 3
S 11135,5434 540,567 568,577 3
S 11146,5224 540,567 577,615 4
S 10676,5235 540,559 560,577 2
S 5533,11124 545,589 590,612 2
S 5331,10627 540,579 580,617 3
S 5231,5446 540,571 585,607 4
S 10683,5284 540,561 579,613 1
S 10684,9226 540,550 587,604 1
S 9235,282165 542,564 578,613 3
S 5356,5432 542,579 582,609 3
S 10676,4655 540,560 579,613 2
S 9237,11166 544,563 586,606 4
S 5351,11148 551,569 576,615 1
S 11095,11166 540,553 586,606 5
S 11609,5281 540,568 577,614 3
S 11143,11142 540,562 575,617 2
S 5454,10583 555,575 586,606 5
S 5352,10631 551,570 585,607 4
S 5537,11149 556,576 577,618 4
S 11606,9314 540,563 573,618 2
S 5333,282165 547,570 586,605 1
S 11095,5222 540,557 588,604 3
S 21484,5459 540,563 575,616 5
S 10686,283347 540,560 561,588 2
S 11135,11144 540,567 587,605 1
S 10687,5296 540,560 561,576 1
S 11095,5537 540,563 584,607 4
S 10691,5329 540,553 554,574 5
S 9188,5145 545,564 585,606 4
S 21480,5286 540,555 586,606 2
S 5458,11154 553,577 581,611 2
S 9234,5532 546,561 581,610 2
S 11137,282155 540,566 582,610 2
S 10665,11167 540,565 573,618 4
S 5525,11123 551,583 584,617 1
S 11148,5515 540,572 573,587 3
S 5332,11154 547,571 573,618 2
S 5298,5292 547,568 577,615 1
S 11097,5459 540,558 559,585 3
S 5280,10561 552,573 584,607 5
S 11145,5354 541,559 560,579 4
S 5389,10561 553,570 578,613 1