D 143194
C 8
S 88447,117254 555,571 604,624 4
S 134244,72694 540,566 567,583 4
S 116204,132780 548,567 599,628 1
S 142864,74786 540,555 556,581 5
S 117307,72714 540,569 570,593 5
S 132781,117096 540,569 591,636 3
S 135869,103389 540,567 596,632 5
S 117309,103500 545,564 601,626 4
S 136025,133378 540,559 605,623 4
S 135862,72649 540,566 567,593 5
S 117404,71836 540,575 576,591 1
S 137118,72655 540,564 565,584 4
S 72727,132785 556,585 598,630 5
S 75502,88447 546,584 597,631 3
S 71815,137088 559,593 601,626 3
S 133147,117097 540,573 606,621 4
S 137058,72696 540,564 565,584 3
S 75502,133149 556,574 605,623 3
S 74772,137086 559,579 603,625 4
S 72697,75527 553,593 594,636 3
S 72592,134262 558,592 603,625 3
S 137105,135403 540,566 603,624 1
S 88526,135926 552,573 597,630 3
S 74792,137069 550,585 601,626 1
S 133390,71815 540,562 563,590 5
S 71837,133383 553,598 599,630 1
S 72681,116048 558,586 606,622 2
S 134248,75528 540,561 562,578 1
S 71655,71654 556,597 600,627 4
S 72668,78618 555,593 603,625 5
S 137118,103485 540,566 597,631 3
S 135926,72587 540,564 605,623 4
S 133069,78623 542,561 562,580 4
S 103472,62196 544,573 574,600 3
S 137127,116397 540,552 553,568 2
S 75471,103497 556,576 603,624 2
S 134247,74755 540,569 570,587 1
S 137056,137067 540,559 597,630 2
S 137065,75501 540,556 557,585 3
S 88531,117096 540,585 605,622 4
S 142883,62192 540,551 605,622 5
S 75499,135869 553,579 602,625 5
S 75511,72690 550,580 593,635 4
S 135404,72591 540,567 568,597 1
S 142882,133383 540,554 605,622 3
S 72693,71814 559,588 603,624 3
S 103494,73017 540,580 605,623 2
S 117156,62192 540,572 597,631 2
S 78621,117403 547,580 596,632 4
S 116213,72713 546,568 603,625 1
S 142863,71655 540,561 563,589 3
S 72685,91949 560,585 605,623 5
S 132787,103389 540,565 606,622 4
S 74770,132780 549,588 603,624 3
S 116375,137099 549,565 599,628 2
S 116397,102519 540,575 602,625 3
S 142880,91941 540,563 603,625 3
S 103500,135403 541,576 601,627 5
S 72694,142890 560,587 605,623 1
S 72687,71815 556,589 597,630 1
S 135928,62195 540,570 571,586 4
S 136025,137097 540,559 598,629 1
S 132788,74783 542,562 595,632 2
S 72660,88446 561,588 591,636 5
S 103472,133069 551,567 599,629 4
S 133390,75508 540,572 594,633 4
S 72659,74773 557,591 598,630 2
S 137067,62191 540,564 602,626 2
S 103500,72728 548,569 570,586 3
S 71836,137075 556,594 602,625 1
S 137127,75471 540,556 557,575 2
S 72649,72743 560,590 603,625 2
S 74756,117162 555,584 606,622 4
S 102526,137082 540,583 594,634 1
S 72713,133378 558,584 605,623 5
S 71816,117308 567,584 601,626 4
S 137064,72681 540,554 555,593 4
S 143196,72684 540,562 563,591 2
S 116205,72726 547,569 593,635 1
S 116373,72688 540,578 595,632 1
S 117308,116292 540,577 601,626 3
S 72667,74773 554,594 601,627 2
S 137054,75390 540,556 605,622 5
S 132787,88447 540,564 602,626 5
S 136025,117403 540,556 603,624 2
S 91942,103479 542,582 602,625 4
S 72698,137097 560,585 598,630 3
S 135868,62191 540,558 567,587 1
S 133068,135865 542,561 593,635 2
S 62195,72686 563,592 593,636 1
S 72697,103142 556,590 604,623 5
S 72668,116212 557,590 596,631 1
S 117255,137099 540,571 605,623 1
S 116048,74793 543,573 594,633 4
S 102519,133389 546,576 595,633 4
S 137106,116375 540,556 557,570 5
S 72591,142854 564,585 602,625 3
S 137056,103490 540,565 566,580 5
S 133069,137090 540,565 606,622 4
S 117310,135929 540,568 596,632 2