D 234733
C 11
S 230371,231552 544,569 595,628 5
S 230302,230157 545,565 595,629 1
S 231546,229362 540,567 597,627 5
S 231610,227674 540,565 566,583 2
S 231526,227668 544,564 600,624 2
S 235916,231616 564,592 593,633 3
S 234668,234817 540,553 602,622 2
S 230083,229354 542,585 589,634 4
S 230303,235466 540,570 571,572 4
S 229352,234872 557,589 601,623 5
S 230370,229355 540,579 602,621 4
S 231609,230318 540,572 596,628 5
S 231615,229363 540,562 563,588 4
S 229362,230035 560,586 596,628 5
S 231610,231528 540,570 591,632 3
S 230142,229354 547,575 603,620 3
S 234874,227671 540,555 557,581 2
S 227740,227737 558,578 601,622 1
S 230141,230037 553,569 597,626 5
S 227668,227672 552,587 595,629 2
S 230208,230305 550,568 597,627 3
S 230511,230157 540,573 591,633 5
S 234889,234723 540,560 597,626 1
S 231548,227764 540,570 571,586 5
S 227762,230302 551,591 597,626 5
S 231562,235466 540,565 597,627 1
S 229229,231616 563,586 598,626 4
S 227672,227736 548,590 595,628 2
S 230343,231528 547,570 600,623 5
S 227455,234923 557,573 592,631 2
S 230370,229199 541,571 572,584 1
S 234783,230036 540,563 599,624 4
S 231548,234876 540,569 590,633 3
S 230511,229219 547,562 563,590 3
S 234789,229163 540,555 561,594 2
S 230144,227736 550,571 591,632 3
S 234876,234872 540,557 593,631 1
S 230302,227756 540,572 591,632 4
S 227454,229352 556,574 593,631 5
S 227669,230313 554,583 595,628 1
S 230370,227761 540,576 604,620 4
S 230512,227734 540,573 592,631 4
S 234732,227735 540,553 599,624 4
S 230098,235540 550,575 592,632 2
S 227756,231616 555,586 598,625 4
S 227674,230155 559,577 595,629 1
S 229165,227761 567,588 596,628 3
S 230303,227674 545,564 598,626 2
S 230105,229354 549,574 575,591 1
S 229376,229181 560,584 602,621 5
S 230511,230511 540,568 590,634 4
S 229218,227761 564,589 604,619 4
S 229362,230341 561,584 597,627 5
S 229363,234668 561,583 597,627 2
S 234788,230038 540,564 565,587 3
S 234873,230346 540,568 593,631 2
S 231530,229161 540,576 593,631 5
S 227455,229352 551,580 603,620 1
S 227669,229179 551,587 601,622 5
S 234785,229377 540,563 564,585 1
S 234788,229377 540,567 568,587 4
S 235540,231557 553,579 596,628 1
S 235539,229377 544,589 590,634 1
S 230209,229363 550,568 569,593 2
S 231527,234726 540,571 592,632 4
S 235540,229199 548,584 585,594 5
S 230349,229165 540,579 580,595 4
S 227736,234875 549,586 601,623 5
S 229161,231549 569,587 595,629 1
S 234783,229228 540,564 565,585 5
S 234722,234723 540,562 604,620 2
S 227760,227735 558,581 595,628 3
S 229353,230341 561,585 592,632 3
S 234731,230346 540,559 593,631 2
S 234876,227756 540,555 589,634 4
S 234729,230037 540,559 600,624 4
S 234785,227740 540,564 602,621 4
S 227667,230305 553,586 603,621 3
S 231563,229355 540,567 596,628 4
S 234921,231550 540,559 599,625 5
S 227741,234873 559,576 600,624 3
S 227763,230145 560,582 595,628 2
S 230344,229377 549,568 569,592 1
S 227762,229377 548,593 604,619 4
S 230342,230307 542,574 594,630 3
S 227733,234731 545,588 593,630 5
S 229167,227669 567,588 590,634 4
S 229375,231553 557,586 595,629 1
S 230095,231615 547,580 591,632 5
S 229159,234884 564,592 596,628 2
S 230371,229167 540,578 592,632 1
S 229225,230308 555,596 604,619 5
S 229375,234884 562,582 599,625 1
S 227756,227764 557,583 592,632 2
S 231609,230090 540,561 562,572 1
S 231527,229199 541,565 566,599 5
S 230089,229159 552,576 577,593 4
S 229199,230510 559,595 596,631 5
S 227736,227761 556,579 600,624 1
S 229199,230039 566,588 598,626 4