D 211226
C 12
S 181873,155933 546,579 580,599 4
S 183859,194602 544,574 596,641 5
S 249638,211167 540,572 599,639 3
S 211071,155696 540,563 571,590 3
S 211033,180192 540,555 556,585 2
S 209564,167634 540,568 610,628 2
S 164032,254693 559,593 596,641 5
S 240941,167802 540,552 597,641 3
S 167342,194597 567,583 601,636 4
S 191133,155935 540,571 572,592 3
S 247607,183850 540,559 603,635 2
S 209810,155995 540,561 566,589 1
S 191139,164160 540,572 603,635 5
S 191140,155930 543,562 563,601 1
S 167835,249652 557,587 600,638 4
S 164020,167802 567,586 598,640 1
S 184094,170633 543,565 566,589 4
S 209566,155935 540,561 562,600 3
S 194602,183844 540,567 608,629 4
S 183698,156108 540,579 580,596 3
S 211063,191163 540,550 607,631 5
S 194601,183926 540,570 604,633 1
S 183140,170650 546,574 610,628 5
S 167578,178018 555,592 611,627 2
S 211064,194415 540,554 555,560 3
S 170027,155974 558,582 605,632 2
S 194601,211027 540,561 602,635 1
S 155694,209566 564,596 609,628 2
S 178028,178022 551,583 602,635 1
S 155933,164165 566,593 611,626 1
S 167938,183857 554,585 597,640 5
S 195189,155643 540,562 563,603 3
S 183836,195184 540,575 606,632 2
S 209397,167802 540,561 603,635 3
S 191132,166906 540,573 574,583 1
S 180169,183842 544,585 611,627 5
S 155936,155974 560,604 607,631 5
S 164030,194427 562,592 600,638 2
S 249637,211166 540,573 601,637 5
S 181890,156061 548,575 598,640 2
S 211070,211034 540,561 599,638 3
S 191133,209601 543,564 611,626 2
S 167938,191139 554,586 606,632 2
S 240941,209602 540,555 599,639 5
S 155680,167293 572,590 607,630 5
S 178027,167056 554,581 600,638 2
S 183855,164021 545,572 573,595 2
S 180077,254694 558,573 604,634 4
S 183865,156063 543,574 605,633 5
S 170642,254692 553,582 607,630 3
S 155680,183851 573,589 609,629 5
S 249637,164044 540,576 577,585 3
S 167878,167630 563,580 606,631 4
S 155678,211029 559,603 607,630 2
S 194426,177992 540,566 602,635 3
S 156093,181897 556,598 600,637 4
S 194601,167873 540,564 565,590 1
S 249651,156103 540,577 578,597 1
S 167574,180180 566,582 598,640 3
S 167600,183145 561,584 607,630 2
S 178011,209782 546,586 597,640 1
S 155680,209575 563,599 609,628 1
S 183856,183140 540,581 606,632 3
S 164090,191167 557,594 598,640 2
S 183844,254698 540,575 607,631 5
S 155678,183149 566,596 601,636 5
S 167603,178014 562,582 597,641 2
S 194426,211072 540,565 609,628 2
S 155934,209783 565,595 601,636 2
S 167878,191164 551,592 606,632 2
S 183698,164160 541,578 601,636 4
S 195183,181901 540,564 565,579 1
S 183143,164020 548,574 575,584 4
S 180082,167053 553,577 602,635 5
S 155696,249686 558,602 603,639 5
S 178027,183849 545,590 600,638 3
S 164032,183944 557,595 598,640 2
S 155931,167801 569,589 604,633 1
S 167939,167636 557,583 600,637 5
S 156092,183146 564,592 609,628 4
S 211063,178024 540,549 606,632 2
S 209606,180180 540,554 606,632 2
S 211225,249654 540,550 551,578 2
S 183837,167602 544,569 570,591 5
S 183838,167582 543,571 572,584 2
S 180180,195174 543,584 603,635 3
S 180170,183926 551,579 602,636 5
S 155928,156007 566,591 609,628 3
S 183851,167342 540,578 579,588 4
S 191140,164124 540,574 601,637 2
S 167574,194598 567,582 608,629 3
S 170023,180208 554,585 597,641 3
S 211065,178017 540,560 561,584 5
S 209762,249652 540,551 607,630 2
S 209397,194458 540,567 601,637 1
S 170019,183138 556,581 602,635 5
S 166905,177993 553,598 599,640 4
S 167935,254698 557,584 607,631 2
S 183844,167341 540,574 575,588 5
S 155934,191163 568,592 600,637 1