D 132889
C 11
S 172376,132879 567,603 604,637 5
S 148991,132816 570,593 598,636 5
S 133149,172203 557,582 605,629 3
S 116586,176101 540,563 608,625 5
S 142855,142860 556,599 600,637 5
S 132793,148897 550,586 597,637 5
S 137087,172138 558,594 606,627 1
S 116945,117071 540,564 565,571 4
S 143584,148991 568,593 597,637 4
S 135926,132772 552,592 605,628 5
S 116177,132759 550,575 597,637 4
S 91641,135867 540,574 575,594 4
S 172360,135868 574,597 598,635 4
S 91647,143227 544,564 599,635 1
S 132793,171750 548,588 607,626 2
S 172207,148898 570,600 607,627 2
S 91654,137100 542,560 561,594 1
S 172356,172200 566,606 607,631 2
S 134244,172374 555,585 586,608 4
S 117483,134248 540,566 567,590 2
S 172355,137129 564,608 609,630 2
S 137096,132777 562,590 601,633 5
S 132734,172140 557,575 576,595 4
S 102948,171762 549,568 602,631 3
S 117264,172357 544,585 602,631 5
S 176149,132893 568,607 608,625 2
S 117078,172360 555,573 574,601 4
S 172201,142866 571,598 599,636 1
S 116548,176109 543,569 597,637 5
S 116618,116453 540,569 570,581 4
S 117435,148898 552,578 579,598 2
S 116863,148899 540,556 572,588 5
S 102925,137097 540,559 560,599 4
S 142895,132777 558,599 606,628 3
S 266868,143173 540,568 599,635 2
S 116844,143170 540,562 563,599 5
S 132761,134246 558,576 607,626 1
S 132792,135861 555,581 609,624 3
S 142878,132741 560,595 603,630 5
S 137093,132918 566,587 599,635 4
S 132798,143224 554,584 600,634 5
S 172144,143520 572,595 606,628 2
S 266857,143172 540,569 594,639 5
S 266863,143517 541,562 563,602 4
S 176082,133390 567,610 611,632 3
S 116602,176106 540,574 595,639 2
S 172375,133146 566,605 607,627 4
S 116585,133389 540,565 605,629 4
S 133386,176133 560,579 580,598 1
S 176101,132789 570,607 608,626 1
S 132881,137065 540,548 596,637 1
S 148897,134246 571,591 606,628 3
S 132449,137086 540,555 567,584 5
S 132762,137056 556,577 599,634 1
S 116818,172140 541,581 596,637 1
S 266863,143224 540,569 596,637 2
S 172377,176091 575,596 602,632 2
S 143169,132763 571,586 598,635 3
S 116905,132878 540,561 609,625 5
S 116943,148896 540,553 600,633 1
S 116523,137106 541,574 595,638 2
S 266862,137069 540,565 566,590 4
S 266875,132792 540,567 607,626 4
S 172356,176102 574,598 604,630 4
S 116527,133388 548,567 604,629 5
S 176082,176101 581,596 601,633 4
S 116575,137106 540,564 598,635 3
S 133377,172143 547,591 592,605 3
S 102973,137056 540,577 607,626 1
S 135864,132912 559,586 598,636 1
S 132863,134244 540,559 560,592 4
S 176100,132909 570,608 609,636 4
S 132880,137126 540,554 602,632 1
S 135862,132817 559,588 601,633 4
S 116945,136024 540,561 607,626 3
S 172357,143206 578,595 603,631 4
S 116432,148974 543,582 583,595 4
S 135865,172356 554,591 602,631 5
S 132736,172359 550,581 582,608 3
S 116576,137118 540,576 600,633 3
S 133386,143169 547,592 596,637 4
S 176132,172443 569,605 606,637 2
S 102973,133378 543,575 576,579 3
S 116584,148974 540,568 569,601 1
S 132773,176093 550,585 604,630 5
S 102907,172378 540,560 606,627 4
S 132449,116425 540,553 554,584 3
S 116611,143227 540,561 566,593 1
S 116527,172455 540,579 580,597 1
S 116487,137068 541,578 600,634 5
S 132879,266864 540,556 557,570 5
S 171750,172360 568,597 599,635 4
S 148897,132762 573,588 602,632 3
S 116575,135925 540,568 604,630 3
S 132890,172062 540,556 606,627 5
S 176091,135929 577,601 602,632 1
S 116915,172050 540,565 605,629 2
S 116809,176109 544,576 577,609 4
S 91656,176104 542,560 608,625 4
S 266863,171754 540,568 573,591 4