D 177252
C 12
S 177409,211897 548,586 587,603 2
S 168946,184572 543,566 567,582 3
S 177397,211689 549,587 588,595 5
S 169403,180951 543,576 577,589 1
S 169465,194909 543,574 575,591 4
S 211896,184836 576,592 593,628 1
S 169447,177196 549,574 586,631 3
S 177479,184636 558,575 587,629 5
S 177145,180983 540,552 586,631 5
S 177411,190223 546,589 595,621 1
S 190914,180986 567,585 600,616 1
S 171128,212575 551,575 576,605 1
S 177203,194886 540,556 587,630 2
S 177505,184641 549,579 598,619 1
S 169023,184636 540,568 592,624 2
S 180944,212575 552,588 590,626 2
S 177494,211897 557,572 573,594 1
S 169017,184572 540,569 570,586 4
S 177481,211885 548,584 585,600 3
S 169023,190927 540,567 568,591 1
S 171427,180983 540,561 587,630 4
S 177506,194903 548,579 580,597 5
S 190908,249559 556,597 600,617 1
S 177154,212556 540,560 568,606 3
S 171661,212106 540,562 586,631 4
S 212575,194892 571,601 602,616 3
S 169147,185125 540,557 588,629 1
S 184730,212555 554,591 592,599 4
S 177542,184591 553,576 590,626 1
S 177458,185129 557,582 586,631 3
S 184571,240765 555,588 589,601 3
S 169020,194892 540,567 586,631 4
S 169143,169410 540,565 566,574 1
S 168945,211685 542,566 573,591 4
S 169045,177483 540,565 566,583 2
S 169020,211892 540,567 571,599 5
S 177495,177203 550,579 590,626 3
S 169051,177397 540,562 563,578 4
S 194905,212559 565,595 596,626 2
S 171118,185149 540,583 589,628 2
S 211897,185127 563,604 605,628 4
S 240766,212556 568,599 600,628 4
S 169028,177459 540,573 574,587 4
S 171662,194877 540,563 564,597 1
S 177250,185150 540,557 588,628 4
S 194882,212109 568,588 595,621 2
S 171661,184572 540,561 562,593 4
S 171317,184762 540,568 569,593 1
S 252309,180972 540,561 594,622 5
S 212556,190905 579,595 600,617 1
S 211895,181089 576,593 594,630 2
S 211892,185115 566,604 605,629 3
S 177407,184635 556,578 588,628 4
S 177407,190905 544,589 590,596 3
S 168989,177325 540,575 593,624 3
S 184571,212559 562,581 598,619 5
S 212106,212577 574,597 599,617 4
S 169134,177396 540,559 560,579 2
S 171318,177363 540,559 590,626 1
S 177199,168939 540,555 556,565 5
S 168988,212556 540,573 574,600 5
S 169017,185113 541,563 600,616 4
S 177250,177273 540,552 600,617 3
S 180942,184788 552,588 596,620 2
S 171134,190903 550,577 599,617 3
S 169408,249559 541,579 597,619 1
S 177479,184787 558,575 590,626 3
S 169080,180971 540,559 589,628 4
S 169064,177292 542,557 600,616 2
S 240766,180984 568,598 600,617 4
S 169407,184595 542,577 590,627 2
S 169475,211683 540,577 578,597 3
S 184716,211885 551,596 597,601 3
S 169142,185129 540,560 600,617 5
S 169147,177410 540,571 572,586 3
S 181112,212575 553,590 591,599 1
S 177458,185147 552,586 587,631 2
S 177203,177409 540,562 563,590 3
S 212555,190876 570,603 604,625 4
S 171119,194881 552,571 572,599 4
S 184702,211885 565,580 581,594 3
S 180952,211896 558,582 583,600 5
S 190916,177325 564,587 591,626 5
S 194881,212555 558,597 598,624 1
S 190915,194895 553,598 599,619 4
S 177505,177197 554,573 598,618 2
S 177406,212555 549,584 585,601 5
S 211893,190224 574,595 597,619 4
S 194908,212107 558,600 601,627 1
S 171427,184586 540,557 589,627 4
S 211681,249559 561,604 605,627 3
S 211683,190903 573,590 591,626 1
S 169146,190913 540,566 567,589 4
S 180940,212559 560,578 586,631 2
S 168943,184572 540,572 573,582 1
S 211684,177197 563,600 601,619 3
S 190907,194895 563,591 599,617 3
S 211896,194891 573,595 596,628 3
S 171122,190925 549,575 576,592 5
S 194908,184641 568,590 597,620 2