D 188378
C 12
S 174906,99775 540,558 629,658 4
S 174807,105894 540,567 568,597 5
S 147396,99883 540,578 630,657 3
S 273521,147392 578,606 622,666 3
S 265419,174840 563,608 636,651 2
S 97279,97345 572,604 623,665 4
S 145572,273537 550,578 633,654 3
S 265433,53731 567,600 621,666 2
S 146180,53735 551,575 576,611 3
S 265427,99866 573,597 632,656 5
S 98307,174907 568,594 627,661 2
S 146597,273557 545,577 632,656 5
S 98310,145336 560,603 623,664 5
S 54668,99581 571,608 629,659 1
S 106215,174849 562,583 632,656 4
S 174834,145336 540,573 574,586 2
S 99773,173956 565,592 629,658 4
S 174834,145335 540,569 570,583 4
S 99878,146181 559,594 634,653 4
S 265422,146832 563,607 636,652 1
S 53737,265427 581,601 622,666 3
S 95386,106213 576,602 628,659 2
S 174833,273541 540,569 626,661 2
S 53737,106487 584,599 621,666 1
S 146180,146800 553,572 629,659 4
S 106197,146737 551,594 626,661 3
S 110329,265430 558,581 582,605 5
S 174806,98365 540,565 631,656 5
S 146817,99913 542,577 634,653 4
S 110404,173957 559,575 621,666 1
S 273526,99809 575,608 634,653 3
S 188384,110329 540,561 562,589 4
S 97348,146800 577,598 624,664 2
S 273537,174810 583,602 630,657 4
S 97347,145326 579,596 623,665 5
S 99872,174901 557,598 631,656 4
S 110372,265433 548,588 589,602 4
S 53735,99775 574,608 631,656 5
S 99914,105858 565,587 635,652 3
S 110405,174907 557,577 632,656 4
S 99914,188243 560,592 631,657 4
S 146596,97345 551,572 573,606 3
S 99581,265427 566,596 626,661 2
S 174025,106144 544,566 567,596 1
S 99579,251127 571,589 624,663 3
S 264045,174017 557,587 631,656 3
S 97347,174847 579,595 633,655 4
S 100167,146800 559,593 629,658 5
S 146735,98316 543,577 629,659 5
S 100167,53734 562,589 590,611 3
S 53734,173956 580,602 630,658 2
S 265422,54668 566,603 630,658 1
S 110336,174832 560,578 631,656 3
S 145328,54668 556,575 627,660 3
S 251129,95384 540,568 581,596 1
S 188247,146737 540,564 565,580 5
S 110332,145332 548,590 623,664 2
S 273530,145327 576,609 623,664 1
S 174906,146603 540,556 627,660 5
S 106186,106184 565,582 625,663 4
S 251162,106196 540,570 571,595 2
S 174808,53735 540,572 625,663 4
S 264046,273541 552,591 625,663 2
S 188378,99879 540,560 567,586 4
S 174018,188314 545,563 621,666 3
S 106213,97345 553,591 592,604 2
S 145326,174840 557,572 633,655 4
S 264045,97358 549,594 632,655 3
S 265428,174902 576,593 622,666 5
S 147396,105856 546,568 569,583 5
S 106187,97344 553,595 596,604 1
S 174026,110373 545,564 565,576 3
S 97279,106487 570,606 621,666 1
S 147187,98388 547,569 570,597 5
S 147395,98318 548,566 628,660 3
S 110351,188251 560,577 634,654 3
S 106486,106485 563,579 625,662 2
S 147184,99772 544,571 625,663 4
S 174805,265421 541,560 624,663 2
S 99772,188254 561,594 621,666 3
S 105856,53732 558,592 593,604 3
S 188244,99868 540,561 562,593 5
S 188246,110405 540,565 627,661 1
S 188380,146601 540,548 552,571 2
S 97359,145336 575,597 622,666 4
S 145336,273557 549,585 624,663 4
S 188254,98310 540,565 567,596 2
S 174832,105894 540,572 573,588 1
S 145325,95388 554,575 635,653 5
S 95386,98313 570,608 624,664 3
S 265428,98432 569,600 630,657 5
S 174902,97357 540,555 634,653 3
S 146736,53736 547,573 579,604 4
S 97280,145327 567,608 626,661 4
S 273530,145572 575,610 622,665 5
S 173957,105856 543,567 626,662 4
S 174813,99772 540,571 621,666 4
S 106006,98316 556,592 632,656 5
S 106197,145331 556,589 624,663 2
S 273539,188313 581,604 622,665 4