D 174268
C 11
S 187757,213651 559,576 577,590 3
S 215104,213582 581,596 611,651 5
S 215002,189291 566,602 612,649 4
S 213517,251498 552,597 617,645 1
S 188527,251403 554,572 618,643 3
S 213672,213653 559,603 610,651 3
S 187757,213618 555,580 581,592 3
S 251456,215017 540,553 572,598 2
S 189344,187893 559,582 616,645 1
S 174713,187747 540,565 566,582 2
S 215095,174751 572,600 619,643 1
S 213581,189323 564,586 610,651 1
S 213591,188302 567,584 621,640 2
S 213574,174503 567,588 610,651 1
S 174251,187840 540,556 623,638 2
S 188512,213679 554,575 612,650 1
S 174257,187893 540,553 554,578 2
S 251394,188455 540,558 617,645 1
S 213609,174776 564,592 614,647 5
S 174780,174717 545,562 611,650 1
S 188527,213618 552,574 623,638 1
S 189339,188304 551,592 621,641 3
S 213576,188449 566,587 615,647 1
S 187757,188304 556,579 617,645 3
S 174776,174244 540,568 612,649 1
S 188574,215154 543,588 589,595 1
S 215155,215142 566,600 618,643 1
S 251460,213666 540,551 564,595 5
S 215103,188240 575,601 620,642 3
S 189343,215105 555,586 587,597 3
S 188582,215142 550,584 585,597 2
S 188540,188640 547,580 623,638 3
S 188221,174267 542,573 614,647 2
S 174246,174243 540,559 623,639 4
S 215142,189116 573,591 618,643 3
S 174264,213582 540,557 617,645 4
S 215106,174716 579,598 623,638 5
S 174714,174260 540,566 623,639 3
S 189342,215097 563,578 579,595 1
S 251454,188512 540,564 565,586 1
S 174715,174779 540,565 617,645 5
S 189339,174712 559,584 612,649 5
S 189342,187887 558,583 623,639 1
S 213574,189333 557,597 608,653 5
S 174776,215100 544,562 564,609 4
S 189369,189082 556,587 608,653 3
S 187883,188640 540,579 622,639 3
S 251395,189080 540,562 616,645 5
S 188573,188240 551,580 618,643 1
S 189344,251457 554,587 619,642 5
S 215104,174776 567,609 621,640 3
S 215142,187840 571,592 621,640 1
S 251392,174259 540,560 609,653 5
S 174267,215108 540,560 611,651 5
S 174784,188514 540,571 572,585 1
S 174717,189292 540,565 613,648 1
S 213470,188454 563,584 623,638 1
S 214993,189127 573,593 617,644 1
S 188302,189325 549,571 615,646 1
S 187837,174493 544,566 610,651 1
S 174264,187887 540,561 609,652 5
S 188306,174784 548,570 622,639 1
S 251454,188580 540,562 563,577 4
S 188452,188637 541,583 616,645 2
S 174243,251453 541,556 620,642 2
S 188517,215107 554,572 573,608 4
S 188526,213667 549,576 577,603 2
S 215022,174243 567,605 613,648 3
S 188305,174751 544,576 623,639 2
S 188221,187882 544,570 612,649 5
S 251456,188540 540,557 558,576 4
S 187883,213654 544,572 612,650 5
S 251459,187745 540,566 567,584 1
S 215107,213679 576,601 621,640 3
S 214992,189151 573,593 619,643 4
S 215102,174714 568,606 609,652 1
S 215005,189292 576,593 617,645 4
S 251456,215101 540,563 577,598 5
S 215004,189127 563,606 608,653 5
S 213654,189088 564,593 621,640 1
S 189369,174717 549,593 610,652 5
S 215155,189172 568,598 614,647 2
S 174242,251500 540,564 615,647 1
S 174698,213664 540,572 609,652 4
S 215106,251395 577,599 613,649 2
S 215094,213618 572,601 612,649 5
S 174257,189344 540,553 563,578 1
S 188303,213574 545,575 576,593 3
S 215102,251390 567,608 614,647 2
S 187838,213672 540,569 615,647 2
S 215001,189286 573,595 620,642 4
S 188526,213582 550,575 621,641 4
S 215001,174779 568,601 617,645 3
S 213672,174244 558,603 621,641 4
S 187757,187882 548,586 618,644 4
S 188452,174267 552,573 620,642 2
S 213652,189172 566,592 622,639 3
S 213618,251457 562,594 610,652 3
S 174245,215107 540,569 570,608 1
S 174267,187744 540,549 552,585 4