D 134383
C 11
S 52412,117391 554,584 595,614 5
S 75831,117315 551,581 584,625 2
S 51295,76025 552,592 593,622 4
S 51621,117242 555,586 591,617 4
S 258436,92029 540,561 588,621 3
S 115996,51279 540,564 565,586 2
S 92143,75907 540,568 593,616 5
S 101857,52354 540,564 594,615 2
S 51629,77434 557,582 586,623 2
S 258442,269326 540,558 589,620 2
S 56286,76016 556,578 595,613 4
S 52412,76173 560,577 587,622 2
S 75833,117188 555,578 590,618 1
S 133374,78399 540,555 556,567 3
S 115746,75901 540,564 589,619 2
S 103296,51295 540,566 589,619 2
S 101857,132803 540,565 583,626 4
S 133369,92162 540,552 593,615 1
S 51292,76027 560,585 586,625 5
S 77438,92026 540,579 594,614 4
S 103296,76181 541,558 559,575 4
S 77438,264854 550,565 593,615 5
S 102377,75833 540,560 561,576 1
S 92030,52354 545,564 586,623 2
S 262116,76587 540,556 557,574 5
S 92169,133181 541,563 585,623 4
S 77306,51574 545,572 573,580 4
S 134343,51278 540,563 584,625 2
S 56264,76026 546,590 591,621 3
S 101910,51630 540,569 582,626 5
S 76521,133355 554,570 589,620 4
S 115981,102436 540,562 590,619 2
S 56264,76017 547,589 590,619 5
S 258275,51303 540,557 558,595 4
S 51276,116346 561,581 582,627 4
S 51301,117148 552,593 594,621 1
S 115741,76552 540,559 595,613 5
S 76178,75993 552,573 584,624 1
S 51572,102444 559,583 587,622 1
S 52354,101880 557,581 587,621 2
S 103295,77307 540,566 593,615 3
S 51276,117391 558,585 597,612 2
S 75832,76526 545,587 588,621 5
S 51301,101872 553,592 593,622 5
S 76182,102439 544,582 594,614 1
S 115745,103523 540,559 597,612 5
S 75901,77611 543,587 591,618 5
S 77611,51275 547,564 565,580 5
S 51279,51621 559,584 587,621 1
S 77429,264858 540,579 593,616 3
S 133098,103343 540,564 587,622 5
S 133375,101870 540,559 595,613 5
S 77611,117319 545,567 592,617 2
S 75895,75841 550,579 593,616 4
S 56292,51281 547,587 593,615 3
S 77305,117392 547,570 595,614 2
S 115744,75905 540,562 563,573 3
S 51574,51571 554,588 589,626 2
S 52443,52358 560,576 587,622 3
S 269508,101871 549,574 590,618 1
S 102354,116347 540,567 586,623 3
S 76586,51275 543,577 585,623 2
S 92140,116344 540,572 592,616 5
S 115996,75895 540,555 593,615 4
S 51302,133359 562,584 587,621 4
S 133098,116318 540,562 591,617 5
S 133143,76597 540,565 566,577 3
S 52355,75832 551,587 596,613 1
S 76521,51571 553,570 596,612 4
S 258437,52409 540,564 595,613 2
S 103295,92159 542,557 589,620 3
S 133097,117148 540,562 592,617 5
S 269508,116347 545,579 592,616 1
S 75833,56264 544,589 596,613 1
S 133373,76598 540,560 561,572 2
S 51277,101872 563,580 587,621 2
S 92183,76552 540,567 597,612 1
S 134358,76590 540,554 555,579 4
S 51276,103354 558,584 593,615 3
S 75667,76574 554,577 587,622 2
S 51577,76009 557,583 587,621 3
S 77438,117109 540,576 583,625 4
S 133099,103261 540,562 593,616 1
S 76586,75908 544,575 596,613 3
S 78396,51572 540,571 572,582 1
S 76000,51630 541,586 594,615 1
S 115981,76002 540,554 555,581 5
S 134326,76000 540,562 594,615 3
S 77610,76553 545,566 588,621 5
S 77305,77438 540,581 591,617 4
S 134327,76599 540,556 557,575 2
S 77426,52409 547,569 594,614 2
S 52358,269277 555,583 584,627 2
S 101859,75907 540,571 589,619 3
S 56264,77305 554,582 585,624 5
S 78395,103354 542,567 588,621 3
S 75908,52353 548,579 593,615 4
S 103338,75831 540,558 559,581 2
S 115981,75878 540,567 583,626 4
S 75879,133180 546,585 586,623 3