D 260906
C 12
S 73145,74389 560,604 614,651 3
S 260787,74399 540,553 622,642 1
S 72598,74183 574,598 618,646 1
S 74538,71399 558,593 612,652 5
S 79457,123439 555,574 619,646 4
S 73274,72617 566,592 610,655 2
S 74173,73987 551,583 623,641 2
S 123479,78781 540,553 558,593 4
S 79458,81368 556,572 612,653 5
S 72557,73930 569,605 620,644 3
S 72601,79549 575,596 616,649 2
S 74537,270078 565,585 621,644 1
S 123436,85655 540,562 563,571 1
S 79659,123398 550,571 616,649 3
S 260911,81394 540,549 621,644 4
S 81473,73079 540,563 568,601 1
S 268756,74183 540,567 624,640 4
S 78775,72602 556,598 615,650 3
S 81470,72557 542,558 568,606 5
S 124088,73053 540,559 573,596 2
S 74567,81367 571,586 610,654 1
S 80515,74532 542,574 575,584 1
S 80825,74541 540,572 573,585 5
S 72555,72601 571,603 614,650 2
S 80979,81389 541,565 623,641 5
S 78776,71005 566,587 610,655 4
S 80500,71360 540,576 612,652 2
S 74468,81381 553,589 621,643 2
S 78778,71372 564,589 610,655 1
S 74303,79658 550,586 625,640 5
S 74173,79645 559,576 613,652 4
S 72603,74345 576,595 614,651 4
S 85391,79446 540,567 568,576 5
S 73147,80759 567,595 615,649 4
S 79457,73145 546,582 583,603 3
S 72758,81383 578,598 612,652 1
S 73237,74388 563,598 618,646 3
S 74520,268751 552,594 619,645 4
S 72603,71385 578,593 610,654 4
S 73144,270153 565,599 621,643 1
S 73233,80758 572,589 611,654 2
S 85659,71404 548,579 612,652 2
S 123481,73148 540,553 566,596 3
S 123348,79645 540,553 610,655 4
S 74175,124084 556,578 613,651 2
S 72598,268750 572,600 611,654 5
S 80505,73138 541,575 576,602 3
S 73121,81720 575,590 614,650 2
S 73236,71384 571,590 614,651 1
S 81373,72590 542,560 577,595 1
S 81712,72557 540,570 620,645 4
S 74173,79548 545,590 621,643 4
S 73245,71580 572,587 622,642 1
S 74433,73990 560,588 610,654 4
S 74526,71379 554,595 619,645 4
S 74321,123482 557,580 619,646 1
S 80826,85649 541,569 616,649 2
S 81380,85650 544,560 561,570 3
S 73137,85652 560,605 616,648 2
S 74170,270153 549,587 618,646 2
S 80505,72553 540,578 617,647 1
S 123348,72598 540,558 616,649 2
S 81368,79456 540,568 569,574 5
S 123425,74560 540,557 569,587 4
S 123436,123397 540,555 620,645 2
S 73232,124081 573,589 623,642 2
S 80825,71361 542,566 622,642 1
S 73145,72597 571,592 611,654 3
S 74528,72590 558,590 591,606 4
S 80512,80505 543,571 619,646 5
S 79620,260907 547,574 624,641 1
S 81388,85656 540,575 576,585 1
S 79548,79617 543,581 610,655 5
S 123421,72597 540,559 618,646 5
S 78887,270082 557,589 621,643 1
S 74532,74342 564,585 616,649 4
S 78770,80840 560,595 624,640 4
S 74183,72590 551,582 583,607 5
S 74561,85649 563,593 624,641 3
S 81373,268680 540,563 611,654 5
S 72601,269024 565,607 620,644 4
S 81375,74388 540,566 567,593 4
S 74262,81472 558,575 624,641 3
S 79659,72590 549,573 617,648 3
S 72637,74239 567,603 618,646 4
S 74496,123468 553,590 615,649 4
S 74376,71364 551,590 614,650 2
S 80825,74172 540,568 569,582 2
S 81366,74468 540,563 564,589 2
S 260906,123352 540,561 611,653 5
S 81376,79451 541,562 563,587 5
S 80514,74174 540,575 622,642 4
S 73147,269024 560,602 623,642 3
S 79551,73985 545,578 621,643 5
S 79457,79659 542,587 622,643 2
S 74259,73273 545,587 588,601 4
S 73265,80681 566,594 616,648 3
S 85652,78781 541,585 586,589 3
S 73079,72625 568,601 624,640 2
S 74433,269906 563,584 611,654 4