D 257211
C 11
S 140501,141139 540,574 575,592 1
S 140550,150565 540,563 564,581 4
S 140508,150233 540,568 569,597 2
S 140973,140841 540,557 568,593 4
S 150571,140658 550,574 575,600 4
S 150238,140971 547,570 571,601 4
S 140395,140391 543,569 570,596 2
S 140508,140685 540,572 573,598 4
S 141017,140344 540,563 564,565 1
S 150442,150490 541,584 585,601 2
S 141026,150275 540,551 552,574 4
S 140520,140519 542,562 565,596 1
S 150099,140380 541,572 573,596 2
S 150573,150470 544,579 580,596 2
S 141018,140378 540,559 560,567 5
S 141164,140344 540,556 559,603 3
S 140842,140331 540,561 562,600 3
S 141295,141191 540,562 563,598 1
S 140802,141254 540,561 567,595 1
S 140630,140657 540,574 575,599 3
S 141164,140658 540,559 569,593 5
S 141242,140519 540,552 561,600 4
S 150490,141261 540,581 582,596 5
S 140971,150442 540,565 566,580 5
S 150238,150471 540,580 581,602 3
S 150468,141242 544,578 579,597 2
S 141066,141254 540,564 565,599 4
S 140634,140345 540,571 572,589 5
S 150099,140448 543,569 570,601 3
S 140805,140388 540,564 565,596 5
S 140420,150564 540,576 577,590 5
S 141028,150443 540,563 571,591 1
S 140567,150487 540,562 563,579 2
S 141251,140951 540,567 568,602 3
S 141116,140842 540,553 562,599 5
S 141117,150099 540,559 565,597 5
S 140611,140346 540,564 565,602 5
S 140831,140423 540,556 559,603 1
S 140520,140446 540,571 573,588 2
S 141139,150473 540,561 562,600 2
S 140970,140381 540,556 559,603 1
S 150565,140380 547,575 576,598 5
S 140566,257121 540,561 566,595 2
S 141265,140973 540,562 566,596 3
S 140348,150449 540,576 577,602 4
S 150573,140446 546,578 579,601 2
S 141018,141243 540,550 569,592 3
S 150273,141261 544,575 576,602 4
S 140513,141252 540,574 575,598 3
S 140419,140970 540,574 575,595 1
S 150574,140519 543,580 581,594 5
S 150274,140331 540,578 579,601 1
S 140419,141110 540,569 570,595 4
S 141020,150472 540,556 557,579 1
S 141062,141240 540,553 571,590 1
S 141259,140510 540,565 572,589 2
S 140346,150475 546,569 570,594 3
S 141019,140347 540,554 565,596 3
S 140425,141243 545,563 571,590 4
S 140416,141137 540,571 572,600 4
S 141163,141287 540,566 567,596 1
S 140447,141253 541,565 573,588 5
S 141093,140665 540,562 572,590 4
S 140455,150317 540,571 572,593 3
S 141026,150285 540,554 571,591 4
S 150474,140422 550,570 571,597 3
S 140416,140818 540,569 570,603 1
S 140419,140656 540,573 574,603 4
S 150444,150488 543,583 584,589 3
S 150475,140630 546,574 575,595 2
S 140338,140446 540,576 577,596 5
S 140576,141112 540,566 567,602 1
S 150286,150097 541,577 578,601 2
S 141258,150233 540,566 567,576 3
S 150464,150274 544,578 579,598 1
S 141140,150107 540,552 553,568 4
S 150561,150449 552,569 570,600 3
S 140805,150489 540,557 558,579 3
S 140419,140396 540,570 571,600 5
S 140377,257123 542,568 569,601 2
S 257252,141191 540,568 569,593 3
S 140841,140336 540,556 557,580 1
S 150103,140842 548,566 570,591 5
S 140750,150442 540,568 569,577 4
S 141295,140425 540,568 569,599 1
S 150441,257121 541,583 584,598 5
S 141025,140347 540,553 558,603 4
S 141028,150573 540,554 555,584 4
S 141020,140501 540,554 570,591 5
S 141295,257121 540,561 573,589 4
S 140611,141301 540,572 573,597 5
S 150471,257120 540,580 581,599 1
S 141255,257252 540,562 565,597 1
S 150444,140841 546,579 580,594 2
S 140395,257252 540,575 576,595 2
S 141116,140631 540,561 563,599 4
S 150444,150474 547,579 580,596 1
S 141240,140390 540,557 565,596 2
S 150489,140974 540,580 581,592 1
S 141265,140424 540,563 564,597 4