D 269718
C 8
S 91638,74727 542,564 565,599 4
S 118343,116567 545,572 573,602 2
S 269719,117619 540,562 563,564 2
S 118232,87795 540,578 579,602 4
S 78695,74722 540,557 560,601 5
S 117582,102884 540,576 577,588 3
S 79190,132510 540,557 571,590 3
S 117582,74725 540,572 573,591 5
S 91650,116761 541,562 570,592 2
S 91651,87962 540,570 571,603 5
S 74729,102852 540,551 563,599 2
S 91647,134626 540,574 575,603 1
S 79150,116552 540,552 571,590 3
S 91642,117660 544,562 563,599 2
S 269718,132506 540,558 570,592 3
S 87848,87802 540,562 563,603 1
S 88255,132432 541,556 564,597 4
S 74728,116746 540,564 565,572 3
S 117672,116764 540,576 577,600 4
S 88768,132510 540,559 573,589 5
S 74728,87790 540,561 562,599 1
S 132509,88183 547,575 576,597 1
S 79178,88268 540,565 566,602 1
S 134636,132506 551,573 574,600 1
S 87673,134634 540,557 558,603 4
S 117542,88238 540,574 575,588 1
S 91636,116776 543,563 564,598 2
S 88286,117652 540,565 566,603 4
S 118339,74725 542,576 577,599 5
S 117613,88745 540,578 579,593 4
S 117673,87850 540,574 575,598 4
S 117620,74726 540,578 579,598 4
S 132506,118332 540,583 584,598 2
S 91638,88264 540,573 574,598 3
S 117673,116543 540,580 581,591 5
S 91644,88264 540,564 565,600 1
S 269718,87797 540,552 567,595 3
S 132509,79189 550,571 572,594 1
S 134628,118271 547,576 577,599 5
S 118343,74722 540,577 578,603 3
S 87793,87674 540,559 568,593 2
S 116744,74727 545,564 565,602 2
S 134635,74723 548,575 576,590 3
S 118337,117523 546,574 575,602 3
S 117614,132497 544,568 569,597 5
S 118340,87798 540,582 583,598 2
S 134622,134627 545,578 579,592 5
S 74724,79162 540,564 565,599 1
S 88284,117516 540,571 572,592 3
S 88183,74724 540,558 561,601 1
S 88285,117522 540,567 569,592 4
S 88771,118277 540,572 573,603 3
S 116744,87848 540,577 578,589 2
S 118264,116542 540,576 577,591 5
S 118265,79190 546,572 573,598 3
S 116716,132501 543,565 570,591 2
S 132501,88264 546,575 576,603 5
S 134636,87802 553,571 573,589 3
S 91647,117660 540,572 573,594 1
S 79141,117613 540,560 561,565 1
S 79190,88236 540,563 572,590 5
S 118232,118320 543,572 573,598 5
S 74739,87673 540,553 561,600 1
S 88284,134633 540,569 570,572 1
S 134628,117518 547,576 577,593 2
S 134628,116547 540,582 583,590 5
S 118265,87089 548,569 570,595 2
S 117617,134622 546,567 572,589 5
S 79163,134627 540,566 567,595 3
S 118237,88236 549,567 568,597 5
S 91644,134634 544,561 562,601 1
S 88284,116543 541,557 566,596 3
S 91647,87789 540,570 571,601 4
S 91655,88750 540,567 571,590 4
S 91654,87848 540,564 565,599 4
S 87788,117679 540,561 562,569 1
S 91637,87795 540,569 570,592 3
S 132509,118331 550,572 573,596 1
S 87963,74732 540,570 571,597 4
S 79141,117605 540,557 558,575 1
S 88769,74725 540,564 565,600 5
S 117628,88315 543,572 573,597 1
S 87961,79191 540,564 566,596 5
S 117614,117517 540,579 580,592 3
S 118264,118272 543,574 575,588 4
S 74724,87960 540,552 570,592 2
S 74725,88183 540,555 567,594 1
S 117679,74724 540,576 577,594 4
S 134634,88237 550,573 574,603 1
S 116748,116764 540,574 575,592 1
S 132507,116761 549,573 574,590 2
S 118237,117516 548,569 570,592 3
S 87800,132433 540,559 573,589 2
S 91654,134633 540,567 568,580 2
S 118264,134633 540,580 581,602 4
S 87960,87797 540,563 564,597 4
S 117614,88748 543,569 573,588 4
S 91653,118330 540,573 574,589 4
S 79190,132501 540,566 567,577 4
S 116710,74729 540,572 573,597 4