D 50574
C 11
S 50233,72085 559,596 619,646 2
S 52152,72099 569,605 606,618 5
S 50507,74729 570,587 613,651 1
S 47520,72881 540,576 585,612 1
S 50563,56532 540,554 619,646 1
S 40952,52069 550,569 614,651 2
S 72109,74744 578,612 623,642 2
S 52135,52026 566,610 614,650 1
S 49920,269763 563,589 590,630 3
S 47524,52069 559,581 615,649 5
S 51691,71984 568,597 598,607 4
S 52067,72755 575,609 618,646 1
S 72888,50552 583,615 616,649 1
S 50232,50928 557,598 616,649 1
S 272802,51690 567,607 620,645 5
S 72805,72823 580,620 621,651 5
S 25294,72109 541,586 587,608 3
S 52151,74727 568,605 623,642 2
S 47552,51988 549,594 618,646 2
S 48774,74739 543,561 617,647 4
S 49916,51675 540,563 565,601 3
S 25289,72890 557,573 611,654 2
S 52135,74744 567,609 610,612 4
S 52150,50975 578,596 618,647 4
S 74739,51225 582,627 628,655 4
S 52063,73025 572,613 622,643 4
S 40952,51990 541,579 618,646 2
S 40967,52066 558,574 621,644 2
S 47562,56387 562,582 613,652 5
S 72823,72802 577,619 620,650 2
S 47455,47463 541,574 575,579 3
S 26257,52134 558,574 622,642 2
S 74740,51226 593,615 616,649 2
S 40965,272802 551,581 621,643 2
S 73025,51690 591,617 625,640 4
S 50046,47464 540,549 550,576 2
S 50034,51019 540,561 617,648 2
S 49911,25283 540,569 570,575 2
S 50563,25285 540,555 556,586 1
S 72108,50986 582,609 624,640 1
S 50508,72745 567,590 594,612 5
S 73025,72889 584,623 624,644 3
S 49849,72745 540,565 589,617 5
S 52153,56385 569,604 614,650 3
S 25290,50958 556,573 618,646 5
S 50560,72817 540,557 624,640 2
S 48775,52028 540,567 618,646 2
S 74727,52217 594,617 621,643 4
S 49911,73025 540,569 614,650 3
S 72889,71981 591,608 625,640 5
S 49915,51711 540,564 570,597 4
S 40966,49922 554,569 570,596 3
S 47461,52154 546,570 612,653 4
S 47462,74740 561,576 623,641 4
S 47548,47524 544,565 566,586 3
S 25289,52155 549,578 622,642 4
S 25289,51965 556,574 575,606 5
S 26251,49912 545,579 580,590 3
S 48778,72746 556,590 594,612 5
S 47558,72108 543,564 583,609 4
S 74730,72746 583,628 629,644 5
S 72471,56387 580,616 617,652 5
S 50505,72099 563,596 615,650 1
S 51989,72468 582,598 624,641 4
S 52025,72466 569,612 620,644 2
S 50505,52027 568,591 625,640 3
S 47466,72888 541,578 582,616 3
S 47462,72746 545,572 610,655 1
S 50507,72102 568,590 611,654 5
S 47556,74740 559,584 585,626 5
S 49915,72001 540,563 614,651 4
S 52152,74733 567,606 610,654 4
S 49849,52219 540,564 571,598 1
S 49928,47566 540,563 564,583 2
S 50557,47521 540,553 554,589 2
S 71986,74744 576,612 619,645 2
S 52153,72803 567,606 607,621 3
S 51113,269970 565,596 613,651 1
S 52154,51674 569,604 618,647 2
S 50573,47466 540,550 551,570 3
S 72802,52071 579,621 622,655 1
S 51683,72798 571,593 594,613 4
S 52155,74741 566,607 620,645 3
S 47524,56387 540,577 578,605 5
S 49972,50914 540,562 612,653 1
S 73021,52155 591,616 617,648 5
S 40952,72001 552,567 576,613 2
S 25295,269760 552,576 598,616 2
S 52025,72087 580,600 614,651 5
S 40953,51988 560,575 618,647 5
S 49918,51683 540,555 562,602 3
S 74732,74727 591,619 620,650 3
S 52218,72103 571,599 623,642 1
S 52141,269969 578,597 598,624 3
S 40965,269969 549,583 591,612 4
S 51673,74744 570,596 623,641 3
S 52154,50958 565,608 623,641 5
S 48777,72749 540,565 587,619 3
S 52212,72470 570,601 602,607 3
S 47511,269757 545,569 594,620 5