D 201065
C 10
S 161738,200174 575,590 591,618 1
S 152809,201026 597,632 652,674 1
S 201002,200035 540,552 577,601 3
S 161675,199675 561,605 606,623 3
S 203623,200185 567,588 589,614 1
S 200183,199435 579,610 646,680 5
S 203632,152991 546,573 616,631 5
S 203623,153169 565,589 613,638 1
S 201066,200205 540,549 589,607 4
S 199674,152486 586,619 620,628 2
S 203699,200060 557,573 574,614 2
S 152714,255208 602,641 648,677 3
S 203623,200035 541,583 584,609 3
S 200290,158207 564,609 651,675 2
S 160380,153174 586,629 630,638 3
S 153172,200920 618,634 654,672 5
S 153060,158824 614,636 642,683 3
S 200256,162628 567,610 648,677 4
S 203715,162452 554,593 594,617 5
S 203608,152475 545,587 606,629 5
S 200133,157650 582,617 618,625 2
S 203587,254118 549,586 596,625 4
S 202866,200914 544,565 642,683 1
S 202900,161735 540,573 574,598 5
S 202892,162632 547,563 654,671 4
S 200516,200258 540,564 581,596 3
S 152473,200837 597,637 641,685 2
S 203633,199565 567,591 645,681 4
S 152322,158415 604,632 650,675 2
S 202904,158844 569,593 642,683 3
S 245733,160379 549,591 592,622 3
S 203723,158406 549,592 645,680 4
S 200174,158807 579,614 651,674 3
S 245732,160376 558,582 591,621 4
S 203756,153170 562,581 603,648 5
S 157648,200909 602,621 644,681 1
S 153172,200865 616,637 644,682 5
S 200320,200861 576,593 653,672 5
S 160376,162629 588,624 641,684 1
S 152488,158126 598,633 649,676 1
S 203757,158825 557,585 652,673 1
S 245743,200899 546,569 649,677 1
S 200162,160273 583,611 648,677 4
S 200205,158246 584,613 645,680 3
S 203709,158825 559,588 654,672 4
S 201001,160187 540,565 645,680 1
S 202903,200120 570,593 594,612 1
S 245742,200861 548,568 654,671 3
S 152475,200807 605,631 648,677 5
S 160374,158412 586,625 647,679 5
S 152706,158820 602,644 650,676 2
S 203706,160287 553,596 647,679 5
S 200124,152707 590,610 611,644 4
S 203656,200045 557,602 603,608 3
S 162451,152714 582,627 628,632 5
S 200059,157130 582,604 605,635 1
S 202892,200120 541,569 581,620 5
S 245743,200836 541,573 653,673 2
S 152725,158207 607,635 646,680 1
S 152717,201026 600,643 644,683 2
S 153060,200826 612,638 641,685 4
S 254129,158836 600,615 645,680 3
S 254122,200920 594,626 649,677 3
S 203622,158233 561,593 648,678 1
S 202863,254122 540,565 593,627 5
S 203684,157650 569,587 604,621 4
S 203714,200059 555,591 592,604 4
S 153172,199419 609,644 645,683 2
S 202901,200321 540,578 579,607 3
S 200289,157054 576,599 648,677 1
S 201003,203577 540,560 561,588 3
S 200120,200807 584,618 640,685 4
S 203756,158822 552,590 655,670 2
S 254124,200909 588,631 642,684 1
S 203723,162404 555,586 587,626 5
S 157131,199553 596,630 644,681 3
S 152485,199561 606,626 649,676 1
S 152991,200865 609,639 642,683 3
S 200320,199435 570,600 651,674 4
S 203693,200058 566,587 588,604 3
S 153172,160289 618,634 654,671 2
S 152472,200907 605,628 646,679 1
S 254129,160313 587,629 655,671 4
S 157649,200807 600,624 644,682 4
S 246264,200959 540,571 644,682 3
S 200288,158206 568,607 648,677 3
S 203876,162454 557,586 592,615 3
S 254117,153059 595,626 627,645 3
S 200520,160271 540,565 653,673 3
S 246731,158820 580,602 648,677 5
S 157128,200909 600,626 650,675 1
S 200181,158408 576,615 646,680 5
S 201060,203577 540,558 559,583 3
S 203453,158838 561,602 653,672 2
S 161742,160378 566,601 602,620 1
S 152725,153162 607,635 647,679 5
S 161741,254125 566,602 603,630 1
S 200305,160275 577,596 652,673 4
S 160379,153176 594,620 621,647 5
S 153059,200957 614,636 645,680 4