D 79869
C 8
S 151239,157520 542,575 576,592 2
S 123352,152236 540,568 589,622 4
S 157125,81036 554,594 595,626 4
S 152580,152232 561,577 587,623 3
S 152579,124163 556,582 584,627 5
S 124086,152467 541,562 563,582 3
S 157631,152185 553,588 590,620 5
S 81062,124085 540,551 589,622 2
S 152468,152455 544,588 592,618 4
S 127628,127660 540,575 585,625 5
S 123468,124163 540,564 585,625 4
S 157127,157126 556,591 592,620 4
S 157560,127627 560,586 589,621 2
S 123482,152334 540,572 573,585 5
S 80388,152460 540,557 558,582 2
S 124146,81296 540,571 591,620 1
S 124161,152493 540,574 575,582 3
S 152493,157127 557,578 591,620 1
S 157637,81727 552,593 594,619 3
S 268664,152226 540,560 561,585 4
S 81677,81037 540,556 594,616 4
S 127626,152493 540,571 572,590 4
S 152228,152491 555,570 594,617 4
S 157639,157124 554,591 592,619 1
S 85356,152208 540,564 595,615 3
S 124152,152460 540,576 577,586 5
S 152239,127625 541,581 597,614 2
S 157636,127625 556,588 592,619 3
S 152579,81678 558,580 584,627 5
S 152226,123467 541,586 595,615 3
S 157636,152471 551,592 594,616 1
S 152578,81678 554,582 591,620 5
S 157639,152333 554,592 593,626 5
S 123443,81072 540,561 597,613 2
S 152226,152571 555,571 597,613 3
S 127721,152238 545,568 592,619 1
S 157559,79868 559,588 590,621 1
S 81296,152457 540,556 557,578 1
S 152238,123405 544,578 585,626 1
S 152460,81679 556,575 588,623 3
S 157125,81296 556,591 592,626 5
S 152493,152226 560,575 587,624 4
S 81296,124092 540,561 583,628 5
S 157517,127705 561,585 586,624 5
S 152201,124162 542,577 588,623 5
S 152234,151242 554,569 592,619 1
S 127630,81076 544,569 592,619 1
S 152333,123405 555,572 584,627 5
S 152230,157559 555,570 571,590 1
S 152564,152332 562,577 597,614 3
S 127624,123395 540,571 598,613 4
S 152575,79867 550,587 588,625 2
S 157558,85369 553,593 594,621 1
S 152563,127706 548,591 592,621 2
S 81498,127721 540,560 561,567 3
S 157632,152469 558,585 596,615 2
S 152808,79867 549,585 594,617 2
S 152488,81497 552,582 584,626 5
S 157124,255271 557,590 591,627 2
S 85358,124162 540,563 588,622 1
S 152230,152480 546,580 590,621 4
S 81031,157558 540,556 566,581 5
S 81496,81072 540,554 588,622 2
S 152578,152179 552,584 585,626 1
S 152230,157560 540,585 586,593 2
S 81076,81680 540,553 591,620 4
S 152233,152459 553,570 583,627 1
S 127730,255271 540,578 596,614 5
S 123441,152208 540,563 591,619 1
S 157124,152471 552,595 596,617 2
S 123468,152201 540,570 571,574 2
S 127624,124163 546,563 584,626 1
S 157556,127631 557,590 594,616 5
S 157629,123467 559,589 591,619 1
S 152236,152226 545,578 594,616 4
S 127630,152808 540,573 574,587 1
S 152201,123395 540,581 583,628 1
S 124153,152334 540,567 590,620 2
S 152202,80387 553,568 595,615 2
S 157518,152227 563,582 584,626 5
S 152332,127705 544,584 585,627 4
S 127741,152471 545,572 586,625 5
S 152468,123479 547,584 589,622 1
S 157553,152207 557,583 589,621 5
S 123443,152333 540,569 590,621 3
S 127726,157554 540,579 580,590 5
S 127627,81076 540,575 589,621 2
S 123468,152551 540,567 568,585 3
S 157127,152229 559,589 590,624 4
S 124153,123475 540,569 597,614 5
S 152806,81032 552,582 594,617 5
S 157560,127658 554,592 593,625 3
S 124092,123467 540,566 587,623 1
S 127721,81727 546,567 593,617 5
S 79867,152493 540,553 554,585 5
S 124146,152207 540,568 594,617 5
S 157639,157127 562,584 595,616 1
S 157556,124163 553,594 595,617 1
S 157554,151243 561,579 584,627 2
S 85355,127730 540,563 564,579 3