D 223476
C 11
S 181891,153995 552,577 578,601 5
S 211166,167575 540,557 558,599 5
S 167835,153995 557,593 594,597 4
S 178012,153941 552,586 611,656 5
S 191167,209393 540,578 611,656 1
S 223024,191133 540,551 552,569 3
S 191133,211071 546,568 615,652 3
S 156545,191137 566,597 617,649 1
S 180207,183852 555,578 614,652 4
S 167575,170099 568,587 614,653 3
S 167343,170091 563,595 619,648 3
S 153968,163843 565,608 620,647 5
S 156530,194587 560,605 621,645 3
S 209607,194598 540,565 616,650 2
S 191132,163733 546,567 621,645 3
S 184062,170117 540,577 620,646 1
S 194429,156466 540,571 572,598 4
S 156465,183859 572,596 622,644 5
S 156545,178085 565,598 624,642 4
S 191134,178013 542,572 573,582 4
S 194595,183844 540,567 619,647 3
S 209567,156385 540,563 623,643 1
S 153968,183149 570,604 613,653 1
S 211071,167935 540,564 565,595 4
S 183838,249654 542,578 612,654 3
S 249637,167579 550,567 570,585 4
S 153989,156386 574,599 617,650 5
S 180212,249654 553,578 621,645 4
S 181888,183697 550,578 625,642 2
S 170634,153996 556,587 588,598 5
S 216822,170539 540,560 623,644 4
S 183842,184171 549,571 625,642 3
S 181893,156198 546,584 585,607 3
S 252905,211073 557,596 616,650 3
S 216819,156576 540,565 619,647 2
S 223007,166972 540,554 623,643 2
S 195174,153993 540,561 564,608 3
S 191165,170100 540,573 622,644 4
S 167571,191166 560,596 622,644 5
S 167872,153937 555,593 594,599 2
S 154007,209574 572,599 617,650 3
S 183865,249637 552,573 611,655 1
S 167873,166977 562,586 613,654 2
S 211238,163980 540,555 619,648 1
S 156530,249654 574,590 611,655 2
S 170023,153968 565,581 626,641 5
S 170009,167412 549,593 622,644 3
S 178029,223475 550,591 625,642 5
S 249651,191165 544,574 611,655 2
S 181890,167572 550,578 579,597 2
S 194586,183697 540,566 623,643 3
S 191133,183150 540,577 624,643 1
S 183844,156197 544,577 578,603 1
S 170025,209566 565,580 625,642 2
S 191167,153994 542,568 569,606 5
S 184063,191163 545,571 614,652 3
S 194586,167550 541,563 621,645 2
S 167375,170100 561,595 614,652 2
S 209565,167343 540,561 562,601 1
S 153941,167414 566,608 617,650 2
S 153942,209603 577,598 615,651 3
S 211224,170023 540,553 554,594 4
S 156534,163763 565,598 626,641 2
S 191163,156529 540,577 578,602 2
S 180212,163770 545,586 617,650 5
S 195202,180192 540,567 568,578 5
S 170008,154007 560,583 584,602 5
S 195189,181952 540,573 613,654 3
S 181893,153934 553,576 578,595 3
S 164053,170546 560,601 623,643 3
S 211072,167572 540,565 566,599 1
S 180168,211238 554,581 614,653 4
S 209809,223007 540,566 621,645 1
S 247608,183851 540,569 622,645 5
S 183844,191138 550,571 617,650 4
S 183865,167341 550,575 576,599 1
S 167836,184093 564,585 626,641 3
S 181893,223024 552,578 625,641 5
S 209564,183850 540,556 557,569 5
S 167017,180184 559,599 619,648 4
S 170025,249653 565,580 626,641 4
S 194733,163732 541,563 624,643 1
S 209605,167939 540,569 570,581 1
S 167876,183944 557,591 613,653 3
S 195203,178015 540,570 571,580 5
S 191166,167601 540,576 577,592 3
S 223473,180208 540,552 554,579 1
S 164053,183842 568,593 624,642 5
S 167877,170117 565,584 620,647 5
S 153934,166977 567,605 616,650 3
S 191140,191133 540,571 620,647 5
S 195203,156382 540,568 616,651 2
S 170633,170537 561,583 617,649 5
S 156470,211026 568,598 614,652 3
S 209611,167411 540,568 622,645 2
S 211225,167939 540,565 566,590 3
S 170021,180191 558,586 612,654 4
S 181902,180190 553,579 617,649 2
S 183926,183138 540,581 618,648 2
S 183858,195182 553,571 613,653 4