D 166241
C 10
S 116444,77426 552,570 610,641 4
S 137989,165879 543,558 616,635 4
S 166404,75688 540,549 610,641 4
S 77613,76562 550,592 606,644 3
S 102683,134729 557,572 606,644 5
S 138555,77434 540,571 617,633 3
S 141869,76584 540,555 613,637 1
S 102566,77610 548,584 613,637 2
S 154884,118335 540,561 562,567 1
S 118296,75832 540,579 580,595 5
S 102567,51634 548,585 616,634 3
S 118281,116455 541,574 606,644 4
S 56286,52354 572,592 611,639 4
S 164355,92018 540,556 557,585 1
S 103472,52412 545,580 581,603 2
S 116441,137992 547,574 613,637 3
S 52355,103170 571,595 603,647 1
S 117493,116968 540,578 614,636 3
S 76595,165872 559,592 604,647 5
S 116457,76172 552,567 607,643 2
S 269316,92027 560,588 608,643 4
S 75687,56263 567,596 604,647 5
S 102683,269277 542,587 618,633 5
S 116948,269508 549,568 569,585 1
S 118283,92015 540,577 578,579 5
S 154704,141043 540,554 604,647 3
S 103469,75837 549,575 613,638 2
S 164354,75879 540,563 572,587 4
S 56264,103179 573,592 617,633 1
S 76178,77426 567,586 612,639 4
S 154705,77442 540,566 567,591 4
S 103173,117491 541,586 605,646 5
S 52411,118289 567,598 608,643 3
S 135101,117488 540,568 609,641 4
S 138649,75687 540,563 616,635 1
S 76585,92023 562,588 611,640 1
S 75894,103171 566,594 605,646 3
S 132425,77310 543,569 570,594 2
S 135045,102568 543,564 565,587 3
S 165769,154705 540,556 608,642 2
S 134729,166242 540,569 606,645 5
S 103179,137492 554,574 606,644 5
S 141814,116951 540,570 617,633 2
S 103171,116449 542,585 603,647 3
S 117484,75669 550,566 608,642 3
S 117483,92016 540,580 606,644 3
S 77425,141869 559,587 615,635 2
S 135068,78400 540,570 615,636 3
S 116441,92019 546,575 610,641 2
S 76001,116443 560,595 613,638 5
S 75906,134673 557,600 609,641 5
S 118295,78400 545,569 603,648 2
S 132425,141897 540,574 607,643 1
S 132421,51629 546,565 566,605 1
S 264814,118335 554,578 606,645 1
S 117481,116061 543,573 613,638 4
S 102566,56262 548,585 586,597 5
S 137992,103173 540,574 611,639 5
S 103469,77532 541,583 605,646 4
S 118295,76015 540,578 618,633 5
S 269316,77308 566,583 605,645 4
S 116965,76596 540,581 582,590 5
S 269508,75865 556,597 609,642 3
S 51629,75906 566,601 607,643 2
S 51633,118301 563,605 609,642 3
S 77307,138050 558,589 605,646 5
S 166233,52409 540,550 566,600 1
S 149646,137544 540,559 606,645 2
S 141045,77429 540,559 560,595 3
S 56264,116129 573,591 612,639 3
S 52359,138053 575,593 613,637 1
S 78395,137991 548,592 605,646 4
S 134714,75906 540,573 611,639 4
S 166386,77434 540,551 560,584 4
S 116950,92024 542,575 605,645 2
S 92028,77613 554,585 617,634 5
S 52411,77434 575,591 609,642 1
S 154691,116970 540,555 556,579 1
S 134714,138051 540,575 615,635 5
S 118282,118289 542,572 608,643 3
S 76001,56292 557,599 613,637 3
S 92004,141862 560,575 608,642 5
S 135069,76009 546,561 611,639 2
S 166403,118291 540,557 603,648 2
S 76594,92024 557,593 610,640 5
S 76597,77429 562,590 609,642 2
S 102562,52443 555,575 612,638 5
S 137991,102460 542,560 561,585 4
S 166233,75686 540,552 559,603 1
S 116454,117492 543,576 611,639 3
S 102561,76171 547,583 605,645 2
S 117472,102681 549,568 617,634 3
S 102561,134729 546,584 606,645 4
S 75669,116057 564,597 611,639 5
S 116449,77612 540,581 582,585 4
S 264691,269326 549,578 605,646 1
S 166239,138552 540,547 610,641 1
S 164355,92028 540,557 558,583 5
S 75890,116061 565,594 607,644 5
S 154626,102568 540,557 558,581 1