D 40825
C 11
S 101581,47830 550,585 662,679 4
S 51630,145423 548,563 662,679 4
S 104021,105015 559,581 659,682 2
S 52442,93584 543,574 651,690 1
S 101511,263444 548,587 660,681 2
S 145320,47870 583,627 663,678 2
S 109376,145138 575,595 596,611 4
S 114180,145151 578,604 662,680 3
S 108079,145432 566,592 593,629 4
S 92415,47870 553,573 662,680 5
S 52411,47755 540,574 649,692 3
S 145554,109733 594,621 658,683 4
S 145321,48679 590,621 649,693 5
S 92288,145314 543,587 588,624 1
S 108087,56149 563,594 650,692 1
S 145197,47829 579,619 658,683 1
S 52355,272867 540,574 663,679 5
S 104642,256509 554,594 656,686 1
S 92748,113790 550,577 655,687 1
S 145315,101106 586,619 654,688 2
S 144359,145433 581,613 614,623 4
S 145431,113787 591,625 650,692 4
S 145553,113791 597,618 658,683 2
S 104022,47756 552,588 654,688 4
S 104508,145229 553,598 660,681 4
S 104505,108748 568,584 653,688 3
S 109300,145395 576,591 596,621 5
S 47847,52503 540,551 661,681 4
S 51282,104642 540,568 569,593 4
S 109236,113787 568,598 656,685 2
S 104506,145327 568,584 662,680 2
S 145546,274172 597,617 651,690 4
S 101512,145327 550,583 657,685 2
S 114068,145142 574,607 653,689 5
S 145405,47758 595,622 659,682 4
S 50115,104666 540,562 563,590 5
S 145197,108747 584,615 663,678 5
S 114079,50131 570,606 651,691 1
S 145196,274172 580,620 653,688 1
S 109300,105014 569,599 653,689 5
S 92432,145180 541,579 594,609 5
S 104629,104985 559,587 658,683 4
S 101510,256509 549,586 658,684 3
S 145395,256509 587,630 657,684 5
S 144205,56149 578,611 651,691 4
S 108311,104829 560,599 660,681 2
S 114124,93163 569,604 658,684 1
S 144334,113724 582,609 657,684 4
S 145557,101102 592,624 661,680 3
S 144216,256507 573,612 662,679 1
S 145400,145143 594,624 655,687 3
S 145548,108598 587,627 656,686 1
S 145401,108489 598,619 659,683 1
S 40818,101101 540,553 657,684 5
S 104643,108605 555,593 663,678 3
S 101513,114119 545,589 590,600 4
S 145182,107317 583,620 663,679 5
S 145320,51466 595,616 653,689 2
S 114075,145316 581,596 597,611 5
S 145553,101104 593,623 653,689 2
S 50975,144363 540,561 575,620 3
S 92420,144216 547,577 578,607 4
S 114123,145227 578,596 654,687 3
S 145139,113812 592,608 657,684 5
S 104667,145431 568,584 593,623 2
S 108087,48558 564,593 654,687 4
S 47807,113914 540,560 651,690 2
S 145138,93150 584,617 659,683 4
S 108059,50057 568,587 651,690 3
S 262315,47826 574,602 659,683 3
S 107578,93577 558,595 649,692 1
S 50117,108059 540,563 566,588 3
S 114120,113791 576,595 663,678 3
S 109431,109745 567,612 663,678 2
S 145173,56001 579,622 653,689 3
S 92425,144356 547,575 660,681 3
S 145183,113913 581,620 654,687 1
S 104668,262321 558,595 596,603 5
S 108079,113788 560,598 657,685 2
S 104014,145433 553,588 597,620 5
S 50511,101117 540,568 663,679 4
S 103961,93272 559,580 652,689 4
S 114124,145141 578,595 659,682 2
S 50215,104668 540,564 568,586 3
S 92749,50892 543,582 656,686 1
S 145433,47755 600,616 658,684 5
S 40826,52442 540,560 561,566 4
S 144372,50096 578,620 653,689 1
S 47848,262315 540,562 568,608 3
S 144363,101118 581,615 658,684 4
S 108980,55997 559,603 654,688 2
S 92424,108730 542,580 660,681 4
S 145543,145169 590,624 654,688 4
S 108311,113811 558,601 663,678 5
S 144311,109733 576,615 648,693 5
S 92420,56144 552,571 660,681 1
S 50511,104511 540,561 562,591 1
S 145397,104830 601,617 656,686 2
S 109298,101099 569,599 663,678 2
S 104536,114118 555,591 592,595 1