D 17962
C 12
S 57587,35455 572,608 609,624 2
S 272582,57227 573,608 609,625 1
S 61462,18034 626,641 661,688 5
S 56875,34769 615,644 657,691 5
S 32188,57231 543,578 602,622 3
S 60563,18007 596,637 657,692 1
S 34958,61017 586,614 615,635 3
S 35063,57046 573,615 616,640 4
S 61080,34668 616,634 652,697 3
S 61449,40036 617,653 656,692 1
S 35459,60533 596,612 613,628 4
S 61447,38508 615,656 662,687 2
S 35076,30601 578,611 665,683 4
S 17493,32115 540,555 556,581 2
S 31902,18033 557,602 656,693 5
S 35048,61175 570,614 615,635 3
S 31637,30622 556,597 654,694 2
S 17985,60533 540,566 598,630 3
S 17972,17964 540,573 663,686 5
S 31629,38743 564,586 654,694 2
S 272582,57032 573,609 610,629 1
S 280953,31902 540,565 566,593 2
S 280954,35148 540,559 587,605 1
S 60560,34666 597,637 654,694 3
S 17493,56799 540,563 656,693 3
S 56825,38714 617,646 666,683 5
S 35071,35891 585,602 661,687 1
S 35063,61180 581,606 614,631 2
S 32064,35119 544,581 582,617 2
S 35047,35636 575,609 610,622 4
S 31903,57162 562,595 596,630 4
S 17985,37954 540,571 662,686 5
S 31575,34500 560,585 654,695 4
S 32873,35459 566,605 606,614 5
S 61173,30584 607,641 660,689 2
S 17502,35894 540,559 666,682 5
S 57231,61449 593,630 655,694 5
S 17500,61452 540,560 620,647 2
S 31574,40082 556,587 618,647 1
S 31896,38717 559,599 657,692 5
S 32119,35884 550,583 663,686 5
S 280953,31927 540,562 563,603 5
S 35632,35893 596,619 655,694 5
S 35416,57288 582,623 624,625 2
S 32168,61106 546,581 610,648 4
S 34959,60533 589,609 610,627 5
S 14837,35763 540,553 592,626 4
S 30877,31646 540,577 578,600 3
S 34952,39444 593,608 657,692 3
S 32062,61197 552,572 611,634 4
S 61191,39149 607,641 652,697 2
S 17504,30607 540,561 653,696 5
S 56876,276762 618,640 656,693 1
S 31637,35129 564,589 590,612 5
S 32873,277476 573,598 599,628 4
S 57032,35970 605,634 659,689 5
S 34957,57214 586,614 615,629 5
S 40083,40090 613,653 658,690 2
S 35660,61017 597,620 621,640 4
S 35061,39489 576,611 658,691 2
S 35637,61176 592,622 623,643 3
S 31632,18042 564,583 658,690 1
S 17995,34516 544,563 658,691 1
S 57628,34952 570,605 606,618 4
S 31632,40096 564,584 664,685 4
S 57046,61465 602,634 635,652 1
S 35761,39972 594,625 656,693 4
S 35120,35899 582,613 652,696 4
S 32197,35440 544,574 588,622 4
S 30879,32119 540,572 573,575 5
S 35132,61453 578,612 618,648 1
S 35585,39444 587,624 665,683 2
S 17493,34668 540,560 659,690 1
S 17502,276760 540,557 654,695 3
S 32882,38016 564,606 656,692 2
S 31579,35983 564,583 653,695 5
S 61466,38717 622,647 654,694 3
S 31904,39442 569,592 661,687 1
S 272586,60561 583,599 600,638 3
S 61016,39941 606,634 652,696 3
S 32170,34613 541,585 655,693 5
S 35130,35983 588,603 652,697 5
S 17495,31897 540,562 566,590 4
S 61180,30606 606,640 656,693 5
S 31985,34500 560,582 658,690 5
S 32885,35883 567,601 652,696 4
S 17959,35099 540,560 585,613 3
S 56865,18257 612,648 666,683 3
S 60547,37952 601,629 665,684 5
S 35661,61188 597,620 621,645 4
S 277476,18263 590,622 663,685 1
S 57609,61459 573,605 666,682 2
S 272742,276758 623,640 655,694 4
S 31940,18261 564,604 663,686 2
S 61021,18033 605,638 657,691 2
S 35453,37953 588,622 664,684 3
S 271973,34516 622,650 666,682 5
S 35050,61015 572,613 614,643 3
S 17983,37956 540,572 666,683 4
S 31985,57616 549,592 593,598 1