D 108647
C 10
S 101396,77066 586,610 611,622 3
S 101123,108533 576,604 624,652 2
S 77002,104715 592,626 627,659 2
S 107210,98527 540,555 556,577 4
S 273589,98701 561,579 580,591 4
S 95296,92335 557,593 594,622 3
S 98611,101450 559,597 598,606 3
S 101345,107316 581,608 619,657 3
S 95298,76999 562,587 592,624 1
S 101343,77063 580,610 611,620 2
S 99290,95262 540,572 573,591 3
S 77004,108464 593,624 625,657 5
S 105272,95257 540,557 558,588 5
S 92319,108596 585,629 630,653 2
S 101011,104002 572,603 604,620 2
S 53732,107386 555,578 627,648 1
S 77066,104509 590,629 630,652 1
S 77063,104632 594,625 626,659 3
S 77002,108632 593,625 629,647 3
S 101589,108605 582,626 627,655 4
S 101166,104504 576,609 623,653 5
S 92319,92274 599,615 625,650 1
S 98609,104507 561,595 630,645 5
S 106846,100396 540,570 572,594 3
S 98662,108632 569,591 630,645 2
S 106873,108484 540,560 619,657 4
S 101127,104494 569,613 630,646 2
S 101166,101630 577,608 625,651 5
S 77066,104040 600,620 621,660 3
S 273594,104039 555,583 620,656 4
S 95286,100519 544,582 583,609 2
S 99149,108487 566,604 617,658 3
S 101577,108517 592,614 619,657 5
S 92355,108645 598,615 628,648 1
S 101373,108483 584,609 622,654 5
S 101016,101609 576,600 601,619 5
S 77063,104503 602,618 619,658 3
S 273521,108459 551,584 618,657 2
S 101169,104476 569,614 619,656 4
S 98699,101629 571,591 627,648 2
S 100385,101588 561,604 605,618 4
S 77003,108628 592,626 627,660 3
S 95292,77063 563,586 627,648 2
S 99307,103939 540,574 629,647 1
S 95256,97388 552,594 595,601 5
S 77062,108461 590,629 630,657 5
S 53733,101012 561,581 582,603 4
S 98536,98593 545,572 573,586 2
S 265388,101617 569,584 619,656 1
S 101375,77130 588,604 628,647 4
S 95147,107389 562,596 618,657 1
S 77027,108631 590,628 629,656 4
S 98541,101126 551,569 573,609 2
S 108653,101013 540,564 578,597 3
S 95253,77069 557,590 595,625 5
S 264609,101634 578,623 624,652 5
S 108710,104062 540,554 586,616 2
S 76989,104505 595,621 629,646 5
S 99289,265397 540,567 568,585 1
S 98546,98710 551,568 569,594 2
S 77000,107315 599,616 621,654 2
S 99311,101224 548,565 575,611 2
S 104002,104494 580,622 625,650 2
S 98536,100509 550,567 568,607 2
S 273592,101229 555,586 587,604 2
S 101453,108527 582,616 623,652 5
S 99292,77064 540,574 625,651 1
S 53731,101630 559,584 615,660 3
S 99291,108533 540,568 626,650 2
S 98610,108543 556,601 622,654 3
S 53737,104080 557,583 584,616 4
S 101338,108463 584,608 621,654 1
S 101374,269477 579,613 614,616 1
S 53731,101235 560,583 584,604 2
S 105265,100400 540,561 572,596 3
S 101117,101611 578,601 602,627 4
S 99295,95289 540,575 576,590 4
S 98531,95264 540,576 577,594 1
S 95237,104016 544,577 621,655 4
S 106846,108458 540,561 630,646 4
S 95238,108630 548,575 630,645 2
S 95286,269480 563,584 594,623 2
S 98710,104013 570,594 624,651 5
S 103997,107314 581,622 626,649 5
S 95265,92372 551,595 596,624 2
S 53731,92317 550,582 586,626 5
S 99151,108597 569,600 630,645 5
S 53730,101118 555,577 578,606 4
S 92336,107313 596,619 620,655 3
S 101377,77072 587,606 624,651 4
S 92338,264632 591,624 625,653 3
S 53729,100520 561,582 583,600 5
S 77062,107311 600,620 628,648 4
S 76989,108536 594,623 626,650 1
S 107160,92266 540,553 624,652 2
S 101346,103939 578,610 621,654 4
S 100398,92318 572,595 596,617 3
S 108654,101343 540,557 579,611 3
S 100506,77130 564,606 628,648 4
S 95286,101123 542,585 586,608 5