D 63983
C 10
S 30717,30607 562,578 632,655 3
S 30697,18367 559,583 584,601 4
S 18362,12793 572,589 590,614 3
S 13066,278293 578,608 636,651 3
S 271639,13799 540,553 629,659 2
S 271639,34270 540,551 629,659 4
S 59830,35019 540,554 627,661 2
S 34418,34112 542,583 635,653 3
S 35423,34040 542,574 629,658 3
S 18379,34318 568,594 629,658 5
S 59860,34122 540,562 623,664 1
S 35523,34253 540,572 629,658 2
S 18499,34122 559,598 624,664 3
S 13905,18551 576,591 629,658 2
S 59829,278238 540,557 631,656 2
S 34287,34235 548,583 630,657 4
S 35412,13023 548,564 566,606 2
S 35389,278238 540,571 633,655 1
S 34909,34072 548,573 622,666 5
S 35438,59647 540,579 633,655 2
S 59853,34306 540,565 627,661 5
S 18504,30707 559,599 622,666 4
S 59938,34267 540,564 565,582 4
S 63980,63991 540,549 626,662 3
S 34415,35019 547,577 625,662 5
S 34908,18549 551,571 572,596 4
S 59861,13008 540,561 573,595 4
S 59957,18483 540,551 560,598 4
S 30697,34277 558,584 626,661 5
S 34296,34329 553,574 623,664 1
S 59826,30696 540,557 627,661 4
S 35415,59318 546,567 635,653 2
S 30607,34037 559,587 632,656 1
S 18502,18555 569,588 636,652 4
S 30686,34037 552,591 629,659 4
S 30607,13011 558,588 589,597 1
S 18500,13847 563,594 629,658 3
S 13018,59656 569,603 636,652 3
S 63981,59561 540,553 633,654 2
S 13031,59645 576,599 632,655 5
S 35522,30720 542,567 568,584 4
S 18504,30717 566,593 630,658 5
S 12954,34116 581,596 633,654 1
S 30686,57574 551,593 632,656 3
S 34343,13052 550,576 577,604 2
S 57538,35062 540,564 626,662 5
S 278285,18394 554,599 622,666 1
S 30709,30742 555,587 626,662 5
S 12946,33950 571,608 621,666 3
S 34252,59655 550,586 631,656 4
S 12955,34114 569,606 626,662 5
S 30688,12794 555,590 591,602 5
S 35388,35012 540,569 628,660 1
S 59825,18368 540,566 567,602 1
S 35438,18557 546,572 636,651 4
S 278229,59677 565,583 630,657 5
S 59852,59331 540,559 628,660 4
S 13007,18557 571,598 621,666 2
S 59825,35415 540,562 563,569 1
S 281807,18556 582,603 630,658 5
S 18481,13803 561,599 622,665 4
S 18546,272593 561,592 624,664 5
S 13030,34252 574,600 630,658 2
S 12795,64082 574,609 623,664 3
S 12792,34041 581,603 624,663 5
S 35522,63993 540,569 631,657 2
S 35457,59662 544,573 636,652 5
S 30742,34040 554,584 622,666 4
S 63980,18362 540,558 566,595 5
S 18368,64014 567,598 623,664 4
S 34277,18553 550,584 634,654 3
S 13010,35012 563,606 629,659 5
S 34253,34023 553,581 627,661 2
S 13054,34277 578,602 625,663 3
S 34229,18368 550,587 588,595 3
S 30696,59330 553,591 634,653 5
S 34230,59971 557,581 633,654 2
S 18368,64022 565,599 627,660 4
S 34910,13054 553,570 574,606 5
S 278286,272592 561,592 623,664 3
S 59861,35024 540,558 628,660 2
S 30697,57568 562,580 634,653 3
S 281807,33950 578,608 623,664 1
S 12797,59663 580,602 625,663 4
S 35459,13072 547,570 572,614 5
S 59957,278239 540,555 557,592 3
S 34286,64014 554,578 636,652 3
S 278239,34305 560,590 631,657 5
S 13072,13794 582,603 626,662 1
S 30688,34322 561,583 636,652 4
S 59809,272598 540,559 628,659 4
S 12953,13803 568,608 635,653 4
S 35435,13783 550,569 628,659 3
S 12792,13855 584,600 629,658 1
S 18368,34024 571,593 628,660 1
S 13910,34287 567,599 633,654 2
S 12797,59556 581,602 628,660 3
S 35438,13068 551,567 579,606 2
S 57540,278237 540,566 567,585 1
S 35459,35029 551,566 627,660 2