D 92197
C 11
S 54682,98562 566,605 622,651 3
S 99178,104069 557,580 625,648 5
S 95237,53734 567,598 623,650 5
S 54688,98662 571,601 626,647 3
S 104857,101123 557,574 622,650 1
S 98713,92977 556,589 624,648 3
S 98545,53736 574,590 628,644 2
S 98672,100508 562,587 619,654 4
S 101053,98565 540,580 581,589 4
S 92965,95285 540,572 619,653 1
S 98602,101025 568,588 621,652 4
S 54683,100507 570,601 625,647 5
S 98723,101388 562,585 621,652 3
S 93428,101836 541,574 620,653 5
S 93429,53739 545,571 572,608 3
S 54688,92264 573,599 627,646 5
S 101485,101832 540,571 621,651 1
S 93435,95264 540,578 626,647 4
S 101112,95254 549,576 624,649 3
S 101780,101339 540,551 614,659 2
S 100541,53737 545,589 627,645 4
S 98564,101234 561,600 614,659 1
S 95296,98562 566,602 626,646 5
S 92372,53733 540,569 570,610 4
S 92366,101838 540,562 627,645 5
S 98603,101754 557,601 624,649 4
S 101521,100385 540,576 577,583 4
S 100507,101833 560,577 621,651 1
S 93433,95148 544,572 620,652 1
S 92957,100992 540,569 570,578 4
S 95294,101834 569,598 621,652 3
S 53729,100511 573,601 615,658 2
S 54690,101353 568,605 618,655 5
S 101717,99150 540,560 561,586 2
S 98712,101382 561,585 621,652 1
S 92371,101353 540,567 615,657 4
S 92369,54690 540,569 627,645 4
S 93067,100996 540,565 566,586 3
S 92275,95255 540,561 621,652 4
S 100991,101377 545,587 621,651 5
S 53736,101119 577,600 627,645 3
S 101103,95289 546,576 577,604 1
S 98662,101229 562,588 614,659 1
S 101834,101338 540,564 620,652 4
S 53730,98610 575,600 623,649 3
S 95297,101832 561,606 623,649 1
S 92366,101112 540,569 627,645 3
S 93431,101723 540,577 625,647 4
S 53731,101835 570,605 625,648 1
S 95289,101168 572,596 617,656 1
S 100532,92975 556,579 626,647 4
S 92987,53741 540,565 614,658 3
S 98720,53730 561,587 626,647 5
S 99175,264611 555,585 622,651 1
S 101053,99149 546,574 627,645 1
S 92275,265393 540,564 625,648 2
S 93067,101343 540,570 625,648 2
S 98636,101378 568,586 624,649 4
S 266788,98609 540,558 627,645 4
S 100541,95283 554,579 580,593 5
S 53744,98611 580,599 624,648 1
S 101053,95294 544,576 614,658 3
S 101806,98672 540,558 560,589 4
S 101709,95237 540,563 564,603 5
S 53733,101381 580,595 614,658 4
S 98602,95255 563,593 628,645 3
S 53733,98700 579,596 617,655 3
S 265078,100379 540,585 614,659 2
S 92366,101377 540,566 627,646 1
S 101518,99177 541,565 566,587 4
S 101024,54689 551,574 576,598 3
S 53729,265398 574,599 614,659 1
S 98534,101229 570,591 624,648 4
S 100533,99155 556,579 615,657 5
S 101484,99150 540,570 571,591 1
S 101723,92978 540,553 628,644 2
S 98675,101167 561,587 622,651 2
S 101112,95160 552,572 573,585 5
S 266788,99177 540,561 562,581 2
S 95293,97388 566,602 615,658 3
S 100528,100380 556,578 624,648 4
S 101717,101017 540,560 616,656 2
S 101520,101123 540,570 614,659 2
S 101780,93402 540,552 553,573 4
S 95158,92263 570,585 626,647 4
S 54682,265040 575,597 624,649 3
S 53732,101234 579,595 628,644 4
S 93038,98707 540,560 622,651 1
S 100533,103973 546,590 619,653 2
S 98603,101836 559,599 615,657 4
S 95238,95148 568,597 617,656 4
S 101721,54683 540,555 572,599 4
S 101013,101342 545,583 622,651 5
S 53738,264612 566,611 624,648 4
S 93402,101837 540,574 614,659 2
S 101100,101709 547,573 621,652 2
S 101806,101522 540,551 552,562 4
S 101502,101015 540,574 628,644 3
S 95238,265040 564,601 627,646 4
S 53732,98611 566,608 621,652 5