D 10379
C 9
S 11139,8073 540,572 580,609 3
S 6196,11990 557,578 654,679 4
S 8822,11148 559,584 645,687 5
S 12865,11148 583,624 650,682 1
S 11200,8578 540,578 579,604 2
S 7835,10582 587,611 649,683 1
S 11358,12225 544,581 582,601 3
S 11101,8017 540,560 588,606 2
S 11256,12636 544,581 657,676 3
S 281874,11155 568,613 654,679 3
S 12216,9028 562,595 649,684 5
S 8083,11926 576,615 649,684 4
S 8349,8073 570,601 645,687 2
S 8577,11122 568,601 645,687 4
S 10547,9067 540,561 562,586 2
S 11604,8597 540,569 570,600 3
S 9067,12210 548,586 647,685 1
S 10546,9017 540,565 649,684 5
S 8619,11497 565,596 655,678 4
S 11355,8571 545,577 658,675 3
S 12226,10633 558,603 649,684 1
S 8571,8615 574,594 655,677 4
S 12533,8347 579,607 647,685 2
S 9066,11134 547,589 647,685 4
S 9089,11419 548,587 654,679 4
S 11095,12117 540,554 562,589 4
S 8811,8571 558,584 652,680 2
S 12873,9237 588,621 651,681 2
S 9089,10583 547,587 645,688 1
S 12117,12630 557,595 596,603 2
S 9282,8924 546,565 566,593 3
S 8699,12564 564,591 592,615 4
S 21465,11958 540,565 653,679 3
S 7831,12212 583,617 655,677 4
S 7834,9026 588,611 648,684 2
S 11117,10490 540,556 645,687 2
S 12090,11167 568,583 653,680 1
S 9066,10680 557,578 650,683 3
S 8811,11999 560,581 656,677 3
S 12861,10583 588,617 652,681 5
S 8226,11990 567,610 649,683 3
S 6197,8615 560,577 653,679 1
S 7828,10370 583,620 645,688 5
S 8557,12556 568,595 648,684 1
S 8082,11521 574,616 645,688 2
S 8598,7833 567,598 645,687 5
S 10675,11392 540,562 655,677 2
S 8813,12871 558,585 586,625 3
S 6209,8944 551,588 646,687 2
S 7829,8284 589,613 654,678 3
S 10548,9026 540,564 652,680 2
S 10546,9096 540,556 557,583 2
S 12858,8347 582,622 659,674 5
S 8016,9286 584,611 656,676 4
S 8245,12232 575,603 655,678 2
S 12209,8577 560,596 649,683 2
S 11170,9098 543,563 564,578 1
S 7838,9028 583,615 654,678 1
S 9313,11929 540,574 645,687 1
S 8616,7830 568,595 596,612 5
S 9109,8575 548,581 582,600 1
S 8339,11122 567,605 647,685 3
S 281652,12206 588,622 653,679 3
S 7831,9312 581,620 651,681 1
S 21465,12232 540,569 655,678 1
S 12124,12123 554,598 650,682 5
S 21466,11510 540,559 650,682 3
S 8191,11166 572,616 654,679 1
S 8807,8072 548,592 652,681 4
S 12635,10370 577,605 653,680 4
S 8347,10496 571,600 654,678 1
S 9275,11513 544,569 645,688 1
S 21465,8813 540,571 572,593 3
S 9100,8699 554,577 578,596 3
S 12874,10588 588,620 657,676 5
S 9309,11136 540,575 652,680 1
S 11620,11418 541,562 655,678 3
S 8904,282155 564,583 657,675 5
S 8285,8567 565,609 658,674 2
S 9099,7833 556,574 589,611 5
S 10662,282855 540,553 576,617 5
S 10385,8191 540,559 586,601 4
S 8597,11957 561,603 645,688 1
S 10388,12636 540,564 655,677 4
S 10659,8709 540,568 569,589 5
S 8699,11511 555,599 650,683 3
S 10662,12225 540,565 566,598 2
S 8597,8082 560,604 658,675 4
S 282852,12219 579,612 648,685 5
S 11348,12636 546,575 655,678 5
S 12115,12865 556,595 596,615 1
S 9312,8017 540,574 656,677 4
S 10694,9066 540,564 565,583 4
S 11370,10581 548,579 647,685 3
S 11349,12090 542,580 654,678 2
S 9090,282163 549,584 650,683 2
S 12110,10496 555,596 651,681 2
S 9067,11519 551,584 651,681 5
S 12574,12564 574,611 656,677 3
S 8082,11520 575,615 646,687 5