D 249380
C 11
S 186031,190801 540,551 552,589 2
S 187088,187372 540,567 606,645 5
S 187079,187127 540,567 606,646 2
S 212105,187100 562,587 618,633 1
S 223263,212181 565,599 607,644 1
S 187130,187128 540,570 611,640 3
S 213963,187091 546,584 605,646 5
S 212565,215777 567,583 604,647 1
S 212796,212076 549,565 611,640 4
S 215836,187080 564,593 605,646 5
S 212746,212460 554,571 605,646 5
S 186031,190798 540,550 554,586 4
S 212749,239604 548,576 577,602 5
S 187365,237965 540,569 575,593 2
S 212566,189762 565,587 605,646 1
S 223247,223202 562,602 615,637 3
S 213946,212468 548,583 615,637 1
S 239603,189761 559,602 606,645 1
S 187128,212460 540,569 608,643 2
S 213957,189761 544,585 613,639 3
S 223242,189757 574,592 613,638 5
S 212745,216494 552,573 616,635 4
S 186031,186036 540,550 613,638 3
S 237965,215633 575,594 613,639 4
S 212733,215607 557,573 574,588 3
S 187131,187191 540,566 615,636 1
S 216482,223196 571,592 610,642 4
S 212437,187280 549,586 613,638 3
S 187280,190527 540,574 618,633 1
S 212733,212176 551,579 609,642 2
S 212421,190670 550,585 604,648 5
S 212733,187289 547,586 607,645 3
S 212418,215657 545,588 614,638 4
S 189727,212420 545,568 569,576 5
S 212954,186035 540,584 608,643 3
S 187079,215777 540,567 615,637 2
S 186034,187191 540,558 617,634 4
S 237967,190526 570,600 607,644 5
S 212935,212121 543,577 578,583 1
S 212092,190678 566,587 614,637 4
S 186365,187286 540,557 558,575 1
S 215605,212043 556,598 616,635 3
S 189724,212176 545,567 610,641 2
S 189724,215641 540,578 606,645 5
S 187131,223194 540,571 603,648 3
S 187368,239584 540,572 606,645 1
S 187096,239605 540,559 564,598 3
S 212420,212173 552,582 609,643 1
S 223246,216510 569,595 612,640 5
S 223232,189813 561,606 617,635 1
S 249239,213933 540,554 555,582 3
S 212091,190867 554,599 612,640 3
S 186030,213947 540,562 563,585 2
S 186031,190862 540,563 564,589 1
S 223235,215662 571,595 614,637 5
S 213002,215599 540,577 578,588 2
S 186037,215660 540,559 606,645 5
S 213948,216530 547,584 609,643 3
S 223263,211910 563,602 612,639 5
S 187370,187261 540,569 614,638 3
S 212848,186361 547,570 616,635 4
S 215830,212065 567,593 604,647 1
S 187364,223235 540,573 574,604 2
S 213946,190653 553,578 604,647 5
S 190832,190665 559,584 607,645 2
S 213004,187283 550,566 614,638 1
S 223247,223198 559,604 607,645 2
S 213001,212107 551,567 568,586 2
S 212420,187127 555,579 614,637 2
S 187368,190801 540,564 565,586 3
S 186031,213962 540,554 557,574 1
S 212157,187072 550,589 615,637 3
S 215823,249240 559,602 615,637 5
S 186034,190653 540,553 611,640 4
S 213948,187291 556,575 612,639 1
S 186357,212949 540,550 551,584 2
S 237964,187097 566,604 614,638 2
S 212148,216482 558,581 582,604 2
S 186360,186351 540,559 604,648 4
S 187095,187088 540,566 611,640 5
S 213965,212198 550,580 612,639 1
S 190801,190678 550,591 611,640 5
S 212749,211882 550,574 609,643 4
S 239603,248333 559,601 611,641 2
S 215836,190663 561,597 617,634 2
S 187282,212208 540,572 612,639 1
S 213949,212077 553,575 617,634 1
S 187097,212745 540,571 572,584 5
S 187365,239586 542,559 607,645 2
S 187093,212176 540,568 610,642 1
S 212733,212180 554,579 611,641 3
S 213005,187089 540,576 612,639 2
S 186036,213947 540,551 552,586 3
S 212796,186356 540,574 604,648 1
S 212437,187291 554,581 605,647 4
S 187100,249241 540,567 604,647 5
S 212106,190655 559,589 617,635 3
S 215601,215660 559,596 611,640 1
S 213964,223198 557,573 604,647 5
S 215605,187271 569,585 609,642 4