D 187817
C 9
S 230012,236332 591,626 661,688 4
S 228395,188452 577,618 664,685 5
S 216228,229803 570,603 653,696 1
S 230016,228275 597,619 666,683 3
S 186795,228048 540,572 664,684 5
S 216198,229558 563,606 607,624 4
S 216192,189128 571,600 652,696 5
S 227963,189335 578,599 664,684 1
S 187791,213664 540,563 664,684 1
S 187855,213335 540,553 554,590 5
S 187821,214761 540,557 562,593 1
S 187625,214905 549,579 580,589 3
S 214727,215142 556,595 659,689 1
S 188487,228288 540,567 581,612 2
S 187842,188303 540,557 663,686 3
S 235799,189333 589,628 663,685 2
S 187877,188455 540,556 661,688 1
S 214833,188451 566,592 656,693 3
S 213780,228049 553,597 662,687 3
S 229592,189084 595,618 656,693 5
S 189603,235815 551,587 588,629 2
S 213268,215141 562,577 654,695 3
S 188486,236308 540,561 573,591 5
S 229448,187825 582,623 656,692 2
S 186614,230012 541,564 601,617 3
S 187519,229593 550,568 589,623 2
S 214834,229920 561,598 658,690 4
S 188487,229939 540,564 666,683 2
S 188491,189332 540,563 660,689 5
S 216230,230015 575,597 601,616 1
S 228288,230008 585,608 667,682 1
S 189612,215399 556,578 660,688 4
S 227927,215064 578,602 665,683 1
S 216194,235828 574,597 667,682 4
S 229652,236334 598,617 655,694 1
S 189613,227927 558,576 666,682 4
S 236305,236416 574,591 663,686 5
S 188254,213678 540,561 661,688 3
S 213264,215155 558,582 665,683 4
S 189603,189154 559,579 656,693 4
S 228051,189082 572,610 664,685 1
S 187840,236308 540,559 570,594 5
S 189516,213652 557,574 657,691 4
S 214761,229804 570,585 661,687 3
S 228433,228352 583,615 660,688 1
S 229125,213575 585,615 664,684 3
S 235799,188624 588,629 652,696 1
S 188254,188638 540,565 657,691 3
S 213344,228059 553,594 661,688 5
S 188260,189334 540,557 654,695 1
S 213333,236438 554,589 667,682 2
S 229451,188640 587,616 661,687 3
S 188248,215142 540,557 652,697 1
S 186782,188638 541,570 666,682 5
S 229125,187842 583,618 663,685 1
S 188492,228275 540,564 574,617 3
S 230017,236340 587,629 652,697 4
S 187731,229592 540,576 585,628 1
S 229654,228496 593,621 652,697 2
S 213209,188637 551,595 659,689 3
S 187536,227969 545,574 575,607 2
S 188259,229557 540,561 589,620 3
S 228284,230015 582,605 606,617 1
S 236306,187824 560,604 657,692 4
S 188259,213666 540,558 665,684 2
S 213339,227969 551,594 666,682 4
S 189612,214906 548,586 587,594 1
S 216193,213609 567,605 659,689 3
S 215460,227927 566,595 654,695 2
S 189498,230010 550,580 665,684 4
S 235819,187825 597,620 663,686 4
S 228427,188308 576,620 659,689 4
S 235799,187826 589,628 659,689 5
S 213263,188640 548,593 656,692 2
S 229448,189126 580,624 666,683 1
S 229451,187884 584,620 657,692 2
S 228047,230010 580,602 660,688 4
S 187797,229559 540,555 591,616 5
S 214762,235812 566,590 591,630 3
S 229654,189306 590,623 663,685 5
S 227932,213592 579,600 662,686 5
S 229559,228282 581,626 657,691 1
S 214723,227932 562,591 664,684 4
S 213291,229807 551,589 655,694 1
S 187819,215386 540,561 654,695 3
S 215444,228382 563,598 658,690 3
S 213268,229654 553,585 597,617 2
S 187842,187594 540,564 565,576 4
S 189615,228395 548,589 590,617 4
S 186797,228486 547,566 655,694 2
S 229567,188449 590,620 664,684 3
S 236307,228284 565,599 653,695 2
S 187837,188239 540,555 664,684 3
S 229594,228435 595,619 658,691 2
S 187588,229094 548,575 667,682 4
S 188262,215038 540,563 652,697 5
S 228440,188634 582,616 653,696 3
S 187592,213679 550,574 654,695 5
S 229594,229808 596,617 663,686 5
S 187518,228493 549,569 665,684 3