D 255929
C 9
S 145671,148434 557,583 606,651 2
S 175725,148173 540,572 616,642 4
S 147822,255928 552,584 615,642 3
S 148441,99960 540,548 607,651 3
S 105856,148175 572,606 609,649 4
S 110205,147757 557,599 621,636 4
S 173555,110206 552,576 621,637 4
S 148434,105893 540,556 613,644 1
S 99962,110129 574,609 611,647 5
S 106214,106702 564,608 612,645 1
S 175645,110266 540,578 579,586 3
S 175631,110135 540,578 579,599 1
S 147822,99946 558,578 612,646 2
S 145134,106516 558,589 609,648 2
S 145617,147726 557,587 612,645 5
S 110233,145646 562,592 620,638 3
S 175706,106518 540,559 619,638 2
S 175636,106187 549,568 576,599 5
S 175756,145671 540,559 560,591 3
S 173044,99962 540,560 581,602 4
S 173559,148439 544,586 617,640 2
S 173556,148236 548,582 619,638 2
S 173694,148217 552,574 607,651 1
S 175696,110207 540,568 621,637 5
S 145635,148394 559,585 614,643 3
S 175738,105897 540,565 612,645 5
S 106678,145649 565,601 606,651 5
S 105857,145089 580,599 615,642 2
S 173552,264032 542,586 611,647 3
S 110148,145644 562,600 608,649 2
S 172993,148390 540,561 606,651 1
S 173568,106501 555,577 578,599 5
S 105855,106203 581,596 612,646 4
S 175730,145133 545,565 566,581 1
S 106184,110205 566,607 618,640 3
S 145138,106214 561,588 589,602 4
S 175676,110207 540,569 609,649 4
S 146003,148184 556,583 618,639 2
S 173107,110136 540,558 559,602 5
S 173704,148420 541,582 621,636 3
S 145132,148169 553,593 619,639 4
S 148439,175634 540,558 559,574 3
S 175707,147691 540,571 616,642 5
S 110134,147757 566,593 621,636 2
S 110226,148312 558,597 612,645 2
S 173559,106490 555,576 577,604 2
S 175728,110266 540,572 607,650 4
S 173044,175732 540,565 566,575 2
S 110142,110205 571,588 617,640 3
S 105856,100165 575,602 621,637 2
S 173564,99963 544,588 589,610 3
S 147819,105894 560,575 617,640 4
S 175647,148440 541,571 616,642 3
S 175645,145183 546,567 568,596 2
S 175631,110262 546,573 618,639 3
S 106678,148435 569,597 618,640 2
S 110234,145092 561,593 618,639 4
S 173693,106187 549,576 577,607 4
S 147601,110205 557,576 577,597 3
S 106186,106667 564,609 611,646 2
S 185875,145133 540,569 570,593 3
S 173558,99944 552,578 608,650 3
S 175543,145135 551,569 613,644 3
S 106006,106695 573,602 608,650 2
S 110263,99977 565,587 588,603 1
S 99976,148174 580,602 611,647 2
S 145616,148212 558,586 618,639 5
S 175677,110233 540,561 614,643 3
S 185876,99963 540,573 574,611 3
S 173627,110266 555,570 571,592 1
S 99962,148238 578,605 620,637 2
S 145658,110209 555,588 614,644 5
S 175674,106186 540,557 579,594 3
S 147821,100167 560,577 578,608 4
S 148436,175737 540,561 562,570 4
S 173049,185871 540,560 561,571 1
S 106677,145643 574,591 617,640 4
S 106501,106667 565,602 612,645 4
S 110205,99920 569,588 589,603 4
S 110144,110210 559,602 613,644 5
S 173049,105858 540,561 617,640 1
S 105856,148420 571,606 615,643 5
S 175692,100163 540,556 618,639 5
S 173095,110208 540,562 621,637 5
S 175726,148219 542,570 611,647 1
S 110232,113723 568,586 613,645 2
S 173553,148390 550,577 615,642 4
S 175745,110232 540,569 610,647 1
S 175730,148429 540,575 608,650 3
S 173042,145135 540,564 566,582 5
S 110265,147720 564,588 611,647 2
S 110149,147617 569,593 611,647 3
S 145134,99959 552,596 597,611 3
S 113724,145648 563,587 608,649 4
S 99963,148212 581,601 609,648 1
S 175736,145135 545,560 561,595 5
S 110230,148171 570,585 607,651 2
S 106144,110266 570,605 618,639 4
S 175635,106172 540,579 621,637 3
S 145618,105895 562,583 612,645 3