D 195286
C 12
S 183740,194680 540,567 568,609 1
S 166444,184175 542,579 580,596 4
S 164371,184175 546,578 579,607 4
S 180349,191164 540,567 568,606 1
S 191141,166562 540,556 557,567 3
S 195281,168772 540,555 573,600 5
S 166281,191141 544,579 580,606 1
S 154671,252605 543,584 585,607 4
S 165847,165876 541,581 582,608 4
S 183746,154672 540,569 570,574 4
S 164371,191163 545,579 580,602 2
S 170966,183728 540,574 575,600 1
S 194614,191165 540,560 568,606 2
S 194682,194680 540,564 576,597 5
S 195281,180275 540,548 576,598 5
S 184176,183746 540,563 578,596 4
S 180410,154704 540,569 573,601 5
S 166550,168771 543,575 576,599 5
S 154874,194614 549,576 577,606 4
S 168662,169653 545,571 572,601 2
S 166564,194682 545,572 573,602 1
S 184050,183824 540,565 569,605 3
S 180553,250720 540,570 578,595 2
S 194428,154666 540,559 560,578 4
S 181817,180366 540,564 575,599 2
S 168142,177750 544,571 572,604 3
S 166566,184050 540,576 577,609 1
S 252594,181817 549,564 578,596 2
S 180553,154667 540,569 570,574 3
S 154672,177749 544,585 586,609 3
S 184048,254937 540,565 566,585 4
S 194428,154675 540,555 556,582 5
S 181816,184045 540,566 567,607 3
S 194682,169683 540,551 565,609 4
S 166551,181728 543,577 578,608 3
S 180553,169671 540,568 576,597 5
S 165844,194428 544,579 580,600 4
S 183728,165769 540,566 573,600 4
S 166565,169671 540,580 581,606 1
S 170963,180565 546,565 579,595 3
S 252595,194679 548,566 574,599 1
S 177723,169666 540,576 579,595 2
S 166279,154884 541,580 581,608 4
S 183743,250719 540,568 570,604 1
S 180656,165844 540,566 567,570 4
S 191145,180606 540,566 574,600 5
S 247567,191142 540,551 568,606 4
S 191163,154691 540,563 567,606 1
S 194436,166562 540,563 564,573 3
S 166565,194682 549,568 569,608 3
S 195281,166281 540,562 563,579 1
S 168142,170932 549,567 568,606 3
S 154667,183745 550,577 578,606 3
S 184044,194614 540,568 579,594 1
S 194415,169680 540,566 570,603 4
S 195281,169674 540,561 579,594 5
S 247564,166561 540,559 560,574 1
S 166281,168783 540,582 583,596 4
S 194451,183947 540,560 566,607 5
S 164372,169660 553,571 577,596 4
S 166443,177748 541,578 579,599 3
S 184048,166388 540,563 571,602 2
S 180553,183823 540,572 574,599 3
S 247564,166443 540,559 560,578 1
S 154666,169653 547,580 581,599 3
S 165851,250721 552,571 572,606 5
S 166561,184175 540,579 580,603 1
S 252594,169653 540,578 579,605 1
S 164373,180316 554,571 575,598 1
S 165828,169673 550,573 574,600 4
S 195281,180350 540,560 561,568 2
S 180569,183746 540,565 569,605 2
S 166552,250720 540,580 581,601 3
S 165828,191166 550,573 574,609 4
S 180350,154689 543,563 568,605 4
S 166443,183823 546,573 578,595 5
S 194678,183984 540,558 579,594 5
S 247563,166376 540,559 560,580 3
S 168142,184044 540,578 579,609 5
S 194436,154688 540,558 578,596 1
S 195284,180656 540,560 573,600 3
S 183823,194436 540,558 568,606 3
S 194615,154717 540,564 565,578 3
S 154671,169667 553,575 576,605 4
S 191167,154718 540,564 565,571 4
S 191145,154705 540,558 578,596 5
S 183947,166551 540,565 566,571 2
S 164373,180606 540,585 586,595 4
S 183742,180554 540,570 571,608 5
S 181728,169667 540,561 577,596 5
S 169595,183824 540,574 575,605 2
S 191145,154672 540,558 559,583 5
S 184177,154688 540,563 579,595 3
S 181816,183988 541,560 568,605 1
S 170968,168729 540,577 578,599 2
S 183979,194679 540,566 567,606 4
S 170966,180554 540,572 573,604 1
S 183947,166279 540,566 567,571 4
S 165851,183742 553,570 571,609 5
S 170960,183986 540,576 577,609 4