D 89255
C 9
S 85895,78886 551,577 616,650 4
S 80525,74525 556,576 616,649 3
S 62944,267543 561,594 624,642 5
S 79585,74402 549,592 612,653 3
S 90302,62672 548,565 618,647 3
S 90833,267542 540,562 613,652 5
S 90110,57033 540,571 610,655 2
S 63356,70868 552,593 612,653 1
S 91220,62720 540,570 625,640 3
S 60319,89018 560,604 618,647 1
S 89481,269024 540,556 557,578 5
S 91266,88985 540,563 611,655 1
S 90711,57258 540,554 619,646 4
S 90719,89795 540,563 564,571 1
S 79704,35662 549,588 615,650 3
S 60487,61022 566,594 625,640 2
S 85901,73851 545,581 614,651 2
S 79694,70515 549,584 614,651 4
S 85613,86944 555,573 612,653 4
S 62974,61190 564,585 614,651 4
S 86056,63296 547,573 574,590 5
S 63357,35330 564,582 583,601 3
S 90293,35761 541,570 618,647 5
S 91218,34950 540,565 611,655 5
S 35560,35421 568,602 620,646 2
S 90385,70785 541,566 612,653 4
S 79590,35316 547,591 592,597 4
S 89249,70397 540,548 613,652 3
S 90831,74403 540,560 624,642 4
S 90705,34952 540,557 616,650 5
S 86053,35661 545,574 610,655 5
S 90297,70868 546,566 624,642 2
S 62974,70867 566,583 624,642 3
S 86053,74006 548,572 617,649 2
S 90113,63359 540,576 577,581 4
S 79693,35632 545,588 617,649 4
S 90804,85907 540,551 552,579 4
S 85903,35424 548,576 615,651 5
S 35330,86820 578,599 614,652 2
S 89248,73905 540,559 622,644 4
S 85910,60308 548,574 575,592 4
S 35504,61174 568,607 616,650 3
S 79698,57361 560,576 577,597 1
S 60813,86821 565,593 618,647 1
S 63377,60532 556,589 611,655 2
S 85615,86947 552,578 616,650 1
S 63295,35583 556,591 611,655 1
S 91208,86946 540,556 612,654 2
S 90787,35637 540,557 614,652 4
S 85895,35758 547,581 625,640 3
S 90293,34955 542,568 620,645 4
S 35410,70515 573,603 611,654 2
S 91239,86932 540,570 616,649 1
S 90804,62953 540,559 560,599 1
S 79698,57163 553,583 618,647 4
S 91219,57374 540,563 564,605 5
S 60483,86946 567,595 623,642 4
S 63176,61017 560,589 614,652 2
S 89257,62972 540,555 556,594 5
S 80524,57380 548,585 586,601 1
S 90786,34953 540,562 623,642 5
S 91263,60489 540,566 567,601 3
S 57373,88956 566,599 622,643 1
S 89247,79701 540,561 562,587 1
S 89255,85898 540,550 551,580 5
S 60490,73502 563,596 625,640 4
S 63180,35657 564,585 615,650 2
S 35325,35656 568,609 615,650 4
S 89486,89793 540,553 554,567 5
S 90834,89858 540,562 563,580 4
S 57374,70786 575,591 622,643 3
S 90785,61300 540,561 612,654 2
S 90436,60309 540,573 574,599 5
S 85959,63176 549,572 573,582 5
S 79704,78875 557,581 615,650 1
S 63180,34955 563,585 625,640 2
S 57390,86820 573,598 614,652 3
S 90719,35758 540,560 625,640 2
S 35318,74526 572,607 620,645 2
S 90834,61196 540,551 618,648 5
S 91260,62972 540,562 563,597 2
S 35314,86932 572,607 625,641 2
S 89842,57162 551,566 615,650 2
S 90110,86946 541,568 613,653 5
S 89523,86944 540,563 613,652 3
S 57383,73495 571,597 623,642 2
S 89257,90436 540,554 555,561 4
S 91267,61017 540,566 619,647 2
S 91266,35320 540,568 578,601 1
S 90111,61196 544,564 616,650 1
S 90721,73502 540,568 624,642 2
S 91258,35563 540,559 577,595 5
S 90787,62970 540,560 561,591 1
S 89257,60563 540,561 620,645 1
S 90707,62954 540,562 563,589 4
S 91264,60487 540,570 571,597 4
S 70111,61187 553,589 613,652 3
S 60488,74433 563,597 623,642 3
S 90805,57048 540,559 614,652 2
S 79698,70438 558,577 612,653 1