D 188592
C 8
S 228047,227672 565,583 658,690 1
S 188589,215027 540,561 562,580 1
S 189343,228393 540,554 572,589 3
S 230304,236437 589,614 664,684 2
S 228280,189333 562,592 662,686 4
S 229129,229185 567,601 655,693 3
S 187757,228046 540,565 566,587 5
S 227668,189326 567,612 658,690 5
S 215025,215046 545,572 652,696 2
S 231666,230090 590,622 660,687 2
S 215015,228278 548,569 570,588 4
S 213654,213679 540,572 654,694 4
S 228439,230512 562,603 664,683 4
S 215062,236417 544,578 665,682 5
S 188582,228283 540,558 559,596 2
S 228058,227963 557,593 654,694 2
S 189374,215044 540,561 654,694 3
S 231667,231684 587,625 660,687 5
S 213614,227742 540,564 661,687 1
S 227755,229354 572,604 652,695 4
S 187746,236441 540,550 662,685 3
S 215084,213468 554,569 660,687 5
S 230039,231601 573,614 651,696 2
S 228051,213667 554,593 654,693 2
S 228051,189285 555,592 653,695 5
S 227456,230347 573,612 656,691 1
S 227667,231697 580,598 599,617 4
S 215027,228434 551,569 574,590 4
S 230039,231666 574,614 615,623 4
S 228283,231668 563,590 598,616 3
S 227733,231643 584,601 665,683 4
S 231544,230145 588,619 652,696 5
S 228063,230035 564,587 588,605 2
S 213582,215140 540,564 653,694 1
S 189349,230104 540,553 663,684 5
S 227973,213575 557,586 660,687 3
S 215024,228274 549,570 571,594 4
S 228059,228283 557,593 663,684 3
S 231528,235466 588,619 657,690 2
S 230510,189326 594,610 660,688 1
S 228284,227735 566,585 656,692 1
S 227951,215039 549,588 665,683 2
S 236436,230303 558,573 580,623 4
S 215155,236375 547,565 566,590 3
S 188594,228063 540,559 560,598 5
S 227734,227734 579,606 661,686 1
S 230157,231666 586,606 607,624 3
S 230307,230104 581,620 655,693 2
S 231673,213591 590,624 664,684 5
S 236377,229110 555,582 583,605 1
S 189339,213508 540,555 653,694 4
S 230157,214993 583,609 651,696 3
S 236374,231658 551,584 654,693 5
S 228393,227672 560,602 661,686 4
S 228439,231550 568,597 666,681 2
S 228049,236416 554,593 655,692 2
S 215399,230082 549,576 657,691 4
S 213652,227963 540,575 666,682 1
S 236437,230082 543,587 652,695 5
S 228283,231551 562,590 653,694 2
S 187745,230105 540,561 659,688 3
S 188593,227954 540,548 553,585 5
S 229340,231658 567,604 666,682 3
S 228060,215079 561,589 659,689 4
S 227734,228281 582,603 652,696 4
S 228440,215004 561,603 657,690 5
S 228393,230349 568,593 660,688 3
S 229406,230512 579,597 654,694 4
S 229110,230308 566,600 601,616 1
S 230035,236373 586,604 652,696 4
S 236440,228059 556,573 574,586 2
S 231550,227761 587,622 662,686 5
S 187747,213517 540,561 664,683 3
S 236329,227667 545,587 657,690 3
S 230154,189325 584,607 663,685 1
S 187746,189325 540,557 656,691 3
S 189343,229377 540,564 658,689 2
S 229336,228285 569,602 665,682 5
S 228060,227741 563,587 659,688 5
S 231549,189306 596,612 664,684 5
S 227456,229172 571,615 652,695 5
S 231662,227762 591,620 654,694 3
S 228047,228058 552,595 655,693 1
S 189374,230342 540,564 580,617 5
S 215004,215002 544,572 657,691 3
S 213610,231601 540,573 662,685 1
S 213582,231678 540,570 664,684 5
S 236405,230038 552,580 582,606 5
S 215004,227669 550,565 574,605 4
S 215399,230349 546,579 666,682 4
S 230305,228047 581,622 654,693 4
S 231568,230303 596,614 654,693 2
S 215042,231689 540,581 590,627 4
S 228063,230344 562,589 658,690 5
S 227674,230511 572,608 665,683 2
S 228274,231604 558,598 665,683 4
S 236440,229376 550,579 656,692 3
S 231697,227733 597,620 665,683 1
S 236340,228350 545,590 659,689 1
S 236376,231602 558,578 651,696 4