D 171540
C 10
S 209483,228334 540,581 582,594 5
S 180898,211474 540,565 566,577 5
S 228339,223814 570,592 610,643 2
S 171585,211474 540,565 566,575 1
S 227834,177459 567,590 610,643 3
S 194814,223800 540,579 580,589 5
S 194800,171536 540,571 609,644 5
S 228326,184716 571,596 612,642 2
S 184535,223845 540,576 577,598 1
S 211385,184730 544,583 609,645 1
S 223779,215622 561,589 618,635 4
S 227831,211729 560,598 612,642 3
S 209644,223230 543,579 580,583 5
S 184462,224015 540,570 571,587 4
S 228619,215843 570,599 619,635 1
S 216711,177454 549,590 608,645 1
S 228618,190914 568,600 609,645 5
S 191029,194906 541,568 613,640 2
S 211592,211804 550,584 617,636 2
S 228621,215608 568,602 613,640 5
S 194787,194906 542,570 611,642 5
S 191029,216725 547,563 564,584 3
S 194800,223301 542,569 570,583 4
S 223227,215794 556,587 619,634 5
S 211385,211871 542,586 615,639 5
S 194792,180952 540,575 614,640 3
S 223311,177421 561,584 619,635 2
S 228612,181112 570,598 612,642 4
S 227833,184730 560,598 616,638 4
S 216723,184731 558,583 619,635 3
S 228619,223819 570,599 612,641 4
S 223301,211801 564,584 616,637 5
S 228331,180944 572,594 618,636 4
S 180903,223861 540,559 563,588 4
S 184511,211472 540,574 575,576 2
S 223195,194912 563,580 615,639 3
S 223848,223814 561,595 609,644 5
S 228336,215888 565,598 615,638 4
S 184512,181113 540,574 617,637 3
S 223232,227886 558,586 612,642 1
S 211591,211693 551,583 619,634 2
S 194810,215610 546,568 616,637 1
S 209466,216725 551,569 570,583 2
S 180905,194818 540,562 563,575 1
S 227830,211869 571,588 617,637 3
S 194817,223861 547,568 569,583 4
S 223780,180951 558,592 618,636 4
S 223301,190914 562,587 606,648 3
S 216569,228331 549,586 587,591 1
S 216567,228348 546,591 592,601 3
S 211362,181111 543,582 615,639 3
S 223861,223815 559,592 615,638 3
S 180906,223851 540,565 566,594 5
S 228348,215927 567,595 611,642 2
S 223195,212065 563,579 608,645 3
S 181170,216565 540,560 561,582 3
S 180898,184716 540,555 609,645 1
S 211580,227886 552,581 607,647 3
S 194788,228350 540,578 579,592 3
S 228331,184719 568,597 616,638 1
S 180899,190915 540,557 605,649 4
S 228342,215930 562,599 616,638 3
S 184490,228272 540,573 606,647 1
S 216567,177456 550,587 610,643 1
S 194813,212065 540,577 605,648 2
S 223845,194882 561,596 604,649 1
S 211370,194903 550,575 619,635 2
S 171569,211940 540,553 614,640 5
S 171547,194808 540,563 564,578 1
S 228331,194908 566,599 607,647 3
S 194807,171535 540,573 607,646 4
S 228331,171535 571,594 611,642 5
S 211365,228274 551,573 609,644 3
S 228350,215889 559,603 606,648 5
S 216719,223819 561,578 605,649 1
S 223859,215610 560,592 608,645 3
S 228328,228633 565,602 611,642 3
S 180897,216718 540,569 570,586 5
S 227834,211872 568,590 616,638 3
S 223781,223811 561,588 618,635 2
S 177483,184717 540,553 615,639 1
S 171570,228333 540,560 574,591 5
S 171543,209456 540,547 548,575 4
S 194787,211693 540,574 611,642 1
S 228627,211872 563,608 612,641 4
S 223845,171539 557,600 608,645 4
S 171584,216724 540,560 561,580 4
S 216710,184718 557,582 610,643 3
S 211582,223829 545,587 605,648 3
S 223801,184718 565,586 607,647 1
S 171542,228341 540,555 566,595 3
S 216725,184572 554,587 605,648 2
S 209640,190925 544,576 619,634 5
S 228348,211681 568,593 605,649 1
S 194814,216718 540,576 577,583 4
S 209483,216726 540,581 582,585 1
S 211383,177457 544,583 618,636 4
S 223302,194903 567,582 607,647 3
S 228326,184573 573,594 613,640 1
S 211383,228275 553,574 609,644 1