D 99806
C 9
S 25378,54831 603,643 662,689 3
S 112660,52918 550,572 654,698 2
S 24885,276063 607,647 661,690 4
S 42057,24829 610,626 663,689 3
S 46079,24830 589,612 663,688 2
S 98214,95360 560,595 658,694 5
S 24867,43766 615,641 655,696 5
S 45089,276063 591,618 619,631 1
S 98211,43766 560,596 663,688 3
S 112563,25375 552,584 659,692 4
S 111879,53199 541,566 664,687 2
S 42062,41558 606,630 654,698 1
S 112680,54837 547,581 666,685 1
S 97132,43763 572,598 665,687 2
S 111874,47050 540,568 658,693 1
S 53423,99677 577,613 658,694 4
S 106049,94832 540,566 662,690 3
S 99804,47041 540,548 656,696 2
S 45020,276062 590,622 623,628 4
S 45256,42212 588,619 620,623 4
S 45292,25375 591,624 656,695 5
S 54628,46079 568,606 607,618 4
S 106069,99564 540,561 656,695 2
S 112645,43702 541,584 594,629 5
S 111788,25418 543,560 662,690 2
S 46079,53208 588,612 660,692 1
S 42213,95344 598,630 662,690 3
S 53311,54832 582,611 655,697 3
S 273542,42056 585,602 603,636 4
S 99914,97578 540,566 572,595 4
S 112199,45684 551,569 657,694 2
S 276061,53008 605,636 655,696 2
S 97579,43703 566,601 602,625 3
S 42193,53170 607,624 658,693 5
S 100146,45085 540,566 591,620 5
S 111914,276155 543,565 668,683 3
S 42202,24885 602,627 628,645 5
S 111485,95350 558,587 665,686 2
S 112117,42211 552,567 601,629 2
S 112073,45696 556,586 662,690 5
S 111485,25362 555,591 659,693 2
S 53737,99778 575,608 660,691 5
S 100153,41556 540,567 668,684 4
S 54628,95343 568,605 663,689 1
S 111883,53312 540,567 581,612 4
S 99913,45698 540,557 654,698 4
S 25081,99778 613,637 661,690 5
S 25080,99564 612,639 656,695 3
S 110832,26193 558,592 609,635 1
S 98200,52978 560,599 657,694 3
S 45292,45415 596,619 667,684 1
S 97598,98465 572,591 662,689 2
S 110867,99778 554,595 666,685 2
S 112248,25103 548,591 656,696 4
S 45292,43764 585,629 656,696 5
S 100149,111651 540,557 558,566 1
S 54557,43803 581,597 601,621 4
S 112646,97193 554,570 576,591 5
S 43700,276095 594,628 668,684 1
S 45290,52958 593,620 666,686 3
S 112591,24832 553,581 662,690 2
S 24885,95335 617,636 655,696 3
S 273521,25056 571,612 613,642 4
S 45256,53211 592,616 661,690 3
S 46788,45704 579,620 658,694 4
S 97596,41584 565,598 609,629 1
S 45297,25357 588,628 629,635 2
S 45313,98455 587,632 667,685 2
S 45098,97293 589,619 665,686 5
S 24865,53206 619,638 663,689 5
S 45994,53200 586,621 655,696 3
S 45087,24868 586,624 657,694 1
S 112064,95303 564,580 657,695 1
S 43814,25357 598,622 623,631 5
S 273541,99779 573,613 666,686 4
S 99872,98479 540,555 654,698 5
S 112200,41550 540,581 663,689 1
S 54626,42152 564,608 609,628 3
S 98207,25418 558,601 662,690 5
S 97577,25378 571,595 603,642 5
S 53409,276286 583,608 609,640 2
S 110882,273527 552,597 598,603 1
S 98213,46787 559,598 599,608 3
S 110883,53199 558,589 664,688 1
S 99775,54568 540,559 582,598 3
S 99773,47043 540,556 660,692 4
S 25057,98452 609,643 656,696 5
S 45256,25419 594,613 663,689 1
S 45098,54838 589,619 662,689 2
S 111486,54555 554,592 593,600 3
S 111650,45293 546,569 586,629 4
S 24832,97293 610,646 655,696 1
S 46080,94831 590,612 666,686 1
S 43703,276163 592,631 665,686 5
S 112008,25354 545,569 667,684 2
S 97595,53208 573,590 658,693 2
S 45257,95361 584,623 653,698 2
S 46079,54765 583,617 654,698 2
S 53410,42514 576,615 616,635 5
S 53312,54765 582,611 667,684 2