D 191513
C 11
S 249926,164217 540,555 587,612 2
S 167134,140975 551,572 573,580 4
S 141144,141145 556,585 587,612 4
S 170558,164265 540,569 582,617 1
S 191510,170556 540,558 559,567 5
S 182840,149741 540,569 570,586 4
S 191487,170573 540,555 556,573 4
S 154472,154580 555,580 581,621 4
S 166802,182828 555,570 577,622 3
S 191489,170573 540,552 553,572 2
S 141098,182115 558,583 588,611 2
S 166723,167643 548,581 582,618 3
S 191489,179848 540,560 587,612 1
S 167637,182810 553,569 581,618 2
S 191486,164263 540,556 577,622 3
S 155360,170556 553,579 585,614 4
S 167638,166059 544,579 588,610 4
S 182867,167801 540,568 586,613 5
S 167939,155039 545,571 589,609 1
S 154507,154581 559,574 583,616 4
S 154414,141143 554,581 582,618 3
S 167803,249923 542,579 590,608 5
S 154472,179851 556,579 584,615 5
S 141112,182859 559,586 587,621 1
S 155111,141143 549,584 590,609 1
S 167942,178092 540,577 578,621 5
S 141094,249920 556,589 590,618 5
S 170557,167944 547,563 578,621 3
S 154511,191451 551,584 585,621 4
S 182844,182159 540,569 585,613 2
S 155360,167148 544,587 590,608 5
S 141144,167661 553,588 591,607 1
S 166723,182161 554,575 592,607 4
S 170036,154583 540,575 577,621 4
S 167941,167225 540,579 591,607 1
S 167943,170035 542,574 592,607 1
S 170556,141680 540,569 581,618 5
S 155360,167675 557,575 578,621 3
S 154509,249926 553,580 591,607 5
S 141113,164259 561,585 589,609 4
S 182867,167674 540,569 584,615 4
S 182813,167790 540,556 585,614 2
S 182809,170046 540,564 588,610 3
S 155375,164244 544,586 587,621 3
S 154421,191497 552,585 586,614 5
S 155110,179848 544,588 589,619 3
S 170573,249921 540,575 582,616 5
S 170050,182113 540,577 582,616 4
S 179855,191481 540,576 588,610 4
S 154415,154582 549,586 587,620 5
S 141099,255743 555,587 588,612 3
S 141092,191497 562,582 583,617 4
S 191511,167806 540,552 553,576 5
S 170563,167151 542,568 577,621 5
S 182866,155042 540,557 588,611 5
S 167939,167157 546,569 579,620 2
S 155347,141141 556,576 588,610 2
S 154427,182161 548,591 592,621 4
S 179848,167800 540,569 577,622 5
S 170036,141090 545,568 569,587 3
S 141112,155038 556,588 592,607 5
S 141096,164282 553,590 591,619 2
S 141098,191482 561,581 592,607 2
S 166760,141681 556,572 582,617 2
S 154507,167225 557,576 587,612 5
S 154421,141145 560,578 583,616 5
S 154427,167147 548,590 591,614 4
S 154509,154582 545,589 590,617 3
S 170041,182113 548,565 579,619 5
S 141103,164218 559,583 587,611 3
S 249922,170574 540,555 582,616 2
S 170032,141103 543,572 573,591 2
S 141107,167794 550,590 592,607 3
S 166716,170557 555,571 579,619 4
S 167286,167151 551,571 587,612 2
S 141144,179855 554,587 590,609 2
S 179852,154470 546,562 563,578 2
S 191489,164218 540,554 579,620 5
S 170038,178094 546,567 583,615 2
S 141113,167942 559,587 592,607 3
S 154508,167799 550,584 585,616 5
S 141107,149738 557,584 585,618 3
S 182868,167129 540,556 557,570 1
S 255707,182860 548,591 592,619 5
S 154472,167147 551,583 586,612 3
S 182839,141090 540,560 561,589 2
S 155348,182310 553,579 590,609 3
S 155374,164261 552,577 589,609 1
S 154472,167281 545,590 591,622 1
S 191498,182153 540,555 577,621 3
S 249923,154427 540,553 555,584 1
S 182839,167797 540,568 583,615 1
S 182817,141145 540,566 584,614 2
S 191483,182843 540,556 586,612 3
S 155375,167149 545,585 588,611 4
S 154472,182163 551,584 585,613 3
S 191490,166701 540,551 577,622 4
S 166724,155063 553,576 589,609 5
S 191508,166720 540,560 561,578 4
S 167134,166060 547,575 581,618 1