D 115104
C 8
S 133909,115153 541,562 618,657 2
S 115190,216019 540,564 622,654 5
S 216025,216061 561,601 629,647 1
S 176133,216041 556,586 620,655 4
S 172455,172455 558,584 619,657 5
S 143046,216067 548,570 571,592 5
S 143679,176132 556,572 624,652 2
S 176110,216243 553,592 628,647 1
S 216067,227958 569,591 619,656 4
S 216056,136948 566,593 617,659 3
S 216023,133908 560,603 615,660 1
S 136443,143683 545,562 616,659 5
S 143048,136437 540,581 623,652 1
S 143080,148800 545,576 628,647 1
S 136439,136443 543,565 620,655 2
S 115190,115125 540,567 620,655 1
S 176172,136509 555,597 622,653 4
S 133913,216086 540,569 570,595 3
S 136509,176131 544,566 621,654 3
S 216086,227958 568,596 618,658 3
S 115207,176109 540,563 618,657 3
S 133671,216021 540,560 625,651 4
S 143682,216233 544,582 583,601 3
S 115192,176228 540,549 630,645 1
S 115194,216024 540,557 566,595 3
S 172436,136435 557,583 625,650 2
S 216229,216041 573,598 616,660 3
S 136508,115450 540,570 622,653 4
S 216067,172363 561,600 627,648 3
S 236276,216246 575,604 622,654 5
S 216086,172365 568,597 627,648 5
S 115193,143687 540,554 555,573 3
S 216231,115150 575,595 629,646 2
S 236278,172079 567,610 621,654 1
S 115654,236275 540,564 626,649 1
S 176102,176109 566,582 619,657 3
S 115206,176101 540,553 620,656 2
S 172443,172081 549,591 617,658 1
S 176236,115125 555,599 621,654 2
S 143077,143048 545,578 618,658 1
S 115610,133908 540,561 628,647 1
S 176105,216235 560,586 587,606 3
S 143046,236275 545,573 616,659 4
S 236279,133909 568,609 621,654 3
S 216086,133907 575,590 619,656 3
S 216100,172082 572,594 617,658 4
S 133643,143077 540,561 619,657 1
S 143034,148793 550,568 619,656 3
S 115654,143046 540,557 558,576 5
S 115192,133778 540,556 630,645 4
S 115159,143681 540,555 556,579 5
S 133671,143685 540,566 567,571 4
S 133907,216245 541,563 624,651 5
S 172075,115150 549,585 624,652 5
S 133905,216100 543,562 575,590 5
S 133905,216233 540,570 571,606 4
S 176131,216243 553,590 623,652 2
S 115206,172072 540,550 551,584 3
S 143079,216058 544,578 624,651 3
S 115208,171830 540,559 560,583 2
S 115207,172033 540,564 620,656 3
S 216221,115125 569,605 627,649 3
S 115121,143681 540,552 555,572 2
S 176402,172083 563,592 618,658 4
S 136440,172083 540,575 626,650 2
S 136944,216058 540,573 574,590 4
S 115105,236274 540,550 630,646 1
S 176237,176149 558,596 624,652 2
S 136439,227957 540,574 617,659 5
S 115610,176172 540,553 565,586 2
S 172074,216287 549,586 622,654 5
S 172365,176171 550,588 630,645 2
S 172460,136945 559,584 622,654 1
S 133905,143680 540,567 568,581 3
S 115193,143678 540,560 561,585 5
S 115609,216043 540,555 621,654 2
S 136435,176236 541,569 570,591 1
S 172366,216046 549,588 624,652 3
S 216059,115432 560,596 622,653 3
S 176109,143685 564,582 627,649 3
S 136944,176103 543,569 619,656 3
S 216233,133667 570,600 621,655 5
S 216085,216287 570,593 629,647 3
S 136508,176227 540,574 625,650 1
S 216100,133914 570,596 626,650 5
S 216236,171831 567,601 622,653 3
S 216024,115123 568,594 630,645 3
S 143047,176401 540,580 623,652 5
S 216059,143684 568,588 629,646 5
S 133907,172078 541,563 626,650 2
S 236275,148793 579,601 630,645 5
S 172460,176167 549,594 624,651 1
S 115194,216059 540,549 570,587 1
S 216228,172079 574,598 623,653 2
S 143046,176228 540,579 580,594 1
S 172460,133667 550,592 628,648 5
S 172363,172078 548,591 622,654 4
S 143047,176106 540,582 624,651 5
S 133907,133914 540,571 628,647 2
S 216221,136947 568,605 628,647 4