D 218510
C 8
S 152714,191770 570,607 622,642 5
S 208356,199215 540,570 619,645 3
S 217965,193025 540,565 566,582 2
S 239186,162872 540,555 556,597 4
S 239209,208354 540,561 618,646 1
S 162875,159394 555,594 611,653 2
S 158510,199213 567,597 614,651 5
S 157048,162987 572,596 620,644 2
S 158596,191729 568,595 618,646 3
S 199206,158663 540,575 576,595 1
S 179404,191894 561,578 611,653 3
S 192816,191772 546,587 610,655 1
S 239179,239180 540,560 624,641 3
S 158729,250573 569,590 622,642 2
S 239209,208355 540,547 614,651 5
S 192912,208355 546,582 611,653 5
S 239191,193081 540,561 624,640 1
S 199205,192876 543,569 623,642 3
S 179023,218337 557,589 621,644 2
S 239188,208261 540,560 618,646 4
S 158578,158979 573,589 618,647 4
S 246987,179403 540,580 581,589 3
S 218235,160088 540,569 570,586 5
S 158730,159565 566,593 622,642 5
S 192687,159640 559,575 622,643 5
S 193057,158574 550,573 574,602 5
S 198175,158581 551,568 569,595 5
S 193022,192743 547,578 622,642 2
S 191838,158731 549,588 589,599 1
S 158581,207683 566,598 621,643 5
S 179155,192745 563,579 611,653 2
S 219041,159827 540,556 624,641 5
S 198159,153256 552,569 615,649 3
S 153106,192744 576,594 612,653 4
S 207686,162984 543,568 616,648 5
S 162874,239200 567,583 612,652 5
S 191839,192783 551,587 617,648 4
S 153108,156994 569,603 614,650 2
S 239180,250573 540,555 610,654 3
S 192913,152706 555,573 610,655 4
S 158730,178836 567,592 610,654 1
S 162808,152716 568,583 584,596 3
S 158580,159548 561,603 614,651 1
S 152710,191770 570,607 613,651 4
S 179152,198168 549,591 614,651 4
S 208363,178808 540,559 617,648 2
S 199207,192744 542,571 615,650 3
S 159501,254225 570,586 621,644 5
S 247008,158492 540,576 577,591 3
S 199210,217967 540,579 620,645 4
S 198159,179450 544,577 610,654 3
S 179133,193086 560,583 625,640 5
S 208353,198168 540,570 613,651 5
S 158190,217969 567,599 611,654 5
S 199208,160060 544,568 612,652 2
S 158510,198175 575,590 619,646 1
S 207684,199225 540,573 611,654 1
S 153105,156993 565,606 616,649 2
S 157048,198157 563,606 610,655 2
S 207680,159392 540,576 614,650 2
S 219045,157050 540,558 562,607 4
S 153106,208265 570,601 619,645 4
S 219045,217965 540,557 623,641 2
S 199208,157011 547,566 610,655 1
S 239179,179126 540,561 562,583 3
S 179129,218242 553,590 618,646 3
S 179025,208355 561,586 616,649 5
S 239191,198157 540,554 612,653 1
S 158729,193086 565,593 619,646 1
S 152722,179452 574,602 618,646 4
S 152717,153256 574,602 614,651 3
S 208355,158965 541,559 613,651 5
S 193072,153231 542,581 624,640 2
S 158493,178979 560,605 622,642 4
S 207680,159564 543,564 622,643 1
S 218338,193079 540,563 613,652 3
S 192985,159645 542,585 622,642 3
S 247916,208362 547,585 615,650 5
S 208352,156994 541,558 620,644 5
S 152724,159828 576,599 620,644 4
S 208354,208261 540,568 616,648 1
S 158582,159829 574,590 618,646 2
S 162878,218234 564,588 623,642 5
S 152720,218171 572,603 617,647 2
S 218236,157006 540,560 623,641 1
S 192985,192759 547,580 622,642 5
S 152720,208241 578,597 615,650 2
S 239191,193072 540,563 564,577 5
S 159513,208266 569,585 611,653 1
S 207686,218243 540,571 619,645 3
S 152715,157007 580,597 616,649 1
S 208265,191906 544,559 622,642 3
S 239188,193084 540,561 618,647 2
S 192362,250574 559,576 612,652 2
S 158933,239191 568,588 613,652 5
S 179154,218427 548,593 621,643 5
S 192816,192737 552,581 617,648 3
S 179127,199217 550,593 614,650 4
S 208241,191777 540,575 610,655 5
S 218172,192940 540,568 612,652 1