D 388
C 11
S 6734,278189 568,588 596,617 2
S 14906,283048 587,621 656,680 5
S 284162,32075 540,573 652,683 4
S 284161,32021 544,560 601,618 1
S 14904,3151 596,611 659,676 3
S 7001,31103 572,600 656,679 5
S 1011,2949 553,572 660,676 4
S 14599,14599 572,615 651,685 1
S 284178,283048 540,573 574,592 2
S 2896,14759 550,588 589,616 2
S 14581,603 576,614 651,684 3
S 322,3174 540,553 559,590 2
S 284193,13976 541,570 648,688 1
S 17375,7739 596,613 653,683 1
S 14808,30974 582,613 646,690 5
S 284221,7736 540,562 579,601 5
S 2897,14599 561,576 653,682 3
S 14870,14906 587,618 657,678 5
S 339,790 540,553 554,578 2
S 3150,6785 553,594 655,680 4
S 6780,14739 566,596 652,683 1
S 7721,14867 568,610 649,686 4
S 14870,3187 582,624 653,682 2
S 6730,30971 559,594 656,679 2
S 14905,14761 582,623 655,680 5
S 284227,7681 540,561 653,682 1
S 284227,3147 540,569 650,685 4
S 284186,6730 540,558 559,596 4
S 3150,1012 558,589 659,676 5
S 14581,7682 584,606 650,686 2
S 337,7740 540,563 573,609 2
S 281467,283048 586,610 656,680 2
S 13980,3171 573,612 659,676 3
S 32022,7496 588,631 655,681 5
S 283048,14736 559,597 657,678 5
S 284219,2810 540,565 646,690 4
S 13981,3187 584,602 659,676 5
S 284179,2896 540,561 562,591 2
S 2807,17384 550,581 590,619 4
S 284182,3187 540,562 650,686 3
S 2898,2974 548,591 649,686 3
S 14598,14805 580,607 651,685 5
S 2697,17371 566,591 657,679 4
S 7495,31104 577,594 660,676 4
S 284236,17376 540,575 646,690 1
S 13982,7029 570,615 649,686 4
S 2813,2803 553,575 647,689 3
S 2857,14748 557,574 651,685 4
S 281472,7517 590,608 653,683 4
S 284160,2692 540,571 572,595 1
S 284191,2976 540,572 573,581 1
S 7740,32074 581,601 647,689 2
S 284184,13982 541,567 584,600 2
S 1012,2975 550,576 660,676 4
S 2888,7738 559,577 645,690 2
S 7027,3152 566,601 653,683 2
S 284182,32074 540,559 591,631 4
S 791,7737 541,580 647,689 5
S 284193,7025 543,569 655,680 4
S 284160,794 540,565 646,689 5
S 281477,14584 587,614 647,689 5
S 7022,2948 566,604 650,685 2
S 17383,2995 589,618 659,677 5
S 13982,7721 571,613 660,675 3
S 6731,2889 568,586 650,686 5
S 7029,6996 560,605 652,684 2
S 2697,7740 565,593 594,613 1
S 600,7496 540,577 578,607 5
S 2889,7734 556,578 579,606 5
S 284224,14870 540,568 594,611 2
S 7721,17377 580,599 657,679 4
S 2979,2815 554,586 660,675 5
S 7721,281468 577,602 658,678 4
S 284192,6730 542,570 648,688 3
S 411,386 540,561 660,675 2
S 2948,381 555,594 653,683 3
S 284190,31104 540,572 592,623 2
S 597,7732 547,568 659,677 5
S 283048,7744 560,596 650,685 4
S 284178,31105 540,568 593,623 5
S 284180,1006 540,563 650,685 1
S 333,2959 540,554 657,678 1
S 389,7731 540,560 660,676 2
S 346,7736 540,549 580,601 3
S 1013,6733 553,571 652,684 5
S 346,387 540,550 648,687 4
S 284162,378 544,562 648,688 2
S 284194,3171 546,566 647,689 1
S 1004,6999 542,581 582,608 3
S 341,14755 540,554 658,677 4
S 284194,281468 542,571 579,618 3
S 597,2974 544,571 658,678 5
S 284178,14736 540,566 588,615 5
S 32025,6997 601,617 656,680 3
S 2897,30971 547,591 658,678 5
S 14906,14641 587,620 656,680 2
S 17376,2978 588,621 655,681 3
S 2806,2693 551,582 660,675 2
S 32075,594 597,623 648,688 4
S 7730,14700 581,598 599,617 5