D 117305
C 11
S 167220,167940 565,601 616,646 2
S 117160,135155 540,561 618,643 4
S 117152,138556 540,559 560,596 4
S 183310,142080 587,604 622,640 3
S 167675,132745 563,606 614,648 5
S 135077,164323 560,581 610,651 3
S 91901,180016 545,574 577,603 2
S 116849,167226 549,578 579,592 3
S 261873,132816 552,580 614,647 3
S 118365,137387 552,580 622,640 1
S 102993,134691 540,573 574,582 5
S 116794,177985 546,579 580,608 4
S 154920,167714 558,596 619,643 3
S 167790,183281 569,601 602,615 2
S 164225,138098 567,590 610,652 4
S 103084,169987 540,577 578,605 2
S 118364,166129 558,574 616,645 3
S 166118,135155 563,601 620,642 3
S 182040,134900 575,607 618,643 1
S 116269,167659 540,572 573,599 4
S 170645,138097 570,605 619,643 4
S 154904,183310 563,590 591,607 1
S 166696,183317 569,594 595,611 3
S 117154,178079 540,556 612,650 1
S 149650,179925 559,592 618,644 3
S 88587,142089 540,578 614,647 4
S 170642,253373 577,599 616,646 1
S 132817,183291 540,555 583,608 3
S 183041,167713 583,605 619,642 3
S 149705,167676 568,583 622,640 1
S 137492,164325 555,588 611,651 4
S 102979,166129 543,579 580,602 3
S 178025,164327 566,610 611,651 5
S 116793,134527 543,583 619,642 2
S 132820,183282 540,567 578,613 2
S 183040,154714 587,602 609,652 5
S 117160,133234 540,553 612,649 4
S 183279,137455 576,613 616,646 3
S 149705,183041 561,590 591,604 5
S 180016,132913 572,607 614,647 2
S 261873,132749 548,584 619,643 1
S 132733,117521 540,563 564,576 3
S 167676,132750 572,598 610,651 4
S 132829,91852 540,564 565,569 5
S 183291,166131 575,616 623,639 5
S 118365,166040 545,587 588,603 1
S 141722,154642 564,584 620,642 4
S 149652,142101 566,586 622,640 1
S 167714,134896 567,603 622,640 5
S 116091,167162 540,568 569,597 2
S 149652,135155 568,584 622,639 2
S 183291,149613 585,606 612,649 5
S 118609,170033 554,582 620,642 3
S 102731,135153 547,565 615,647 5
S 116848,142073 554,573 622,639 4
S 117260,254891 540,560 561,599 1
S 132753,183062 540,559 571,614 2
S 167224,167790 568,598 622,640 2
S 135079,166130 558,583 584,593 5
S 177996,178071 579,595 621,641 5
S 170641,137366 573,603 613,648 5
S 137546,138099 554,589 622,639 5
S 132826,164234 540,560 570,589 5
S 135101,180049 561,581 582,603 1
S 183318,142029 589,605 612,649 3
S 169989,166039 568,605 621,641 2
S 117281,142079 540,562 618,643 5
S 183276,166131 583,604 622,640 3
S 117646,132990 548,581 615,646 3
S 135045,167944 549,590 618,643 2
S 180049,167220 569,611 613,648 4
S 167660,154642 572,596 621,640 5
S 183009,154639 569,613 616,645 1
S 164236,134834 564,594 611,650 3
S 166130,132736 562,601 613,648 2
S 102731,138652 543,569 570,595 3
S 116501,138608 540,584 585,591 4
S 170641,166118 573,604 611,650 2
S 132908,134725 540,563 564,585 5
S 135100,183029 551,590 591,610 4
S 254892,170568 558,599 619,642 5
S 141723,134901 557,593 608,653 2
S 102798,138551 544,575 576,590 3
S 164236,167713 571,588 614,648 4
S 154921,182076 562,592 619,642 3
S 117647,154975 542,587 610,652 4
S 167161,167162 567,598 617,645 4
S 182992,179929 574,608 615,647 4
S 253374,183013 569,591 592,611 5
S 116844,182093 542,584 621,640 4
S 117152,166119 540,553 570,594 3
S 102973,141045 546,577 578,585 3
S 103079,149715 546,561 568,585 4
S 88587,137385 540,577 612,649 1
S 117306,102976 540,561 562,579 3
S 182990,133246 572,610 620,642 2
S 167219,154899 574,591 621,641 1
S 179986,133233 570,610 620,641 3
S 164228,154714 561,598 614,647 4
S 88594,167799 551,566 611,650 4