D 221745
C 9
S 221731,224302 540,550 583,610 1
S 224206,224455 559,577 586,607 5
S 224081,222726 553,587 588,615 5
S 224206,223923 559,577 578,618 4
S 238271,225522 540,564 582,611 5
S 224306,225206 556,574 587,606 4
S 221741,223922 540,552 576,617 3
S 225328,225331 541,572 585,608 1
S 221746,222834 540,550 551,575 2
S 224081,225522 550,590 591,609 3
S 222166,225510 540,564 575,619 2
S 224307,223647 543,585 588,605 3
S 237786,225473 548,584 585,617 4
S 225330,225255 544,569 580,613 3
S 225331,225331 548,563 588,606 5
S 222824,222820 540,571 582,611 3
S 221732,224208 540,552 579,615 5
S 222145,225341 540,566 585,609 4
S 223649,225473 544,589 590,614 4
S 238270,222820 540,563 583,610 1
S 223919,221805 557,580 581,614 1
S 224306,225230 542,587 588,617 5
S 224389,225332 543,580 581,613 4
S 238330,224364 540,553 554,584 1
S 224185,225524 558,579 580,615 1
S 225331,223648 540,574 586,607 2
S 224316,237787 549,579 583,610 4
S 222039,222821 540,571 583,611 4
S 224415,224424 544,576 577,617 1
S 223649,225329 545,589 590,613 5
S 222833,222728 540,575 576,618 5
S 224390,225509 550,572 574,619 5
S 223928,222820 560,579 583,610 5
S 224084,224209 551,591 592,606 2
S 223647,223923 557,575 586,608 1
S 222777,223922 540,571 579,614 4
S 225326,223923 540,578 579,618 5
S 225332,223919 546,566 583,611 1
S 225326,225525 547,566 574,619 3
S 224364,222819 546,579 580,613 1
S 221742,224424 540,557 582,612 1
S 224381,225326 549,574 580,614 4
S 221812,225272 540,562 563,570 1
S 221743,223923 540,557 558,586 3
S 224206,223928 548,587 588,613 3
S 221729,224304 540,552 553,585 5
S 222835,225509 540,573 577,616 1
S 237786,224082 547,584 586,608 1
S 223922,225328 554,584 588,605 1
S 224081,223649 557,583 584,610 5
S 222164,225331 540,562 586,607 5
S 221746,224306 540,558 578,616 1
S 238337,225525 540,563 577,616 3
S 222162,225229 540,564 577,616 4
S 221728,225299 540,560 585,608 1
S 238271,224185 540,567 581,613 1
S 221808,222834 540,561 579,615 4
S 221731,225524 540,556 576,617 3
S 225273,222818 543,574 583,610 4
S 223927,222726 554,585 586,615 5
S 222777,223932 540,564 586,608 1
S 222834,224207 540,577 578,616 5
S 222106,222724 540,565 583,610 4
S 238272,224304 540,563 564,584 3
S 224415,225523 550,571 579,615 3
S 223649,225525 559,574 576,618 3
S 222040,224302 540,564 565,580 3
S 222824,225271 540,576 579,615 1
S 225299,221805 550,565 582,611 3
S 222834,225511 540,576 588,605 4
S 223927,224305 552,587 588,618 3
S 224391,224417 554,569 578,616 5
S 221730,225531 540,555 575,618 5
S 222108,224306 540,557 579,615 1
S 224392,238330 550,571 584,609 5
S 225228,225229 540,580 581,613 5
S 224416,224455 540,583 585,609 1
S 222135,224306 540,553 554,581 1
S 224302,225273 558,573 577,617 3
S 222123,225326 540,556 583,610 1
S 222778,222836 540,570 586,607 4
S 221744,222727 540,547 575,619 2
S 224206,230627 548,588 589,614 5
S 224185,221806 553,584 585,619 4
S 225330,224185 541,571 583,611 3
S 224304,222821 545,586 587,610 4
S 224381,225509 542,581 583,611 2
S 223920,225325 553,584 585,610 1
S 223927,225328 557,583 585,609 1
S 221741,222833 540,557 558,565 5
S 222135,222724 540,554 581,613 1
S 222162,222819 540,562 585,609 5
S 224082,223932 561,579 580,618 3
S 224208,225465 557,578 579,616 3
S 224307,225465 542,586 587,618 1
S 221737,225331 540,559 589,604 4
S 222808,224306 540,574 575,619 2
S 222823,222821 540,574 582,612 4
S 222162,225327 540,554 555,579 1
S 221742,222823 540,559 577,616 2