D 232797
C 11
S 233945,217302 540,562 616,650 1
S 230889,221537 540,567 616,649 5
S 183064,232781 566,599 624,642 2
S 217263,196739 543,586 611,655 2
S 230955,210487 540,568 611,654 3
S 210489,183266 555,580 581,599 4
S 221767,170612 548,563 610,655 5
S 210487,208985 558,578 620,645 4
S 183253,230899 562,602 625,641 4
S 221569,183253 540,577 578,590 3
S 230868,182986 540,566 619,646 2
S 170038,230883 575,603 612,654 1
S 232819,194031 540,561 565,587 2
S 232789,196739 540,549 552,588 3
S 170613,220837 566,611 613,653 2
S 196492,183064 556,588 619,647 2
S 182977,221353 566,605 616,650 4
S 230903,232786 540,572 617,649 1
S 221716,252422 540,579 621,644 1
S 195854,178062 555,593 594,607 3
S 182053,196489 563,607 618,647 4
S 221117,183066 542,575 619,646 3
S 183010,220841 574,594 621,645 4
S 221569,221339 546,570 622,644 1
S 196493,221540 557,587 621,644 4
S 230900,183356 540,567 568,596 4
S 252429,217305 569,612 619,646 1
S 232800,183522 540,553 558,600 3
S 221555,208988 541,571 572,584 1
S 195855,230902 553,594 616,650 3
S 220671,183372 544,582 583,602 4
S 182977,221338 576,595 625,640 5
S 178061,191390 575,601 619,646 4
S 195833,232208 554,595 624,642 4
S 221709,221540 542,573 618,648 2
S 232203,220762 540,565 616,650 3
S 196046,210486 563,582 619,646 5
S 232815,217255 540,565 566,576 3
S 232781,183067 540,562 621,645 1
S 230889,196492 540,563 564,588 4
S 252429,210576 568,613 623,642 1
S 179968,180026 566,608 613,653 5
S 232820,183010 540,560 621,645 1
S 183359,217270 561,600 611,654 2
S 210488,222239 560,576 615,651 2
S 221567,195836 541,575 620,646 4
S 183268,230901 574,589 618,647 1
S 220666,196045 555,570 621,645 2
S 221559,252422 548,566 623,642 2
S 231034,221427 540,570 618,647 5
S 196737,232208 561,580 615,651 4
S 217260,220841 554,575 612,654 2
S 183359,196045 566,596 619,647 5
S 230871,195854 540,574 575,582 4
S 170572,183013 575,605 623,643 2
S 196050,217384 564,582 610,655 1
S 232798,220860 540,552 553,576 2
S 232818,180020 540,566 624,641 4
S 196488,182056 554,587 588,593 2
S 183067,230874 573,592 615,650 3
S 233949,232789 540,562 625,641 4
S 230882,196751 544,559 560,580 5
S 178063,221341 566,610 612,653 2
S 183013,170624 564,604 625,641 1
S 239401,221162 550,579 613,653 3
S 232799,221361 540,551 623,642 4
S 221100,221138 544,575 610,655 5
S 183524,221427 571,587 613,653 4
S 221772,195759 540,569 611,655 4
S 233949,217269 540,560 561,579 3
S 220671,230901 541,585 624,642 1
S 210491,191393 552,584 619,646 5
S 217254,183009 541,586 619,647 1
S 222637,170612 544,564 574,604 1
S 194029,179967 564,588 617,648 4
S 239397,221355 546,583 612,654 2
S 196044,191382 553,590 612,654 4
S 231026,183266 540,562 611,655 2
S 180020,221427 571,602 616,650 1
S 221771,208988 540,573 615,650 4
S 196751,210341 558,581 617,649 4
S 232213,183393 540,560 617,648 4
S 221768,183008 545,566 567,601 3
S 232819,231042 540,555 614,652 2
S 221117,182056 546,572 573,604 3
S 239401,182053 550,578 620,645 2
S 195725,221340 555,596 617,648 5
S 230882,170570 540,563 582,598 4
S 252429,183067 574,606 618,647 1
S 183265,180026 559,604 615,651 2
S 220741,183524 549,573 574,590 3
S 232789,195759 540,553 624,641 1
S 217266,196737 555,576 611,654 5
S 221554,221351 549,564 611,655 3
S 210341,222625 559,577 618,648 2
S 220666,221140 550,574 611,655 2
S 170613,208987 581,596 610,655 4
S 183522,195892 570,587 613,652 3
S 232817,210343 540,562 613,652 4
S 220667,178061 542,583 584,604 4