D 236792
C 10
S 236728,195046 540,565 613,649 5
S 194980,191040 558,574 620,642 1
S 190878,236289 540,582 611,651 3
S 191034,181433 560,589 609,654 4
S 194524,236725 564,591 609,653 5
S 212109,181608 544,572 573,593 5
S 236772,190876 540,556 557,574 5
S 181615,194791 570,597 609,654 2
S 181613,212577 563,603 617,645 5
S 190868,195045 542,576 615,647 5
S 181556,181607 575,595 609,653 3
S 195038,194803 560,579 610,653 3
S 211689,211682 552,573 621,641 3
S 236733,195042 540,568 569,584 5
S 181603,211267 571,590 611,651 1
S 212558,191057 540,574 575,590 4
S 181613,215965 568,598 611,651 2
S 195007,191041 553,587 611,652 1
S 195041,191009 547,590 613,649 1
S 195007,181608 555,586 587,604 1
S 212560,184205 548,566 568,592 1
S 212556,181615 546,565 619,644 5
S 190882,194802 554,569 621,641 2
S 184204,191011 560,599 612,650 4
S 216070,191057 540,568 621,642 4
S 212559,236775 547,566 619,643 5
S 194903,181524 553,575 612,651 3
S 191013,191038 550,595 620,642 2
S 191013,211734 560,585 620,643 2
S 190881,236746 544,578 610,653 5
S 236734,181609 540,564 619,643 2
S 236739,191061 540,563 564,601 1
S 181556,195007 577,592 617,645 1
S 236770,236776 540,568 609,654 5
S 181612,236775 573,593 611,651 1
S 216037,194831 541,566 567,590 2
S 191042,236727 565,588 624,639 4
S 236712,211743 540,566 567,573 5
S 216021,194999 540,570 611,652 2
S 236773,181540 540,556 617,646 5
S 194980,194997 545,586 609,653 5
S 191013,236745 564,582 620,643 1
S 236745,191034 540,564 565,587 4
S 181526,216073 568,606 620,643 3
S 236713,181615 540,560 621,642 3
S 190874,236725 551,568 619,644 4
S 181567,191042 572,596 615,648 3
S 236770,184203 540,568 569,592 4
S 236764,212573 540,568 613,649 2
S 194793,211267 551,596 615,647 4
S 236734,191037 540,563 624,639 1
S 194980,191063 545,587 619,643 3
S 181556,195009 568,601 623,639 4
S 184204,181526 571,588 613,650 2
S 195049,211892 557,576 614,648 3
S 194901,181555 543,584 614,648 3
S 236745,181539 540,563 571,601 2
S 190982,194794 560,583 616,646 2
S 190868,181605 545,573 611,651 2
S 236771,191038 540,556 616,647 5
S 191035,181525 562,587 622,640 5
S 181434,211266 570,607 614,649 3
S 181567,215966 575,593 618,645 2
S 190876,181524 545,574 619,643 1
S 194981,191041 548,584 615,648 3
S 194998,216267 547,590 622,640 2
S 194995,191061 545,590 591,597 3
S 216039,191009 540,574 613,650 4
S 190874,216290 540,579 623,640 3
S 181608,211717 562,602 621,642 4
S 195004,215980 554,585 621,641 4
S 194523,181607 556,599 623,639 1
S 236808,227957 540,554 614,648 3
S 181610,216290 573,592 618,645 4
S 194901,216292 541,586 616,647 2
S 236808,212575 540,566 612,650 5
S 236793,194972 540,549 553,576 2
S 195046,236284 545,590 620,642 5
S 190877,211681 540,580 622,641 3
S 184203,236283 569,590 611,652 3
S 211742,236764 546,579 615,648 5
S 195007,211800 560,581 612,650 3
S 236734,211267 540,554 612,651 5
S 211744,194523 546,577 621,641 3
S 181571,195009 576,591 624,639 4
S 211689,181604 540,585 623,639 5
S 194976,211717 546,585 617,645 5
S 194832,194998 553,589 620,643 1
S 190982,211681 557,586 614,648 4
S 236739,194975 540,565 566,577 4
S 236773,236744 540,559 612,651 5
S 211689,191069 554,572 617,646 5
S 191012,195010 552,594 613,649 3
S 190877,212556 540,581 612,651 2
S 191076,194996 559,597 617,646 3
S 190982,181525 558,586 587,608 5
S 236745,181533 540,558 564,609 2
S 195039,191057 549,590 622,641 5
S 236745,212556 540,561 614,649 2
S 194832,195010 554,589 623,639 1