D 159994
C 8
S 153717,153653 540,569 585,615 5
S 150470,159202 543,558 581,619 4
S 159316,120628 540,563 584,617 2
S 150103,150785 540,573 590,611 2
S 150489,91303 540,565 566,583 1
S 121067,159354 543,581 582,623 5
S 132085,150488 550,567 587,613 2
S 91224,91243 561,576 591,610 2
S 159317,91264 540,549 584,617 3
S 259017,153642 551,578 581,620 1
S 91263,150570 558,576 584,616 2
S 159991,153727 540,559 589,612 5
S 90716,139088 552,587 588,623 3
S 153661,150472 540,564 581,619 1
S 159985,153727 540,551 590,610 2
S 129756,131556 552,577 582,619 3
S 150103,140400 540,576 583,618 3
S 120697,159983 547,579 584,616 4
S 91218,121055 551,587 593,608 3
S 121075,90691 553,570 593,608 1
S 131736,159353 541,579 589,612 5
S 153661,159077 540,566 591,609 1
S 150097,259020 543,568 580,620 5
S 255068,129930 540,556 557,583 2
S 150562,150474 540,566 578,623 2
S 153697,150570 540,556 580,621 1
S 129933,91263 541,586 592,608 1
S 259021,91303 557,573 580,621 5
S 91264,150489 555,579 580,623 4
S 140346,259021 540,575 576,582 1
S 150233,156894 540,570 585,615 5
S 91219,132071 548,589 590,615 2
S 131735,255080 540,582 589,612 2
S 259021,159147 551,580 581,620 4
S 258604,129933 547,573 590,611 3
S 150471,255071 540,574 593,608 2
S 140395,159202 544,568 588,613 5
S 140380,156893 543,570 587,614 5
S 259019,259017 550,580 581,622 3
S 150640,129926 541,557 558,586 5
S 150488,259020 540,564 565,585 2
S 131734,150468 543,576 588,613 5
S 153699,120748 540,565 581,619 1
S 140330,150470 543,563 589,611 3
S 150099,159187 540,572 592,608 3
S 153714,90686 540,558 579,622 1
S 159076,159189 540,566 585,616 1
S 150575,131553 540,561 578,623 1
S 150285,259021 540,573 584,617 3
S 150446,153650 540,571 581,620 1
S 140391,120695 545,567 580,621 5
S 128892,255072 541,580 581,623 4
S 150629,140395 540,556 592,609 1
S 120696,150238 542,584 591,609 1
S 140347,119093 547,562 581,620 1
S 153718,90688 540,566 567,588 4
S 129930,153642 547,580 581,621 4
S 259020,91258 546,585 592,609 3
S 91209,153699 557,582 586,614 4
S 132084,159203 547,571 582,618 1
S 91242,159190 557,579 580,622 1
S 118963,129931 553,579 584,617 5
S 91258,140344 554,581 585,616 4
S 150639,140338 540,566 592,609 5
S 156892,153652 540,558 578,622 1
S 139087,150275 540,577 590,610 2
S 90685,132077 557,584 587,614 2
S 129931,129733 545,582 586,615 1
S 150489,159759 541,564 586,614 4
S 129934,150630 555,572 582,619 4
S 129750,140400 550,578 580,620 5
S 150471,91207 540,562 592,608 2
S 159750,150097 540,553 554,564 4
S 159254,159739 540,560 584,617 1
S 159201,255603 540,557 584,616 3
S 150575,91210 540,570 571,580 3
S 131734,267034 540,582 583,586 3
S 120746,91302 550,575 580,620 1
S 159148,121079 540,552 553,580 5
S 159162,129931 540,553 591,610 2
S 91263,120695 550,584 585,617 4
S 139095,90684 543,570 582,618 1
S 139089,91208 540,574 575,587 3
S 129928,91220 544,584 587,613 3
S 159201,150286 540,558 586,615 2
S 131571,91263 546,575 587,613 4
S 159198,153642 540,553 585,616 1
S 119092,121055 551,581 590,610 5
S 159249,91302 540,553 582,619 1
S 132086,140347 549,569 581,619 5
S 121069,91240 544,580 581,622 4
S 153718,91240 540,562 563,579 5
S 258557,159982 544,573 585,616 2
S 90684,91263 552,589 590,615 1
S 159739,132112 540,549 585,616 5
S 150472,120748 540,573 587,614 3
S 90716,153720 557,582 585,616 1
S 153698,153649 540,559 588,613 1
S 159757,259021 540,554 555,580 2
S 90688,159353 563,579 592,609 4