D 61387
C 10
S 168137,79332 592,629 640,659 3
S 70140,91226 550,594 595,601 5
S 60662,149620 540,578 591,617 1
S 166375,91136 594,624 632,667 1
S 89695,73989 567,596 633,665 3
S 118931,165851 570,605 606,619 5
S 118935,137666 575,600 601,620 2
S 130049,70709 576,605 631,668 2
S 60940,166562 544,562 633,665 1
S 60593,89572 543,564 638,661 5
S 70172,91324 561,581 582,594 5
S 61019,87553 540,571 634,665 2
S 166552,141791 594,624 627,671 3
S 118934,141698 568,606 607,618 1
S 141913,141029 592,614 628,671 1
S 61368,132298 540,550 578,618 2
S 60827,130052 550,583 584,610 2
S 60944,149617 540,573 589,620 3
S 60491,78949 558,574 636,663 3
S 130739,74518 577,612 638,660 4
S 60332,90582 542,585 586,593 4
S 154662,149619 590,620 629,670 3
S 168135,131100 600,621 635,663 1
S 70140,141792 550,594 595,616 3
S 267046,74437 572,594 629,669 5
S 89697,86733 564,599 632,666 3
S 166376,89148 593,624 628,670 5
S 79549,91448 557,594 636,662 1
S 168136,166443 595,627 637,661 2
S 85858,149620 567,588 637,661 5
S 61365,86800 540,556 627,672 5
S 129460,166279 568,612 613,623 2
S 90177,90869 567,597 641,658 5
S 61368,130506 540,549 575,612 2
S 60945,154873 540,568 599,615 3
S 79560,90796 554,592 636,662 4
S 89696,154665 560,602 639,660 4
S 131192,78950 590,605 630,669 3
S 166566,149621 594,628 631,667 2
S 90175,138682 571,592 593,622 1
S 63303,90177 563,578 579,599 1
S 61362,60495 540,565 566,568 5
S 60864,62656 550,585 628,670 5
S 85860,70710 556,598 630,669 3
S 137666,70712 583,615 635,663 2
S 130051,166377 583,598 600,617 2
S 60824,78950 551,583 641,658 5
S 60826,141794 547,588 589,621 3
S 79653,154638 557,591 639,659 3
S 62942,166552 557,580 631,668 5
S 79560,87554 562,584 628,670 2
S 85959,166562 559,599 600,627 2
S 79654,154665 559,590 632,667 4
S 130477,90829 578,608 630,669 3
S 85861,149622 567,587 588,624 5
S 61377,91135 540,563 638,660 4
S 85959,138684 566,592 593,618 4
S 61174,130422 540,563 636,662 5
S 129481,149620 570,607 634,665 3
S 60827,166280 554,580 594,622 3
S 118935,138682 577,597 634,664 3
S 132294,166443 576,620 621,627 4
S 61019,129460 540,562 581,600 3
S 129500,130888 579,598 627,672 4
S 131114,70714 581,612 632,666 2
S 149617,61386 595,614 628,671 5
S 130050,141020 581,601 602,612 1
S 60482,130459 546,583 630,668 5
S 60480,166375 540,582 591,626 5
S 61362,165828 540,555 633,665 1
S 91322,141020 566,608 609,619 1
S 70138,130476 561,584 585,601 2
S 79549,166549 559,591 601,619 1
S 61299,90830 540,557 637,661 3
S 132291,166562 584,612 613,625 1
S 166444,166564 596,622 633,666 3
S 85959,149619 570,587 641,657 3
S 141793,91447 589,615 627,672 3
S 130051,131219 570,612 629,669 2
S 61015,70582 540,567 642,657 5
S 137667,166375 589,610 642,657 1
S 62963,91134 547,592 633,666 3
S 130743,130513 575,616 630,668 2
S 61019,62922 540,560 561,581 5
S 129481,166445 577,601 637,662 4
S 60579,70140 540,571 572,581 4
S 166561,166563 598,623 632,667 3
S 60942,129501 540,574 575,611 5
S 129495,131194 567,611 635,664 4
S 60488,86019 546,574 575,599 4
S 141023,70711 583,618 629,669 3
S 60495,87554 546,570 638,661 4
S 60742,89705 541,573 574,595 4
S 86574,141022 564,596 597,621 3
S 129481,90867 581,596 634,664 3
S 70170,86801 561,583 639,659 2
S 131218,154874 588,607 636,663 1
S 61365,166562 540,560 639,659 5
S 149617,141789 591,617 637,661 4
S 154873,70709 594,619 633,666 5