D 263815
C 12
S 98595,95253 563,581 601,643 4
S 98636,100509 551,590 607,636 3
S 101447,107697 540,571 601,642 3
S 101168,54713 540,576 577,596 5
S 95260,104602 577,593 606,638 3
S 101123,99154 542,574 607,636 4
S 95150,100506 549,592 604,639 2
S 100384,101024 559,574 606,637 2
S 98595,265019 563,581 605,638 1
S 98672,104146 547,590 613,631 4
S 98547,104537 556,592 609,634 3
S 265021,95283 543,564 609,634 2
S 107625,98668 540,552 558,580 4
S 98659,104550 554,584 605,638 3
S 100991,101166 548,575 614,630 5
S 104550,54732 540,559 569,588 3
S 98595,101135 559,585 610,634 5
S 53713,265021 566,599 607,636 2
S 104146,97389 540,563 609,635 2
S 104600,95286 540,560 600,643 4
S 265079,107724 540,580 600,643 3
S 101132,104177 550,565 614,630 1
S 104540,53638 540,564 565,598 2
S 265024,95149 544,561 562,583 4
S 107628,101352 540,565 599,644 2
S 53702,101447 557,602 611,633 1
S 53638,107708 568,594 612,632 2
S 98605,101123 554,589 612,631 2
S 104858,101234 553,570 610,634 1
S 98563,95147 554,591 610,633 5
S 107625,104586 540,557 601,642 3
S 100506,101112 548,580 611,632 3
S 98539,107708 562,587 605,639 2
S 98663,104553 561,578 600,643 2
S 95157,101010 550,592 606,638 3
S 107788,98710 540,559 606,638 2
S 98541,98610 556,593 604,640 1
S 107772,107710 540,552 602,642 2
S 95158,265388 563,578 612,631 5
S 98603,100379 550,594 600,644 1
S 53709,101369 574,594 609,634 2
S 100989,101418 543,580 602,641 5
S 101448,54697 541,563 577,592 2
S 53715,101418 567,597 612,631 5
S 53689,101165 559,602 604,639 2
S 98603,265016 563,580 604,640 3
S 95238,98594 567,584 605,638 5
S 107702,98713 540,564 565,586 4
S 107768,100379 540,552 612,632 2
S 104550,100989 540,556 557,584 3
S 53703,265022 564,594 606,638 5
S 98723,95258 554,581 605,639 2
S 107767,101152 540,554 555,571 3
S 100995,95260 551,571 572,608 1
S 101354,107695 540,576 600,643 4
S 95266,101234 564,609 610,635 3
S 104539,100506 540,562 605,639 4
S 99181,95244 556,574 575,585 3
S 95160,95289 558,584 601,642 4
S 99183,107709 554,578 609,634 5
S 107622,98662 540,566 567,579 3
S 107623,101225 540,562 611,633 4
S 107774,101229 540,552 614,630 2
S 104551,104535 540,563 603,640 5
S 99157,100380 555,575 607,636 5
S 265079,104553 550,569 612,632 2
S 54748,101113 563,590 602,642 3
S 98535,107725 559,588 608,635 2
S 53631,100400 561,600 602,641 4
S 53701,265393 567,590 614,630 5
S 101168,100508 549,564 612,631 2
S 101168,54737 548,565 568,587 2
S 53690,101119 564,597 614,629 2
S 107704,104203 540,565 608,635 5
S 101127,104144 540,579 613,631 4
S 95266,98701 570,602 603,643 5
S 104145,54731 540,566 567,596 2
S 104600,54727 540,567 569,587 2
S 101025,100395 540,578 603,641 2
S 101013,104172 542,579 605,638 3
S 98606,104200 562,580 610,634 4
S 54762,107725 560,592 610,633 3
S 101418,95293 541,563 608,636 3
S 98596,107625 562,582 603,640 3
S 104542,98723 540,563 564,577 5
S 101015,101025 546,575 600,643 5
S 53715,100513 564,600 612,632 2
S 104587,101127 540,563 564,565 2
S 265079,95286 543,575 614,630 2
S 265023,95262 540,575 578,594 5
S 104168,265079 540,571 572,573 1
S 104168,104553 540,568 603,641 2
S 98535,100508 556,592 605,639 2
S 99150,54749 549,578 579,592 5
S 107772,54731 540,560 567,589 1
S 54732,98708 556,601 602,641 3
S 54729,101352 559,597 600,643 2
S 95159,98709 563,579 605,639 2
S 53636,104553 564,599 605,638 4
S 98595,265390 563,581 614,630 4