D 145009
C 8
S 109380,108068 540,571 586,628 3
S 114118,107687 540,569 570,581 4
S 109230,108056 545,569 596,619 4
S 144666,109164 540,552 553,570 4
S 107783,107654 555,580 589,625 2
S 108038,108005 545,580 592,622 5
S 107719,144211 547,591 592,624 2
S 108006,114180 546,582 586,628 1
S 108995,107977 543,579 599,616 4
S 102114,102121 561,589 590,627 2
S 109437,109377 540,570 599,616 4
S 114119,262321 540,572 595,619 2
S 145023,109231 540,550 551,578 5
S 102109,144465 563,586 588,627 3
S 144678,102113 540,565 566,588 4
S 102143,114071 560,585 589,626 4
S 108989,107739 549,572 594,620 5
S 108308,103902 546,576 577,591 2
S 109176,109236 540,577 586,629 5
S 102113,144961 554,596 597,619 3
S 107648,263581 553,589 590,626 3
S 109235,107602 540,577 597,618 5
S 144672,262312 540,553 554,573 1
S 108010,108311 543,588 598,617 4
S 109228,108978 540,577 597,618 1
S 144120,109298 540,566 592,622 2
S 144667,108080 540,552 589,626 4
S 102126,103904 557,589 593,622 3
S 114189,108030 540,567 568,585 1
S 109228,144277 540,577 594,620 3
S 108983,144957 542,576 588,627 5
S 145025,108005 540,553 554,577 4
S 109427,102119 540,570 571,582 2
S 145026,144277 540,562 590,625 2
S 109175,107719 540,575 576,588 5
S 109433,144956 544,561 591,623 2
S 114098,108005 540,573 587,628 2
S 101663,107956 565,583 591,623 3
S 107719,144957 556,582 590,624 1
S 107686,108068 550,590 599,615 5
S 109168,108008 540,577 587,627 5
S 144571,102124 540,557 561,586 5
S 101665,114180 555,593 594,628 1
S 144619,107797 540,564 585,629 1
S 256587,144458 540,563 586,628 4
S 145025,109165 540,561 562,573 3
S 108308,108079 551,571 591,624 3
S 108985,107958 544,576 590,625 3
S 145029,101665 540,561 562,596 3
S 102119,108079 560,589 590,626 1
S 107745,144465 555,581 589,626 3
S 102144,263577 559,585 586,630 2
S 144677,144955 540,561 585,630 1
S 107975,107603 552,579 599,615 5
S 108982,107601 547,571 599,616 3
S 108987,144464 540,581 587,627 5
S 109296,144954 540,576 587,628 4
S 114181,107785 540,571 572,580 3
S 144619,144956 540,560 598,616 2
S 103905,144956 555,590 591,630 5
S 114211,263581 542,557 591,624 5
S 144668,108055 540,553 599,616 5
S 145023,114202 540,557 558,567 3
S 102151,102118 552,594 595,623 1
S 144122,107739 540,566 596,618 2
S 102119,107732 554,594 595,627 3
S 114212,108045 540,570 571,577 4
S 144121,107704 540,562 597,618 1
S 108008,262314 556,574 589,625 1
S 102111,108079 556,594 595,622 4
S 109175,144278 548,567 595,620 1
S 107655,107957 553,587 588,629 1
S 108986,114120 547,572 595,620 2
S 109228,102115 540,573 574,587 3
S 114072,101663 540,568 569,594 1
S 108006,108311 542,587 588,629 2
S 108046,144459 550,574 590,625 4
S 102127,114120 557,588 592,622 5
S 101665,144207 565,582 599,616 2
S 109351,107976 544,565 566,581 4
S 107783,107976 545,589 593,621 3
S 114119,109426 540,573 599,616 1
S 107649,144212 562,578 593,621 1
S 145023,108036 540,555 556,573 1
S 144109,108010 540,559 560,584 1
S 144670,263582 540,560 585,629 1
S 109352,262323 543,567 593,622 2
S 108097,144461 550,573 586,628 3
S 101668,144958 556,593 594,621 2
S 107704,109237 545,588 598,616 1
S 144614,108977 540,553 599,616 3
S 101664,103902 551,596 597,626 5
S 108003,101668 544,583 584,585 1
S 108038,107692 554,571 588,627 4
S 108990,108008 548,573 597,618 3
S 114206,107590 540,564 586,629 5
S 108986,101668 540,582 583,589 2
S 108030,109431 542,586 594,620 3
S 102127,107797 550,595 596,621 2
S 145023,107712 540,549 599,616 1