D 103057
C 12
S 134898,117631 540,565 570,609 3
S 257156,116485 549,593 594,609 2
S 103060,141899 540,553 556,577 2
S 138923,132283 563,583 584,606 1
S 141906,138748 556,577 578,611 1
S 141823,264712 548,588 589,605 5
S 141832,116844 555,581 582,601 2
S 164789,257137 543,578 579,604 1
S 164744,138915 542,582 583,601 4
S 164753,117643 545,578 579,607 5
S 141909,118373 554,577 578,602 4
S 138921,138754 563,581 582,600 5
S 154794,131280 550,577 578,606 1
S 257132,116473 554,590 591,608 5
S 141239,116794 550,591 592,611 5
S 117464,130783 540,564 575,603 1
S 164759,132284 545,578 579,611 2
S 164913,116500 548,569 570,611 5
S 164552,138753 542,568 575,604 1
S 149634,116843 554,576 577,604 1
S 154667,264713 556,574 575,610 1
S 164902,130806 544,573 577,602 1
S 132544,131314 540,559 573,605 5
S 164765,117627 540,582 583,597 1
S 164836,141098 544,572 573,590 1
S 142211,138916 542,565 579,599 2
S 134822,149636 540,560 561,583 5
S 164614,117642 540,575 576,609 5
S 254910,131296 554,574 575,608 4
S 164764,131313 540,581 582,607 5
S 141144,137759 559,578 579,602 2
S 132956,118531 540,569 574,605 3
S 164746,117628 553,571 576,603 5
S 141162,138752 549,591 592,599 5
S 141849,137759 548,587 588,597 1
S 138258,138846 543,559 574,604 5
S 257131,132282 557,586 587,604 4
S 132547,164422 540,558 559,574 2
S 164888,131319 540,582 583,601 1
S 141868,137752 550,584 585,610 1
S 141098,118528 560,579 580,600 2
S 117040,257138 540,557 558,586 1
S 154864,116849 552,578 579,599 4
S 149382,131225 540,571 574,604 2
S 164881,257205 541,578 579,586 4
S 141899,116472 551,582 583,608 2
S 141908,264712 546,586 587,597 5
S 141103,132282 550,589 590,611 1
S 141837,118376 551,585 586,608 3
S 154823,118527 542,585 586,598 2
S 164759,137749 551,571 572,610 1
S 141855,103100 556,577 578,600 2
S 141907,117631 558,573 574,610 1
S 164835,138749 541,575 576,607 4
S 164882,138855 542,577 578,600 3
S 141239,131377 554,587 588,604 1
S 103060,154863 540,554 555,586 2
S 141687,131317 556,582 583,610 4
S 141906,137748 558,575 576,603 2
S 140951,264711 549,593 594,612 1
S 154863,138843 556,573 581,597 1
S 141898,131297 557,576 577,608 2
S 142211,116794 540,566 581,597 5
S 164733,132286 540,583 584,609 4
S 132555,116849 540,564 567,611 4
S 164422,138754 549,576 577,602 1
S 257131,138843 550,593 594,612 5
S 141193,131225 560,581 582,601 2
S 262094,141156 540,564 565,592 3
S 154635,102975 555,576 578,600 2
S 135190,138915 540,572 573,610 2
S 138922,102977 553,592 593,600 4
S 164552,131317 540,575 576,611 4
S 117041,141898 540,566 567,574 4
S 134882,141101 540,566 567,584 4
S 137306,141847 540,563 564,587 3
S 164879,117639 547,574 578,600 2
S 141103,103100 552,586 587,610 2
S 132545,141837 540,568 569,588 4
S 134541,141900 540,567 568,584 4
S 154854,131319 557,572 573,607 3
S 154853,132283 554,574 575,606 4
S 149386,257159 541,568 569,581 4
S 117039,130816 540,560 580,598 3
S 135202,131219 540,560 578,601 4
S 164678,141834 545,569 570,586 5
S 257139,130814 557,588 589,609 2
S 257158,118527 554,588 589,598 5
S 117021,254910 540,566 567,576 2
S 141152,117641 553,585 586,598 3
S 164889,118498 542,577 578,607 3
S 141897,116515 549,583 584,597 4
S 137306,138921 540,573 578,601 1
S 138918,130783 557,588 589,610 5
S 164758,118453 543,580 581,599 3
S 103069,131310 540,555 581,598 4
S 116088,141163 540,560 561,592 3
S 164834,103079 540,576 577,610 2
S 253311,130816 545,567 578,601 1
S 257160,116472 549,593 594,608 4