D 146485
C 12
S 114118,97593 571,587 652,695 1
S 145548,109351 540,578 579,600 2
S 108941,97130 565,608 659,687 5
S 104445,53535 581,609 613,634 4
S 256449,273538 545,567 658,688 3
S 54830,95440 603,638 661,686 3
S 94816,146497 599,641 661,686 2
S 109351,101027 565,595 596,624 5
S 146473,53522 540,563 609,640 2
S 266458,146526 598,635 657,690 3
S 97418,110655 591,622 661,685 4
S 108332,54623 584,599 666,681 2
S 97409,146510 599,616 656,691 3
S 108329,97129 583,598 663,683 2
S 107501,54830 583,606 607,641 2
S 104717,94864 582,607 608,633 3
S 273202,54565 614,631 663,684 5
S 145149,95433 540,582 654,693 3
S 144321,94501 555,574 597,626 1
S 95023,54565 599,632 666,681 4
S 104443,94717 574,617 618,637 2
S 97499,273527 594,614 661,686 5
S 144321,113232 556,572 661,686 4
S 146484,145427 540,559 560,574 2
S 94501,256278 599,625 664,682 3
S 144151,95020 547,590 604,625 4
S 109438,53432 563,584 661,685 4
S 94819,111767 604,634 657,690 4
S 94801,146488 612,628 664,683 3
S 104310,54831 574,619 620,642 3
S 53522,95442 611,637 657,690 5
S 113722,113425 541,580 659,688 1
S 104312,94816 577,616 617,638 1
S 146478,97416 540,564 590,623 4
S 54830,54576 610,631 661,686 5
S 146530,101133 540,570 589,613 3
S 263574,101127 571,599 600,612 3
S 266458,113230 607,626 665,682 2
S 101133,53451 584,618 657,689 5
S 97418,53502 596,617 618,644 4
S 101123,53447 592,611 616,638 1
S 145148,54634 541,582 653,693 2
S 113718,94928 542,576 599,634 1
S 104312,54808 581,611 612,643 4
S 97494,94798 592,616 617,627 5
S 94799,53453 611,630 654,692 2
S 101209,146493 577,618 659,688 2
S 256451,54826 540,573 605,638 1
S 146461,144320 540,566 567,579 5
S 113173,114118 540,567 568,597 5
S 113171,108942 540,571 576,599 1
S 113174,113230 540,566 661,686 5
S 53292,113177 619,634 665,682 1
S 109296,53445 566,598 617,637 5
S 101175,95070 581,617 618,637 4
S 145147,113231 549,577 656,691 4
S 101127,54804 584,619 620,638 2
S 107502,94489 575,613 614,618 4
S 53445,95443 613,642 664,682 1
S 109247,97416 571,596 597,619 2
S 144321,95434 554,575 654,692 1
S 144155,111763 546,587 652,695 2
S 101209,53427 582,612 652,694 3
S 146463,146497 540,559 653,694 2
S 101170,273538 577,622 659,687 1
S 101175,97128 580,619 662,685 4
S 97415,94797 589,624 625,629 4
S 109246,97417 571,597 598,624 2
S 104445,263215 584,606 652,695 5
S 94719,54584 600,636 652,694 2
S 94492,54807 599,623 624,633 1
S 54805,111778 609,634 653,693 4
S 256452,97476 547,563 589,621 5
S 54830,113705 600,641 661,686 3
S 97518,53288 586,621 622,637 4
S 54789,146527 611,634 654,692 2
S 144151,98780 553,584 589,629 5
S 53452,111785 612,644 661,686 4
S 104442,94805 574,617 618,642 3
S 146457,95435 540,561 659,687 5
S 113715,94719 545,564 609,626 5
S 113715,104444 546,563 586,605 1
S 107501,146528 574,614 659,687 4
S 146455,109245 540,561 570,599 1
S 145147,111764 553,572 662,684 2
S 256451,94717 547,563 603,631 3
S 145145,53445 542,583 616,639 3
S 98804,95438 603,618 653,693 3
S 109426,273539 564,588 660,686 2
S 104312,53291 583,610 611,648 3
S 109433,146504 554,594 652,695 1
S 145536,262879 540,579 661,686 4
S 114120,98780 563,594 597,621 4
S 94939,95437 596,636 651,696 2
S 104445,53444 573,616 617,639 5
S 54807,146486 611,634 661,686 1
S 108343,95078 579,604 605,631 5
S 109436,54825 561,588 601,641 2
S 101133,113686 592,610 664,683 1
S 99060,146516 599,616 651,695 1