D 53501
C 12
S 76729,97518 565,590 608,628 1
S 273622,92288 540,558 604,631 2
S 101048,94490 554,580 595,640 5
S 93549,53521 552,588 603,633 2
S 94457,76736 550,574 601,635 4
S 94492,93433 545,569 609,627 1
S 94514,94483 540,576 600,636 5
S 97418,76744 552,572 573,591 1
S 53599,94927 540,559 609,627 3
S 94505,101049 541,569 609,627 5
S 93461,94514 556,582 607,629 3
S 95023,76715 540,563 564,603 1
S 95021,93429 540,573 597,639 1
S 76707,93403 558,601 610,625 2
S 94502,93433 545,566 596,640 4
S 94492,94798 548,566 596,640 4
S 95022,93439 540,569 570,577 1
S 94501,54828 540,572 597,639 4
S 94504,93601 540,570 571,579 3
S 99059,269494 540,582 583,595 1
S 94502,76729 542,569 570,595 5
S 76744,53521 558,599 600,638 2
S 98802,94817 543,571 598,637 3
S 76716,76737 573,588 605,631 4
S 93571,94482 559,576 604,631 3
S 94514,266458 540,575 599,636 4
S 101519,94941 563,586 604,632 2
S 76297,93435 560,601 602,635 4
S 54828,97519 540,554 597,639 1
S 94798,98802 540,568 605,631 1
S 101539,92287 557,589 599,636 2
S 54828,94716 540,558 604,632 1
S 101485,94876 562,582 604,632 4
S 94876,97418 540,564 598,637 3
S 94819,97512 540,558 608,628 3
S 76716,266458 563,598 607,628 2
S 54789,76717 540,560 601,635 4
S 101496,54808 559,585 607,629 2
S 94715,98770 542,558 608,627 3
S 95101,101539 543,565 566,595 3
S 98905,101038 541,576 601,634 1
S 97409,101545 548,574 575,593 2
S 95076,97512 540,575 598,637 1
S 53599,94501 540,566 567,574 4
S 95078,54789 540,574 606,630 2
S 94875,97518 540,568 597,638 1
S 94467,94863 544,578 605,631 1
S 76296,101504 560,601 602,638 3
S 95075,94939 541,566 607,629 5
S 93437,94717 550,587 597,639 1
S 93602,95022 559,574 598,637 5
S 76743,101037 558,598 604,631 3
S 54789,101540 540,553 560,586 2
S 76730,94466 567,588 597,639 2
S 94875,94456 540,561 562,576 5
S 94927,94717 540,565 600,635 5
S 101504,94514 556,588 606,629 1
S 93651,97499 554,575 596,639 2
S 94490,101520 546,569 603,633 2
S 101047,54804 546,589 595,640 1
S 95020,54831 540,571 607,628 1
S 93569,97493 547,590 607,629 4
S 54803,94715 540,566 602,633 1
S 97417,54804 545,579 602,633 3
S 273622,94505 540,555 556,577 3
S 76749,97512 558,600 605,630 2
S 76709,76720 560,599 600,636 5
S 101539,97494 556,591 597,638 2
S 94733,101523 540,562 608,627 3
S 94714,94484 540,571 603,633 3
S 98949,101546 541,579 580,590 2
S 93071,95022 565,585 595,640 5
S 76745,101542 563,594 604,631 2
S 101485,54804 560,585 609,626 3
S 94514,94874 547,562 605,630 4
S 101539,93431 561,585 598,637 4
S 93549,94457 552,587 596,640 1
S 273623,97499 540,554 600,636 1
S 93072,94805 559,591 608,628 1
S 53535,93071 540,558 567,583 1
S 273625,94466 540,552 553,580 5
S 101516,92286 565,584 599,637 2
S 76297,94941 571,590 599,636 3
S 76736,54789 560,594 604,631 5
S 99059,93402 545,575 576,590 5
S 98804,93546 540,576 577,590 2
S 93547,101053 559,581 597,638 3
S 92289,99059 558,593 610,625 3
S 94456,76697 545,581 582,596 5
S 76707,101049 558,602 603,637 2
S 95020,94715 542,562 608,627 4
S 54806,94456 540,561 598,638 1
S 94801,97479 540,566 567,585 5
S 97508,97418 544,587 601,634 4
S 76297,98768 571,591 599,637 1
S 94798,94880 540,566 606,629 4
S 76744,101542 561,595 607,629 2
S 93569,76746 551,585 586,587 4
S 101519,97494 561,587 609,626 4
S 53518,93430 540,553 596,640 5