D 177404
C 9
S 181223,216620 540,563 564,582 3
S 223107,184535 555,576 577,603 4
S 194786,211477 540,565 577,602 4
S 216620,184464 552,570 577,602 1
S 209712,195145 540,571 576,603 3
S 211477,211474 545,571 575,604 3
S 184362,181168 540,561 569,609 1
S 195145,194817 544,563 575,603 3
S 184490,194814 540,559 575,604 5
S 211370,194813 540,576 577,608 3
S 180899,211565 540,560 578,600 3
S 194808,211477 540,566 576,603 2
S 209640,180905 540,574 575,612 2
S 223116,223106 554,578 582,597 1
S 211571,180903 552,567 578,600 4
S 194822,223163 540,570 571,575 3
S 184462,209482 540,563 576,603 1
S 184526,211363 540,562 571,608 2
S 184509,237977 540,569 570,577 2
S 209642,211475 540,571 574,604 4
S 195144,195144 540,575 578,601 1
S 184362,184533 540,560 581,597 5
S 211368,216748 547,564 574,605 5
S 223162,223097 543,588 589,598 3
S 209642,180903 543,567 575,603 3
S 184491,211375 540,555 556,569 3
S 184513,211581 540,559 560,575 4
S 184494,216618 540,555 580,598 2
S 177406,216748 540,548 574,604 4
S 184534,194823 540,564 575,603 1
S 216619,181171 549,573 579,599 2
S 209710,184463 541,570 578,600 4
S 223183,211363 543,586 587,600 2
S 216622,180898 547,577 579,599 1
S 211369,223115 540,573 574,610 2
S 216627,194810 546,577 578,600 1
S 223163,184510 556,574 575,608 2
S 223114,194823 551,582 583,609 1
S 223113,211472 552,580 581,609 3
S 191032,184493 541,559 567,612 1
S 191031,184365 541,558 568,610 4
S 211477,184365 543,573 575,604 2
S 237979,184361 546,580 581,611 2
S 209640,223182 540,575 576,587 2
S 223163,211581 544,587 588,602 3
S 223114,194794 558,575 580,599 2
S 184364,211375 540,556 576,602 5
S 177478,209454 540,549 550,567 5
S 211591,209641 549,572 573,606 4
S 211474,184491 546,572 573,606 1
S 211381,180899 541,573 574,606 5
S 209456,216574 541,565 572,606 1
S 223184,209454 544,585 586,611 2
S 191031,194794 540,566 580,598 4
S 211369,191033 540,577 578,609 3
S 211590,209642 552,568 579,599 1
S 181173,216622 540,563 564,569 4
S 194810,184526 540,573 574,604 5
S 184461,180903 540,558 569,610 1
S 209710,184541 540,571 572,607 5
S 184490,194808 540,555 578,601 2
S 180907,211590 540,551 552,573 5
S 211580,181168 540,582 583,604 3
S 209712,209456 545,566 573,605 3
S 211477,209640 546,571 577,601 2
S 184365,209711 540,555 579,600 5
S 211581,184493 540,582 583,602 5
S 211474,223094 549,569 580,598 3
S 177406,194787 540,557 573,605 3
S 223185,181170 546,582 583,606 4
S 211385,211476 544,571 578,600 3
S 181171,209642 540,563 582,597 1
S 211363,184536 540,578 579,611 4
S 237978,216572 547,579 580,611 3
S 184491,211364 540,567 582,597 1
S 237978,180896 555,572 573,611 2
S 194792,211386 543,558 572,607 3
S 211476,184494 543,574 575,612 5
S 184365,211564 540,566 578,601 3
S 211379,194823 548,565 580,599 1
S 209710,184533 540,572 579,600 1
S 211583,180903 540,580 581,608 4
S 211471,211363 544,575 577,601 2
S 216734,211474 547,578 579,602 4
S 209483,181168 545,562 570,609 5
S 223184,180906 549,580 581,611 3
S 184535,223105 541,556 569,610 3
S 191033,184513 540,572 573,609 1
S 211590,211475 550,570 580,598 2
S 181166,191027 540,556 574,605 3
S 177402,211381 540,559 567,611 4
S 191027,216574 540,571 575,604 2
S 237980,191026 545,581 582,598 5
S 237976,223105 548,580 581,609 3
S 216620,223091 542,581 582,598 1
S 237977,194821 550,577 579,599 4
S 191033,177479 540,559 567,611 3
S 211589,180907 550,570 571,608 4
S 184511,180899 540,557 570,609 3
S 223163,209643 548,582 583,597 5