D 155450
C 10
S 131763,129934 540,569 576,603 4
S 141322,131670 540,559 569,609 4
S 129924,129930 549,564 581,597 1
S 129859,129861 540,575 579,599 2
S 128897,129870 540,568 582,597 3
S 155447,119632 540,562 574,604 3
S 120071,119849 553,570 573,606 5
S 119754,149871 545,584 585,601 5
S 119709,121056 547,582 583,601 1
S 155423,119877 540,562 563,576 2
S 140568,119884 540,569 570,612 3
S 121080,119703 540,575 576,582 2
S 154373,131761 540,554 581,598 3
S 129851,131759 540,577 578,607 3
S 129855,141409 540,576 577,611 5
S 119870,141427 551,575 577,601 2
S 149899,120031 540,558 559,581 4
S 154373,128898 540,564 573,605 1
S 119709,129854 552,578 579,604 4
S 129903,120085 542,575 578,600 2
S 154389,119805 540,553 554,571 4
S 120076,128897 547,575 576,607 1
S 119706,120085 549,582 583,599 1
S 119754,129909 556,572 579,600 1
S 141369,131553 540,569 570,610 3
S 132142,129908 540,571 572,607 5
S 120034,149846 545,580 581,611 3
S 149883,119848 540,559 580,599 5
S 155155,129851 540,563 564,570 4
S 132146,119754 540,572 573,579 3
S 120036,154387 550,575 576,604 3
S 129871,119849 540,580 581,599 1
S 120041,129873 543,582 583,597 1
S 119707,119842 556,575 577,602 3
S 155446,155157 540,556 569,610 1
S 129917,149898 548,568 570,609 3
S 129903,140607 546,571 575,604 3
S 119876,119868 553,574 575,608 1
S 155423,129851 540,564 567,611 4
S 129909,120085 550,567 577,602 3
S 155432,129917 540,556 557,572 5
S 121075,155314 544,565 574,605 2
S 132037,155156 540,562 567,612 2
S 120092,140655 541,580 581,607 3
S 141322,141427 540,567 568,611 2
S 129851,129861 540,579 580,601 3
S 119700,128897 545,586 587,599 5
S 129840,120066 540,579 580,600 1
S 119634,129860 554,579 580,607 2
S 154294,119632 540,562 577,602 2
S 129872,119813 540,581 582,602 4
S 119877,129909 551,577 579,600 1
S 154293,154377 540,557 578,601 3
S 155387,120628 540,561 572,607 4
S 120106,119877 554,569 572,606 3
S 120038,120748 540,585 586,597 2
S 155418,119882 540,558 572,607 1
S 129860,129860 540,579 580,604 4
S 120040,129851 551,573 575,604 5
S 154293,120747 540,553 580,598 5
S 121078,140541 540,573 574,609 1
S 155430,141444 540,550 574,604 2
S 155432,119630 540,556 572,606 4
S 120697,154372 546,566 581,598 5
S 155419,120053 540,557 571,607 4
S 120745,140607 541,570 576,602 2
S 131760,140680 540,573 578,601 1
S 155422,129858 540,559 560,576 4
S 129887,119802 548,571 580,599 5
S 120707,129908 545,566 578,601 5
S 141306,120065 540,558 580,598 1
S 120036,119841 544,581 582,607 4
S 129880,120629 549,569 570,611 1
S 139044,129926 542,557 576,602 2
S 141444,155313 540,560 573,605 1
S 119712,155419 552,578 582,597 2
S 129852,140670 547,567 570,608 2
S 120107,149870 546,578 579,612 3
S 154373,119708 540,561 562,579 3
S 149882,119841 540,560 577,602 3
S 155152,119877 540,559 560,578 2
S 120088,132122 546,575 576,605 4
S 131777,119700 540,566 567,578 3
S 129887,119704 540,580 581,603 4
S 149882,129902 540,555 556,580 2
S 132142,141376 540,571 572,608 3
S 155431,141406 540,552 574,604 3
S 155384,132052 540,565 578,601 5
S 120079,132052 549,574 580,598 1
S 155386,140680 540,563 575,604 3
S 141322,128897 540,571 574,605 1
S 149845,140608 540,563 578,600 1
S 132044,119633 542,561 562,587 3
S 119870,119837 545,582 583,599 3
S 119702,131761 555,577 578,602 1
S 140568,120105 541,559 560,569 5
S 155431,121069 540,558 559,566 1
S 129924,154377 540,579 580,610 1
S 120079,141527 554,569 570,608 1
S 121069,129861 542,568 581,598 2