D 165993
C 11
S 131132,267423 540,573 574,599 1
S 132285,261795 540,567 570,602 1
S 88805,149665 548,577 578,603 2
S 267259,137806 542,576 577,607 4
S 154599,149665 540,555 570,601 1
S 88799,141140 552,571 573,599 1
S 140929,87924 540,565 566,573 4
S 137685,131110 540,561 565,607 5
S 154599,88801 540,563 564,607 1
S 165904,261810 540,553 554,577 5
S 130530,130529 543,564 575,597 2
S 87805,154971 556,573 574,601 2
S 154901,87918 540,560 576,595 5
S 91037,118852 546,570 571,607 2
S 141686,267258 540,553 554,575 5
S 165996,118853 540,547 569,603 4
S 165997,131381 540,561 562,563 3
S 118815,149665 545,566 568,604 5
S 267431,132291 549,575 576,598 4
S 165995,131113 540,561 568,603 3
S 130422,130429 541,567 568,608 3
S 131383,165988 540,564 566,606 2
S 166001,131113 540,555 575,597 2
S 138695,137667 540,556 577,594 2
S 89342,149726 545,575 578,593 5
S 165905,118815 540,559 560,564 5
S 89353,141059 548,573 574,598 3
S 149660,91516 540,561 567,605 3
S 165797,261807 540,557 575,597 4
S 118852,154959 540,576 577,602 5
S 131134,89432 540,574 575,605 1
S 91036,91524 544,571 578,593 5
S 88799,130429 554,569 570,608 4
S 87854,164343 550,577 578,597 3
S 149665,91522 540,566 567,608 3
S 87804,131376 543,586 587,604 5
S 141101,130529 540,568 575,597 2
S 91052,141020 542,574 577,594 4
S 154598,137666 540,562 576,595 2
S 87804,141021 549,579 580,602 1
S 130459,131377 546,561 568,603 1
S 149662,149697 540,554 571,601 3
S 141686,88811 540,567 571,600 1
S 130887,137806 540,565 570,602 4
S 130883,131377 541,563 569,603 3
S 88837,131124 547,575 578,593 2
S 131383,130530 540,566 571,601 3
S 88800,87802 540,583 584,605 3
S 89342,149724 543,577 578,603 5
S 87806,88814 542,587 588,595 1
S 165993,118860 540,561 562,571 1
S 165996,267430 540,553 554,578 5
S 267256,89419 540,582 583,594 1
S 87804,261807 546,583 584,608 2
S 137790,88794 540,560 577,595 3
S 141101,88837 540,556 557,570 2
S 87924,141022 548,578 579,595 5
S 165994,89343 540,555 556,569 5
S 87854,149660 553,575 576,598 2
S 91074,130531 549,566 567,608 5
S 88839,261756 547,575 577,594 3
S 131382,88800 540,568 569,580 3
S 89347,131110 545,574 575,599 2
S 261794,88811 546,565 569,603 1
S 91499,89418 548,565 574,597 2
S 118858,261777 540,570 575,596 5
S 140922,137669 540,566 567,608 2
S 165904,89350 540,553 554,581 3
S 261776,89361 540,576 577,605 5
S 131133,130516 543,560 571,600 2
S 140978,87927 540,565 566,584 1
S 166001,138683 540,562 576,595 4
S 261809,261788 540,574 575,603 1
S 141107,137810 540,560 566,606 3
S 154958,154914 540,555 574,597 5
S 149725,89451 540,561 562,573 3
S 140922,149697 540,570 571,606 3
S 131094,154599 540,573 574,601 2
S 266990,149665 546,568 569,608 4
S 165988,89362 540,563 570,601 3
S 261810,118859 540,577 578,602 4
S 261793,131219 544,568 576,596 5
S 261793,130515 540,578 579,604 1
S 88813,89417 547,579 580,600 4
S 149662,131113 540,555 577,595 2
S 165796,261824 540,550 570,601 1
S 154904,91516 540,559 569,602 2
S 88814,261775 546,579 580,600 2
S 88813,149664 541,584 585,596 4
S 141095,149726 540,564 569,602 2
S 131186,253364 540,569 570,607 1
S 131130,130514 540,565 569,602 1
S 267253,88799 540,578 579,596 2
S 137703,88812 540,565 568,603 2
S 267430,261754 541,582 583,607 3
S 130513,137668 540,572 577,595 1
S 165994,131219 540,550 565,606 1
S 87924,91512 544,582 583,595 4
S 131417,131376 540,563 574,597 3
S 166000,141117 540,550 577,595 2