D 176407
C 10
S 143687,77424 540,578 609,645 2
S 176445,101964 540,554 615,639 1
S 176418,143682 540,558 559,565 1
S 114660,101768 559,579 611,644 5
S 176419,136436 540,551 552,569 5
S 77429,77486 566,594 608,647 3
S 148793,103631 544,565 616,639 1
S 172125,77305 544,559 569,592 3
S 269326,114975 561,604 610,644 5
S 76552,172070 569,601 615,640 3
S 133914,77519 542,585 586,592 5
S 176102,172367 540,558 609,646 5
S 133778,76555 549,578 606,649 2
S 76590,176131 565,601 605,650 5
S 143685,101768 540,577 578,590 1
S 176408,101775 540,559 617,637 1
S 176408,133676 540,562 610,645 3
S 114976,269327 553,582 609,645 2
S 143681,115427 540,572 573,575 5
S 102277,77425 555,590 609,645 3
S 115596,269326 557,575 576,595 4
S 143047,101964 540,578 579,583 4
S 115233,101787 544,589 618,636 1
S 133668,176131 543,586 613,642 2
S 185437,75953 540,551 615,639 2
S 133906,101775 550,574 605,650 4
S 103827,172367 551,588 618,637 4
S 115450,172373 551,581 611,644 4
S 77438,77518 572,588 612,643 4
S 76526,136946 574,596 618,636 1
S 76171,133777 577,593 615,640 2
S 136949,77487 547,571 611,644 2
S 143683,115451 540,573 574,587 1
S 133909,77485 546,580 616,638 3
S 76585,136946 575,591 619,636 2
S 143684,76033 540,575 576,598 3
S 133671,269316 557,572 611,643 4
S 101787,133777 556,590 620,635 4
S 172082,77518 541,565 566,593 3
S 176397,102277 540,565 566,584 1
S 133667,103681 551,578 608,647 5
S 77521,77487 568,590 617,637 2
S 172365,76589 544,559 573,594 5
S 102293,172359 557,586 612,643 5
S 176408,115451 540,560 615,640 3
S 103634,176149 559,583 618,637 5
S 101783,172383 565,583 611,643 1
S 136437,176409 549,574 607,647 5
S 101783,77310 555,593 619,635 1
S 176382,76033 540,555 615,640 3
S 115235,136946 547,588 612,642 4
S 77518,101787 569,587 612,643 4
S 143029,171784 548,570 610,645 1
S 101964,176149 563,582 613,641 1
S 269327,172455 562,603 620,635 4
S 101961,103833 563,582 619,636 4
S 172363,76032 543,558 612,642 4
S 77514,77305 558,597 614,640 1
S 101784,77514 559,589 613,642 5
S 115428,77308 557,575 608,646 2
S 172124,101766 542,560 606,649 5
S 176385,77306 540,557 616,639 4
S 176397,115428 540,561 562,576 2
S 133624,114764 555,575 614,641 1
S 133913,143665 543,583 613,642 3
S 136440,76556 544,579 611,643 3
S 101775,176409 557,592 613,642 5
S 101787,172128 551,596 617,638 3
S 101961,176131 561,583 620,635 5
S 143679,133914 540,576 620,635 2
S 115235,143085 558,576 615,639 4
S 176133,114911 540,564 615,639 2
S 172436,176172 540,562 619,635 4
S 143080,136948 540,579 614,641 2
S 143029,101961 550,568 569,593 3
S 77305,176131 570,592 618,636 4
S 92213,115234 554,598 608,647 4
S 103830,76584 558,581 618,637 3
S 172365,77310 540,566 568,596 2
S 176109,77424 540,559 566,594 3
S 115235,77433 554,580 581,598 1
S 77521,101962 561,596 606,649 3
S 115236,76035 554,581 582,603 4
S 176110,77517 540,570 620,635 5
S 172443,76552 542,557 618,636 5
S 115428,77425 544,588 612,642 4
S 76559,133907 569,597 613,641 5
S 77308,269315 571,592 605,649 3
S 171830,77521 540,573 611,643 3
S 76037,136435 571,601 618,637 1
S 176408,77426 540,556 614,641 3
S 176240,143078 540,557 558,576 1
S 136947,136509 540,581 617,638 1
S 103631,172368 558,584 608,646 1
S 102281,115596 556,588 617,637 5
S 77426,114912 561,600 606,649 2
S 133906,103828 541,583 609,646 2
S 136946,148864 549,570 613,642 4
S 176252,114660 540,560 611,643 3
S 136511,75952 545,576 577,600 1