D 10297
C 11
S 10302,10254 540,558 636,655 2
S 10560,6519 540,570 575,610 5
S 6426,6449 576,603 630,661 3
S 6515,5579 573,610 624,667 1
S 10720,11322 540,564 565,583 1
S 10074,6195 540,561 566,590 5
S 10304,6132 540,564 630,660 3
S 10546,9096 540,570 571,585 5
S 10665,11134 540,565 633,658 1
S 11609,11144 540,581 636,654 4
S 10726,8380 540,558 580,601 5
S 6552,9137 585,603 623,667 5
S 10073,8399 540,550 578,599 2
S 10322,10627 540,567 636,655 3
S 10720,9154 540,561 630,661 4
S 10692,9096 540,568 569,586 1
S 10330,9227 540,561 634,656 5
S 21484,10679 540,571 631,659 2
S 9282,12113 545,585 586,599 2
S 12092,8874 568,603 627,663 5
S 10291,10627 540,551 627,664 1
S 10695,10085 543,562 630,660 5
S 10318,5325 540,560 633,658 5
S 11620,9107 543,577 578,586 3
S 11938,6423 557,595 630,660 3
S 9303,10561 551,575 626,664 5
S 10295,11347 540,551 561,579 2
S 11609,9210 551,569 625,666 3
S 10733,11935 540,555 566,587 3
S 11256,8924 556,589 590,596 1
S 8893,10630 569,601 623,668 3
S 21481,6131 542,570 633,658 4
S 6210,10587 569,591 632,658 3
S 11935,6150 557,597 631,660 4
S 10290,10629 540,561 623,667 2
S 8807,6233 568,593 627,664 4
S 9274,8742 550,582 631,659 5
S 8399,6221 580,597 632,658 2
S 11310,9161 559,577 625,666 1
S 8863,9197 576,591 633,658 4
S 11133,5579 540,578 631,659 3
S 8810,9138 571,591 637,654 3
S 8822,5211 572,592 624,666 1
S 21465,10266 540,575 629,661 3
S 10313,8811 540,557 569,594 4
S 11101,11338 540,576 577,585 4
S 8891,10633 573,599 623,667 4
S 11323,8406 547,590 591,606 4
S 11935,6133 569,585 636,655 4
S 9108,6221 564,584 635,655 4
S 6208,6232 561,598 626,664 2
S 11337,4128 547,592 593,606 1
S 10078,6222 540,548 624,666 5
S 11136,6218 542,575 636,655 5
S 8924,10591 565,601 632,659 2
S 11352,10682 549,591 633,657 5
S 10732,282154 540,564 629,661 4
S 21483,8744 540,577 633,657 5
S 11353,10490 556,585 625,666 4
S 11604,6571 552,571 635,656 3
S 6197,6488 561,597 631,660 5
S 11936,282157 567,586 633,657 3
S 11935,283457 559,595 634,656 4
S 8864,282163 573,594 630,660 4
S 8406,9166 574,603 623,668 2
S 11366,5211 553,592 633,657 5
S 10660,6550 544,563 585,603 3
S 11096,8739 540,571 575,599 3
S 10548,6403 540,564 634,657 5
S 10290,11145 540,558 634,657 1
S 6540,9318 581,605 635,656 2
S 9096,8389 558,593 594,598 4
S 11357,10593 563,580 631,660 5
S 11146,8905 546,573 574,598 3
S 6519,9136 574,612 635,656 2
S 6540,6541 575,610 627,664 5
S 10295,9134 540,562 636,655 2
S 10080,6515 540,559 584,600 2
S 8295,10581 582,610 636,654 5
S 11135,9097 546,570 571,584 2
S 11367,5229 552,593 631,660 3
S 11938,11168 563,589 623,667 5
S 8807,10560 569,592 624,667 5
S 6541,6267 575,611 625,665 3
S 9300,6426 555,571 624,667 4
S 8925,6450 571,595 624,666 2
S 6551,5748 579,610 623,667 5
S 11356,6232 558,584 637,654 2
S 9275,6413 547,583 628,663 5
S 11135,11142 540,578 634,657 2
S 10721,11170 540,566 567,575 2
S 9281,6151 549,581 623,667 5
S 10318,9169 540,561 627,663 2
S 10317,5580 540,555 623,668 3
S 11116,10593 542,568 626,664 1
S 10077,8815 540,561 573,592 2
S 10727,11147 540,569 570,578 4
S 10294,8406 540,550 573,603 1
S 9096,11134 564,588 632,658 1
S 9272,11136 556,577 626,664 1