D 105471
C 8
S 99118,52426 540,576 577,599 2
S 52425,56464 570,585 628,653 3
S 105472,100343 540,549 628,653 1
S 72107,56270 577,606 626,655 3
S 93623,105337 545,577 628,653 1
S 105486,56125 540,554 555,583 1
S 72463,100463 581,603 627,654 2
S 56424,93240 570,600 628,653 1
S 100358,52093 540,563 621,661 4
S 105356,100454 540,565 624,657 1
S 105491,105327 540,552 625,657 5
S 92436,56515 557,588 627,655 4
S 100386,105487 542,563 622,660 4
S 92538,56225 545,588 618,663 3
S 55994,105357 556,573 630,652 4
S 56124,265661 545,588 621,660 1
S 105381,52247 540,559 621,661 5
S 97490,56464 540,579 580,595 1
S 56249,72273 564,584 625,657 5
S 56271,92494 555,596 621,660 3
S 105386,266586 540,552 627,654 3
S 72458,265637 578,605 626,656 1
S 266586,72305 548,570 573,593 4
S 266587,92459 540,578 624,658 2
S 55996,72088 542,587 631,650 4
S 52426,72108 563,593 594,611 3
S 92500,52433 548,589 625,656 5
S 100371,71984 540,563 629,652 1
S 105485,100372 540,550 551,566 5
S 105325,72312 540,568 621,660 5
S 56268,93165 561,590 632,649 2
S 72315,99144 575,592 633,648 4
S 105389,266625 540,550 551,583 1
S 56125,56464 556,577 578,600 1
S 99097,56260 540,572 573,587 3
S 72275,72249 569,595 627,654 1
S 55994,56204 553,577 628,654 2
S 52310,99125 565,594 633,648 2
S 93630,72456 552,569 578,605 3
S 56461,100366 573,602 625,656 5
S 99117,56249 540,574 629,653 2
S 52269,56122 564,596 629,653 1
S 92538,52317 553,580 629,652 2
S 56373,100807 576,593 618,663 2
S 266586,265639 543,575 631,650 3
S 93622,97457 552,569 626,656 3
S 72465,93238 584,599 623,659 1
S 52246,266622 571,591 622,659 2
S 105335,72462 540,561 575,609 4
S 56250,71986 565,582 630,651 1
S 100330,72303 540,560 619,662 2
S 92496,56373 546,591 632,649 1
S 56267,71984 552,597 598,600 2
S 52269,100459 569,590 627,654 5
S 52426,56219 557,599 618,663 3
S 72107,100421 582,601 624,658 2
S 72271,265245 567,596 624,657 4
S 266588,100343 542,576 628,653 4
S 52268,72456 560,599 624,658 3
S 52433,72457 559,595 596,612 2
S 93627,52095 544,578 618,663 5
S 52425,100339 565,590 628,653 2
S 52309,100341 559,598 625,656 1
S 93641,52249 541,580 581,590 3
S 93628,56529 540,581 625,656 3
S 97394,266586 545,566 628,653 1
S 99140,100421 540,574 628,653 1
S 52423,56267 563,592 630,651 4
S 266624,72247 541,585 619,662 3
S 56423,56120 574,597 623,659 2
S 105354,265638 540,560 561,569 1
S 100465,105326 540,566 624,657 2
S 72249,72286 572,597 622,659 4
S 52422,52323 566,589 624,657 3
S 56268,56485 559,592 593,605 4
S 92532,72454 560,576 581,602 5
S 92537,52249 559,574 625,657 2
S 92458,97476 552,591 631,650 2
S 72249,105376 576,592 632,650 1
S 72310,72109 563,604 633,649 1
S 105386,52310 540,559 566,592 3
S 105328,105389 540,559 633,648 1
S 93638,72338 540,579 580,606 4
S 100343,105355 540,570 629,652 2
S 105374,266631 540,557 558,577 1
S 52314,99124 565,593 619,662 3
S 72463,92500 572,611 626,656 1
S 105372,93655 540,559 560,580 4
S 72109,100447 578,604 629,652 5
S 72085,52434 569,612 624,658 2
S 98860,93635 542,565 621,660 5
S 92437,56537 557,589 590,598 4
S 92453,52434 562,582 629,652 2
S 97458,105337 542,570 630,652 4
S 105384,56373 540,558 572,598 5
S 71987,92582 577,602 627,655 1
S 100345,100458 540,561 620,661 1
S 92500,92452 560,577 621,660 5
S 93622,100419 547,573 619,663 5
S 97490,99178 547,569 625,657 4