D 32473
C 8
S 18245,18079 540,567 612,645 3
S 13789,32463 546,583 611,646 2
S 6571,17889 558,603 618,639 5
S 13452,8209 551,591 619,639 3
S 278241,18086 541,564 619,639 4
S 3901,281675 574,597 611,647 2
S 13009,17680 552,569 607,651 3
S 18244,13034 540,555 556,578 4
S 4130,17873 565,596 606,651 3
S 13786,8293 557,574 575,598 4
S 18549,8059 541,568 612,645 4
S 8323,4095 570,587 606,651 2
S 30707,13361 542,557 561,576 5
S 33698,8039 540,556 611,647 1
S 4257,8059 575,593 610,648 5
S 18362,32426 540,578 613,645 3
S 13449,4134 560,582 583,591 2
S 18244,4234 540,561 566,605 5
S 33701,18368 540,556 557,574 2
S 13499,4072 557,579 613,644 1
S 13180,4093 563,585 617,640 5
S 13784,282851 551,579 616,642 4
S 13286,17687 567,583 607,651 4
S 30691,13784 540,568 569,573 5
S 33701,13932 540,556 621,636 1
S 13075,18080 560,575 618,639 4
S 13395,18092 559,587 619,639 1
S 4233,17678 570,600 612,646 2
S 13213,3899 567,585 586,606 4
S 33700,8036 540,556 612,645 3
S 4140,4028 575,590 614,644 5
S 18370,13462 540,578 579,590 4
S 13038,8212 543,585 617,640 3
S 13910,4102 549,569 621,637 4
S 18500,3901 546,564 567,605 1
S 278237,13286 540,564 565,597 1
S 4233,4095 571,599 617,641 5
S 13463,6598 548,590 612,646 4
S 4139,12885 564,601 610,647 5
S 13041,30781 549,579 609,648 4
S 33669,13933 540,562 611,647 1
S 13069,4066 550,584 616,642 1
S 30687,17681 540,566 619,638 2
S 284022,32426 562,603 617,641 3
S 13462,4240 557,581 617,640 4
S 278307,13196 540,571 572,591 4
S 18483,4140 543,569 617,640 5
S 6571,32427 563,597 608,650 2
S 13391,4139 560,585 607,650 5
S 13029,32460 542,584 608,649 2
S 13213,4238 560,592 619,638 1
S 13011,284017 540,582 616,642 5
S 18366,4088 544,573 607,650 4
S 284021,13933 572,593 615,642 5
S 13458,32427 557,583 614,644 3
S 13024,4132 540,584 585,593 4
S 33691,32463 540,557 616,641 3
S 278237,17873 540,572 613,645 2
S 13208,8016 562,590 607,650 5
S 30671,8205 540,571 607,651 2
S 33694,17874 540,555 611,646 3
S 13023,4095 554,569 615,643 2
S 4129,4093 573,589 619,639 2
S 18502,7978 548,564 614,644 2
S 18504,18083 540,573 608,649 5
S 18360,284018 540,578 616,642 4
S 13013,282828 547,575 576,598 2
S 18366,17684 547,569 618,640 5
S 13024,4252 543,580 616,642 2
S 13033,18083 549,577 611,646 1
S 3899,4061 566,607 618,640 2
S 13108,4136 555,582 608,649 5
S 13209,17860 565,588 611,647 2
S 13009,4136 543,579 608,649 5
S 33689,13394 540,559 565,580 5
S 4257,32427 566,601 618,640 4
S 18246,4139 540,559 609,648 1
S 18359,13196 540,579 580,592 2
S 30651,18093 540,567 612,646 1
S 4265,284017 574,594 608,649 2
S 13499,17679 561,576 608,649 5
S 30766,13209 540,554 562,591 2
S 8298,17679 562,595 607,651 4
S 13007,18078 546,575 613,644 2
S 8335,17689 566,590 621,636 2
S 30726,4205 540,559 614,644 5
S 13395,32424 553,593 611,647 3
S 18360,4137 542,573 574,601 5
S 13012,3900 542,581 582,604 3
S 12477,12885 562,592 616,641 5
S 13034,8284 546,580 581,591 2
S 13180,32427 559,590 617,640 5
S 13282,4245 562,586 587,596 1
S 30764,13032 540,560 561,579 3
S 18481,284021 545,568 609,649 3
S 4226,4239 564,605 610,647 2
S 278236,17847 542,562 614,644 4
S 30650,13392 540,558 559,588 1
S 30646,4101 540,568 613,645 3
S 18359,17870 547,567 621,637 4