D 116025
C 12
S 183810,183981 554,584 585,620 1
S 142299,256999 541,562 590,614 2
S 181350,117222 557,574 589,614 4
S 180822,181458 548,580 582,622 2
S 177568,133375 545,582 589,615 4
S 117314,134361 540,562 592,611 5
S 171113,117242 548,576 586,618 4
S 116027,183986 540,560 586,617 2
S 181508,181508 556,579 592,612 3
S 134485,181456 540,563 564,575 2
S 135336,116024 540,572 585,619 4
S 116027,181543 540,553 554,586 2
S 116333,165498 540,550 594,609 4
S 142426,181460 540,573 574,582 2
S 133358,183814 540,569 570,585 1
S 169417,180831 551,570 591,613 3
S 169416,183972 550,572 591,613 1
S 184045,116340 552,593 594,621 5
S 117241,133374 540,558 590,613 4
S 169356,133384 552,568 589,614 1
S 184045,165171 553,591 592,622 3
S 181349,117327 550,581 592,612 5
S 171110,169024 540,585 586,620 2
S 149296,180840 542,565 566,575 4
S 135335,117111 540,563 586,617 1
S 184050,133384 554,589 594,609 4
S 134466,165174 541,557 594,610 4
S 142421,183981 540,568 588,616 5
S 183808,169017 552,586 593,610 2
S 142442,180847 540,570 580,623 5
S 168898,180847 549,568 591,612 2
S 134390,165493 540,560 587,617 4
S 142299,171118 540,571 587,616 2
S 165049,256923 540,573 590,613 2
S 133052,177567 540,557 558,575 4
S 177566,117327 551,576 585,619 2
S 168451,117168 540,576 593,611 2
S 135335,134343 542,559 591,613 4
S 117391,180847 540,554 585,618 1
S 116031,183816 540,561 585,618 4
S 171110,180852 547,579 591,612 4
S 183988,169044 561,582 583,622 5
S 171118,116331 542,581 590,614 5
S 142299,169417 543,560 580,624 1
S 171117,256925 550,573 594,609 5
S 177570,180825 547,578 582,622 5
S 183994,258437 557,585 588,615 5
S 183808,171110 555,582 590,614 4
S 184046,184046 551,593 594,610 4
S 171112,117328 549,576 580,623 1
S 168890,133087 540,577 581,623 5
S 116031,183991 540,549 553,590 5
S 171117,149142 542,582 592,611 2
S 168896,117242 547,569 586,617 1
S 183992,149191 548,593 594,620 5
S 169009,165501 552,568 591,613 4
S 183975,149143 557,583 592,611 1
S 181544,177566 548,587 588,616 3
S 116028,135373 540,560 589,615 3
S 138333,171115 540,571 582,621 1
S 134387,180841 540,567 593,611 1
S 181391,165487 544,588 589,621 5
S 168883,165500 552,567 593,611 2
S 165109,253257 547,563 589,615 3
S 165122,183977 547,564 565,592 3
S 116028,164971 540,560 561,575 2
S 135333,169358 540,571 586,618 3
S 133182,134349 540,557 586,617 5
S 183992,149143 552,590 594,610 5
S 168473,133087 543,573 586,618 2
S 117317,258440 540,560 582,622 4
S 171109,134380 551,574 594,609 1
S 183807,117227 557,580 581,623 4
S 165110,117109 545,565 587,617 4
S 184047,183800 555,589 590,623 2
S 168883,116331 547,571 589,614 5
S 184048,184050 554,590 591,620 3
S 117220,181456 540,559 588,616 3
S 168898,256923 542,575 585,618 3
S 133182,117368 540,562 587,617 1
S 183812,180824 561,578 593,610 4
S 181664,165488 550,586 594,609 1
S 168896,171113 550,567 590,613 2
S 164970,171117 540,570 590,614 3
S 169445,184047 546,577 590,614 5
S 142299,133139 540,568 589,615 5
S 168884,181350 540,578 585,619 1
S 177569,256999 551,575 582,622 5
S 117222,134380 540,550 586,617 4
S 183813,183802 559,580 581,623 1
S 133358,165493 540,567 585,619 2
S 133360,256970 540,559 585,619 2
S 117168,165118 540,554 555,572 5
S 168934,165171 542,576 589,615 3
S 183994,117227 555,587 588,622 4
S 168935,180852 540,579 585,618 4
S 138333,183984 540,573 580,623 5
S 183977,117221 556,585 590,613 4
S 183991,169022 564,579 588,616 5
S 117110,164972 540,561 562,568 5