D 80893
C 11
S 90315,119845 540,567 568,605 4
S 121123,119322 546,580 581,599 5
S 121148,119783 551,580 581,604 1
S 121119,89996 553,574 576,592 1
S 121125,86402 544,583 584,594 2
S 89899,90032 540,569 575,592 1
S 80875,121119 540,557 558,582 2
S 89814,121113 540,565 566,583 4
S 121123,85501 549,577 578,596 4
S 80640,86209 540,559 562,605 4
S 129752,120489 542,572 573,596 1
S 119166,121156 546,563 573,595 2
S 86088,120616 540,566 567,581 1
S 121123,120478 545,582 583,595 1
S 120638,120481 553,569 571,597 3
S 119169,119324 542,566 567,605 3
S 121120,86211 552,573 574,603 4
S 120647,90056 549,570 571,596 5
S 85537,120617 540,566 567,580 4
S 261367,119325 557,573 574,595 2
S 119165,121150 540,576 577,579 5
S 85511,119858 540,564 565,603 5
S 89814,80883 540,561 574,593 1
S 119211,120478 540,574 575,606 1
S 86087,89986 540,568 570,598 5
S 89814,120477 540,572 576,591 5
S 119168,80897 540,570 574,593 4
S 85528,119782 540,558 568,600 2
S 121148,80880 545,585 586,601 5
S 120637,120470 549,572 573,598 4
S 85540,121119 540,569 570,575 5
S 129932,86403 549,568 569,604 5
S 80875,120494 540,557 562,605 4
S 129930,119783 546,571 573,594 1
S 85604,89987 540,570 572,595 4
S 121105,119324 546,578 579,597 1
S 267724,120482 540,559 575,593 5
S 90324,120487 542,564 575,593 4
S 89813,86401 540,573 574,604 5
S 85603,119783 540,560 569,599 2
S 121126,90057 552,576 577,604 4
S 80637,121395 540,558 568,599 4
S 267726,121129 540,559 560,573 2
S 80639,120473 540,554 571,597 5
S 121142,86401 550,579 580,598 4
S 90324,121156 540,573 574,599 3
S 89812,120617 540,568 569,574 4
S 121139,120469 557,572 573,604 5
S 129650,120487 540,573 574,601 5
S 90353,121165 540,575 576,601 5
S 89811,121166 540,564 567,600 3
S 90314,90066 540,570 571,599 4
S 80637,120478 540,554 574,594 3
S 121112,121159 553,573 574,601 5
S 90093,120490 540,575 576,606 2
S 261367,80876 548,583 584,606 5
S 121125,121166 541,585 586,597 4
S 90321,89986 540,568 569,604 5
S 121128,80876 548,580 581,604 5
S 119212,121168 540,577 578,600 5
S 86086,120647 540,561 562,571 3
S 86085,121126 540,563 564,575 3
S 89811,120618 540,570 571,572 1
S 120638,86402 551,571 572,601 3
S 85528,121166 540,556 567,601 5
S 80657,121124 540,557 558,578 5
S 80649,121157 540,556 574,594 4
S 121141,119323 549,581 582,602 1
S 129930,119857 540,581 582,593 1
S 85599,89996 540,555 562,605 2
S 89901,119325 543,560 569,599 1
S 261367,120469 545,585 586,605 4
S 85603,121127 540,566 567,572 5
S 85511,261367 540,558 559,579 4
S 121138,85502 553,576 577,600 3
S 119164,121150 540,572 573,601 1
S 89899,80875 542,561 565,603 3
S 120636,121166 548,573 574,599 3
S 80637,129933 540,556 557,571 1
S 90323,121150 540,565 566,585 2
S 120626,86402 546,572 573,605 2
S 129934,120494 548,569 570,605 4
S 267733,86398 540,564 569,599 1
S 85600,80878 540,567 569,598 4
S 261367,86209 549,582 583,599 4
S 129927,120471 540,577 578,600 4
S 120603,120495 546,578 579,604 2
S 121128,80875 549,579 580,601 1
S 121124,89999 551,575 576,596 4
S 129667,120470 540,575 576,599 4
S 120645,120488 548,573 574,599 1
S 89813,86215 540,568 573,594 3
S 120627,120478 543,575 576,600 1
S 119165,119849 541,568 569,598 5
S 80898,121128 540,554 555,573 4
S 120632,89986 540,580 581,592 4
S 80875,119859 540,563 567,601 5
S 129930,120480 545,572 573,606 4
S 121128,120474 543,585 586,599 4
S 85537,120488 540,554 565,603 1