D 269400
C 9
S 50523,25409 546,586 628,655 4
S 41107,52358 568,588 620,663 3
S 76374,41594 540,565 584,607 4
S 50523,49912 549,584 631,652 3
S 41000,77268 561,601 623,661 2
S 41585,50522 571,601 624,659 2
S 75830,49908 540,574 634,649 1
S 77279,51284 540,565 566,571 4
S 50059,41053 555,577 630,653 1
S 48810,52354 556,588 621,662 5
S 51283,41108 547,580 581,590 5
S 49912,42007 550,588 589,607 3
S 41898,75836 573,612 624,660 2
S 51277,51576 546,579 627,657 3
S 52353,26189 550,568 621,663 5
S 52409,75829 550,566 626,658 2
S 41924,49912 575,605 620,663 1
S 48917,41184 552,596 633,651 5
S 76358,48867 540,572 573,593 2
S 77234,51284 540,562 621,662 1
S 25395,41112 566,598 623,660 2
S 51621,48927 551,570 571,588 3
S 269370,41065 540,564 565,594 1
S 76501,25411 540,568 620,663 2
S 76634,49911 540,565 566,578 2
S 77275,48706 540,556 623,660 1
S 48814,50525 563,581 626,657 2
S 41112,269397 556,601 634,650 3
S 76218,42012 540,573 581,596 2
S 41585,41058 572,599 628,655 2
S 49923,25415 550,586 625,658 5
S 41589,48814 575,611 634,649 4
S 41913,51631 574,606 623,660 1
S 76341,51284 540,570 571,577 2
S 76395,49918 540,564 565,590 4
S 48824,76249 558,594 625,659 2
S 269436,50059 540,556 628,655 2
S 48925,76805 558,587 633,650 5
S 48928,26180 565,580 581,599 4
S 41905,50110 582,603 630,653 1
S 50523,41897 551,582 583,611 5
S 50109,49919 545,587 627,657 1
S 48804,25414 561,583 630,653 4
S 50974,26225 549,581 622,661 4
S 76389,25404 540,563 572,591 2
S 41917,41056 573,606 629,655 4
S 50108,51276 546,585 619,664 3
S 25392,51622 564,601 625,658 1
S 51631,42010 544,577 578,598 5
S 76634,75832 540,560 629,655 5
S 75831,51276 540,574 621,663 2
S 41577,76219 571,601 633,650 2
S 75831,77252 540,574 629,655 3
S 51631,52359 550,572 634,649 3
S 41148,48816 561,595 631,652 1
S 49908,25417 559,581 626,658 5
S 76357,51278 541,561 562,571 2
S 76360,51631 540,561 631,652 2
S 77274,75836 540,558 631,653 5
S 77266,48917 540,561 562,587 4
S 76357,48815 541,561 622,661 5
S 41152,48705 556,598 630,653 4
S 77234,41918 540,562 579,599 3
S 41593,75837 588,603 623,660 1
S 269399,41586 540,563 629,655 1
S 48804,48814 564,580 627,656 5
S 42013,50524 572,604 619,664 5
S 51572,49915 544,580 627,657 5
S 26180,52443 563,607 627,656 4
S 47430,75835 568,585 633,650 3
S 76502,48900 540,564 565,593 2
S 269403,41184 540,552 556,599 3
S 48704,50526 555,578 619,664 2
S 41185,51284 567,588 630,653 4
S 41186,48707 555,599 628,656 5
S 41148,75832 556,599 628,656 3
S 41057,50522 557,602 619,664 5
S 75688,41900 540,575 632,651 5
S 41065,76492 569,589 624,660 4
S 47430,25412 568,585 634,649 2
S 77275,50525 540,560 619,664 3
S 41108,41065 561,596 620,664 4
S 75833,48825 546,565 566,598 5
S 76634,48820 540,558 560,590 3
S 25418,25412 570,597 633,651 2
S 48824,50526 555,598 625,658 4
S 48814,41878 558,587 588,606 5
S 42007,76219 569,606 629,655 1
S 41908,51275 583,598 625,659 4
S 75829,52412 546,564 622,661 5
S 48927,41057 565,580 621,662 4
S 48926,41065 554,593 626,657 2
S 51276,41148 549,576 628,656 1
S 48866,48706 561,588 624,659 3
S 269395,41057 540,562 625,658 5
S 48927,76661 560,586 621,663 1
S 50524,41907 549,581 582,607 2
S 75831,49848 547,564 565,581 3
S 269402,56291 540,558 621,663 1
S 77268,77278 540,565 623,661 4