D 242619
C 10
S 157411,202827 576,595 608,647 3
S 205430,201072 540,568 569,579 4
S 205451,157447 541,559 619,635 2
S 201745,157436 546,578 579,596 4
S 162432,162404 559,593 605,649 1
S 200656,205461 563,578 606,648 1
S 157439,242622 575,595 614,641 5
S 157421,205460 565,599 615,639 3
S 162405,242221 567,586 612,643 4
S 202824,254127 540,576 609,646 2
S 242526,200959 540,555 556,584 1
S 157448,157451 572,598 614,641 5
S 205452,157408 542,557 565,605 1
S 242299,201742 540,560 561,575 4
S 242224,204841 540,557 617,637 3
S 242542,201745 540,560 619,635 1
S 242612,246480 540,559 607,647 2
S 157438,246325 566,604 617,638 3
S 200960,254099 546,585 586,601 1
S 201047,162430 552,578 579,588 3
S 254124,254127 564,595 607,647 3
S 242224,201742 540,559 560,580 5
S 242621,205432 540,553 608,647 5
S 200636,254130 556,586 620,635 5
S 245543,201579 541,567 613,642 3
S 242300,254103 540,565 618,636 5
S 200954,242525 547,586 613,642 2
S 204542,200881 541,567 611,643 3
S 246319,254103 540,581 582,603 5
S 202835,205430 540,577 607,647 3
S 205429,160375 540,570 571,584 2
S 242522,162404 540,564 567,585 5
S 242221,202827 540,559 617,637 2
S 200732,157451 549,591 605,649 3
S 200633,204796 555,586 619,635 3
S 162432,242620 562,589 610,645 2
S 201728,246325 552,567 619,636 4
S 200881,157422 549,585 615,639 5
S 242614,201742 540,548 549,581 1
S 242625,157436 540,565 566,607 3
S 157421,200658 566,598 606,648 4
S 202835,200768 548,567 607,647 5
S 242224,200959 540,561 562,578 5
S 201744,200732 554,569 610,645 4
S 200634,157440 549,593 594,608 3
S 242229,157438 540,555 571,600 2
S 254116,160377 560,602 616,638 3
S 199644,157445 563,584 619,636 3
S 201071,254451 555,572 617,638 4
S 200881,157444 554,580 581,599 3
S 242613,162483 540,563 564,589 1
S 157440,201580 564,606 607,649 3
S 157411,202839 569,601 619,636 3
S 160375,200635 556,598 614,640 5
S 202824,162431 540,578 579,595 5
S 201729,162405 552,568 569,589 3
S 242612,205393 540,561 619,636 2
S 242285,201072 540,558 608,647 2
S 242617,245542 540,559 612,643 2
S 246320,201069 541,577 618,636 2
S 157423,254130 569,598 612,642 5
S 204839,242527 540,564 606,649 5
S 202823,157448 547,565 566,606 2
S 246320,199645 551,568 611,644 5
S 246329,200960 543,572 612,642 2
S 242625,157420 540,558 605,649 5
S 201049,242309 549,581 605,650 1
S 201072,205462 546,583 612,642 1
S 157423,201071 571,596 619,636 2
S 242309,246320 540,559 560,582 4
S 242614,204518 540,559 560,572 2
S 202826,160377 540,577 578,586 4
S 200638,205461 563,581 619,635 5
S 200657,157446 561,579 580,603 3
S 162486,200774 552,597 607,647 2
S 157449,202826 565,604 618,637 5
S 157436,205452 575,594 606,649 5
S 157450,200959 564,605 606,648 2
S 201073,254116 544,585 586,597 4
S 201026,157447 554,577 578,605 5
S 200767,254103 549,588 611,644 4
S 254451,200634 572,596 606,648 5
S 201068,254100 546,580 611,643 5
S 242622,162486 540,565 611,643 3
S 202822,205433 540,571 609,645 4
S 242522,157424 540,563 567,599 2
S 242617,202835 540,549 550,574 3
S 160374,201745 569,584 605,649 2
S 162405,254101 562,591 615,640 1
S 242615,200878 540,559 560,584 1
S 199640,202836 558,586 610,645 4
S 242274,201069 540,558 559,572 5
S 254125,254100 562,598 614,640 5
S 242222,254101 540,564 566,597 3
S 242619,242526 540,553 614,641 1
S 160379,200634 560,596 606,648 2
S 200960,157445 547,584 614,641 4
S 200960,201737 553,578 619,636 2
S 242274,199646 540,562 608,647 1
S 199642,204839 554,591 617,637 5