D 48222
C 12
S 115758,77739 551,581 582,607 2
S 75281,56556 540,573 583,601 5
S 61962,102400 540,552 574,610 3
S 75290,102400 544,564 576,608 3
S 71733,114562 540,555 584,599 5
S 72472,48224 540,564 572,611 1
S 61971,92042 540,560 574,610 1
S 102400,74986 547,580 581,604 4
S 71733,115333 540,565 566,578 1
S 115329,77628 550,585 586,608 5
S 72910,115758 540,563 584,599 1
S 61969,71933 540,557 584,599 1
S 75287,102401 541,566 578,605 4
S 102387,77631 550,576 577,612 4
S 75286,48257 544,562 584,600 1
S 71725,75243 540,566 582,601 3
S 102398,115314 549,579 580,609 2
S 75291,102336 545,563 582,601 2
S 72472,48256 540,567 584,599 5
S 102387,92107 552,574 575,612 5
S 72917,77632 540,564 583,600 4
S 115750,74830 554,577 584,599 2
S 92097,102397 540,583 584,611 4
S 71761,75109 540,555 582,601 1
S 75273,74985 544,561 583,600 2
S 92103,77893 546,576 578,605 2
S 115760,114561 552,579 584,600 3
S 75130,74990 540,567 569,614 3
S 71875,77897 540,570 584,600 3
S 71875,74864 540,562 574,609 4
S 75281,92098 540,574 580,603 2
S 72473,264966 540,562 571,613 5
S 77851,71879 540,573 574,614 3
S 72909,48256 542,558 572,612 5
S 103546,75224 546,584 585,606 4
S 71724,92097 540,555 556,569 1
S 72906,77897 540,572 573,612 4
S 71728,77916 540,554 555,573 2
S 71720,102398 540,568 573,610 3
S 71726,103323 540,552 553,578 4
S 77850,75243 540,573 578,605 5
S 77632,71928 540,579 580,607 1
S 115330,71960 560,575 576,608 3
S 71760,77895 540,565 582,602 4
S 77632,102401 546,568 572,611 1
S 72824,114562 540,569 570,580 3
S 77701,77753 540,576 582,601 3
S 92037,77752 540,580 581,608 3
S 77628,71757 545,569 581,603 3
S 92070,75213 548,572 573,613 1
S 115314,75225 554,579 580,605 3
S 77702,92040 540,576 584,599 2
S 71770,72445 540,563 581,603 5
S 71875,72092 540,555 577,607 2
S 71760,72433 540,557 571,612 2
S 101927,75541 548,577 578,613 4
S 92070,92104 540,579 580,604 2
S 61971,92105 540,558 573,610 5
S 115326,92107 549,587 588,612 3
S 75281,71756 543,563 572,611 5
S 75285,71754 540,568 584,599 2
S 71760,71755 540,552 576,608 1
S 71864,77894 540,562 572,611 4
S 71728,71752 540,563 576,608 5
S 101927,92098 554,572 581,602 5
S 61963,75218 540,550 576,608 3
S 61969,103327 540,551 584,600 1
S 115333,74862 546,589 590,606 4
S 71735,92103 540,553 578,606 1
S 101919,102400 553,572 573,613 5
S 72475,77739 540,570 579,605 3
S 115760,72445 544,588 589,609 4
S 72905,103327 542,557 558,583 5
S 71865,92070 540,556 557,580 2
S 48223,115333 540,561 562,588 4
S 92098,77753 545,577 578,613 1
S 75281,115758 541,564 565,576 4
S 71729,77619 540,553 578,605 3
S 77626,71753 540,575 576,611 5
S 77627,115756 540,579 580,613 3
S 61963,102401 540,551 552,583 1
S 72910,103315 540,568 569,584 1
S 75290,71960 540,573 581,603 5
S 75280,114561 545,561 575,608 1
S 48223,77752 540,562 577,606 5
S 61964,71881 540,559 570,613 5
S 72910,102387 540,564 565,576 3
S 71865,75060 540,565 572,612 3
S 114562,115760 546,586 587,599 4
S 101837,75541 546,578 579,613 3
S 72475,115756 540,570 571,583 2
S 48223,72909 540,561 562,570 1
S 56560,77887 540,552 553,566 1
S 77632,77737 546,568 575,609 5
S 71731,115331 540,556 557,586 4
S 77850,75059 540,575 578,605 3
S 77619,72441 548,569 583,601 3
S 75130,74988 540,572 577,607 4
S 101837,77630 540,584 585,609 3
S 115758,72437 547,585 586,609 5