D 251416
C 11
S 98319,111487 559,593 608,625 1
S 98312,251378 558,591 599,635 1
S 113117,251411 540,568 598,635 4
S 98317,98318 566,586 595,638 1
S 251339,113117 540,567 600,633 1
S 174269,112527 540,554 555,566 5
S 98294,251378 561,582 601,633 3
S 251356,112862 540,569 600,633 2
S 98471,112073 558,603 604,639 1
S 251375,251390 540,565 599,635 1
S 112864,112064 545,567 568,584 5
S 98475,112531 569,592 609,625 5
S 98470,112064 561,601 602,633 3
S 113057,251354 540,575 600,634 3
S 251533,98293 540,562 608,626 2
S 112576,265425 540,582 601,632 1
S 112572,112526 554,569 595,639 2
S 251408,251354 540,562 602,631 2
S 112864,111487 540,578 579,588 2
S 98471,112527 561,601 602,637 2
S 111485,111455 555,580 608,626 4
S 174267,265441 540,560 605,629 4
S 98351,174269 557,589 596,638 2
S 265427,112070 567,589 601,632 4
S 111455,112527 549,590 599,635 3
S 112534,98298 543,576 577,590 4
S 112675,98317 540,575 605,628 3
S 251536,98478 540,556 568,593 4
S 112527,113147 544,571 607,626 4
S 265428,98300 555,600 601,633 4
S 251394,98296 540,563 564,586 4
S 112248,251412 548,580 604,629 4
S 251407,265431 540,558 559,599 3
S 98476,112536 566,593 597,637 1
S 251354,112073 540,569 595,639 2
S 112248,113149 544,584 605,628 2
S 112867,98295 540,577 605,628 1
S 265427,251375 562,593 602,631 2
S 251533,265431 540,561 595,638 2
S 251403,113082 540,557 601,632 5
S 111448,98297 548,588 602,632 1
S 98313,111449 555,595 596,639 3
S 112573,112537 540,583 609,624 5
S 112254,98471 552,575 576,593 3
S 251536,113118 540,553 594,639 5
S 251378,113058 540,565 608,626 4
S 111486,112258 545,589 595,639 2
S 265430,251363 555,599 600,636 2
S 251378,98319 540,565 566,595 5
S 251363,113147 540,559 601,633 4
S 112576,112534 544,576 598,635 5
S 265422,112864 562,594 600,634 3
S 98427,98317 559,599 600,637 1
S 251535,251354 540,553 554,574 4
S 98318,98312 556,596 606,628 2
S 251360,112576 540,572 573,579 2
S 251534,98311 540,560 607,627 3
S 265425,251360 563,593 599,635 4
S 251541,112257 540,562 609,624 3
S 251358,112065 540,566 602,631 4
S 112575,251358 547,573 599,634 3
S 113082,112234 542,566 567,577 5
S 251378,265425 540,566 607,626 1
S 251413,112534 540,556 557,569 4
S 112234,98312 550,580 605,629 2
S 112862,251390 549,564 601,632 2
S 251534,112864 540,557 558,570 1
S 112675,112675 540,578 594,639 2
S 251415,174265 540,550 594,639 5
S 98309,112065 554,593 602,631 4
S 265430,251355 567,587 608,625 1
S 112229,98428 556,573 574,594 2
S 111455,251408 562,577 595,639 5
S 265428,112543 556,598 609,624 5
S 251409,112573 540,554 555,576 2
S 98295,112863 556,586 606,628 1
S 98294,110883 549,593 597,637 1
S 251356,112863 540,565 599,635 3
S 112526,112692 547,569 604,630 1
S 251541,113118 540,549 550,566 3
S 251408,112572 540,555 556,569 3
S 251533,174269 540,550 602,631 2
S 265433,112070 554,599 602,631 3
S 98476,112244 572,588 596,638 2
S 113082,111485 540,573 574,581 3
S 146235,146235 540,572 600,633 5
S 265433,113083 560,593 603,630 1
S 112529,98310 541,575 605,628 1
S 98318,251409 567,586 597,637 4
S 112864,112534 546,565 596,638 3
S 112571,146235 550,573 599,634 4
S 251536,265426 540,553 601,632 1
S 113083,98298 540,572 596,638 3
S 98428,98476 568,590 600,633 5
S 251540,98313 540,551 606,627 2
S 251403,110885 540,553 596,638 5
S 174265,251358 540,558 609,624 4
S 98293,112538 559,582 595,638 2
S 98296,251369 561,582 609,624 3
S 112528,112538 540,576 602,632 2