D 142127
C 10
S 137480,51730 540,554 606,651 5
S 137476,71954 540,565 566,587 3
S 102734,134980 540,579 608,650 1
S 274447,102974 568,603 613,645 1
S 116087,51894 540,575 576,598 2
S 116814,48480 540,572 606,651 5
S 88441,56450 541,582 618,639 1
S 135046,117647 540,556 608,650 1
S 72829,118561 554,592 607,651 3
S 117493,75426 540,566 608,649 4
S 51895,134708 565,590 609,649 2
S 274447,56424 571,600 607,650 2
S 52054,137477 566,588 613,644 5
S 77682,48318 556,576 577,593 3
S 142124,134708 540,548 614,644 3
S 102731,51819 547,570 611,646 2
S 138033,88391 540,564 617,640 3
S 78276,75446 550,579 619,639 4
S 52054,142079 557,597 616,641 5
S 117481,88441 540,574 575,581 5
S 103089,47968 540,580 611,646 3
S 72905,274443 551,594 595,600 2
S 91886,47956 552,568 607,651 4
S 102729,134691 545,574 618,640 4
S 75131,75529 551,592 607,650 1
S 48322,88393 561,601 612,645 5
S 116968,52184 541,565 615,642 5
S 274444,74902 577,594 608,649 3
S 75299,102978 559,579 609,648 5
S 141960,78239 540,553 554,586 4
S 78270,77994 545,585 607,651 1
S 51853,74902 557,601 616,641 3
S 78337,47944 550,577 578,602 5
S 116948,48326 545,560 564,597 4
S 103089,47966 547,569 577,592 4
S 75271,118610 552,590 611,647 5
S 117484,71916 540,567 568,590 5
S 116462,74938 540,574 620,637 1
S 103080,77982 540,578 618,640 2
S 48334,117679 562,603 607,650 5
S 264713,78123 540,579 618,639 2
S 132422,132410 540,568 614,644 5
S 48315,134727 558,602 608,649 1
S 103074,116512 540,576 619,639 1
S 137476,47978 540,558 620,637 5
S 137479,88541 540,560 561,575 2
S 262095,78154 544,566 607,650 3
S 134980,138080 540,568 618,640 1
S 257730,77693 540,560 561,581 1
S 141959,141958 540,563 609,648 3
S 48331,74938 569,594 609,648 2
S 75271,48383 550,591 592,599 1
S 78278,141960 542,587 608,650 3
S 138528,78270 540,558 559,585 2
S 88568,117646 548,574 611,647 5
S 71934,74993 564,586 618,639 3
S 116965,102981 540,575 613,644 1
S 75273,52187 554,586 613,644 1
S 47978,74902 567,598 618,640 4
S 77691,118611 559,576 607,651 3
S 72470,56452 565,582 610,648 5
S 116457,77685 546,561 562,586 5
S 135068,116793 540,567 620,638 2
S 78239,74938 553,580 609,648 1
S 75301,117638 554,584 619,639 1
S 78279,102984 549,579 620,638 1
S 118327,77690 540,563 564,580 1
S 47981,118366 574,592 609,649 2
S 142126,72168 540,550 618,640 3
S 71957,274440 562,587 621,636 2
S 118322,48318 540,572 573,600 3
S 257669,47968 540,551 617,641 2
S 141962,71961 540,562 563,591 5
S 47983,51065 563,604 606,651 2
S 116461,47977 540,578 579,592 4
S 47966,102982 569,599 614,643 3
S 47979,48479 563,602 619,638 5
S 117493,52187 540,564 607,650 1
S 88578,261873 541,580 607,650 5
S 71934,47981 560,591 612,645 4
S 135046,78279 540,569 570,579 4
S 47977,116848 562,604 617,640 5
S 116970,52187 545,563 611,646 2
S 56542,75426 567,587 610,648 1
S 52047,138529 567,587 615,643 5
S 142125,117642 540,549 621,637 1
S 51890,56431 558,598 613,645 1
S 47959,88590 562,607 609,648 1
S 48328,78197 560,602 609,648 4
S 77687,51067 550,585 615,642 4
S 102736,134719 542,575 619,639 4
S 116462,117673 540,571 618,639 5
S 117482,51730 540,563 613,644 3
S 141959,75270 540,564 608,649 2
S 78270,134981 543,588 615,642 2
S 116089,47965 547,565 571,596 4
S 142136,88390 540,554 613,645 2
S 48318,102976 558,602 619,638 5
S 116457,52048 540,567 568,598 3
S 135046,118561 540,569 621,636 2