D 160565
C 12
S 162397,151710 546,583 633,676 3
S 157138,254125 562,595 640,668 5
S 160839,160469 540,574 636,672 2
S 160564,126251 540,555 639,669 1
S 259443,160480 586,606 633,676 4
S 160847,160526 540,563 637,671 1
S 254123,254101 552,592 646,662 5
S 254039,157137 540,579 642,666 2
S 160606,84931 540,565 580,623 4
S 84931,125745 592,610 636,672 5
S 157137,254141 560,595 642,667 2
S 84926,160854 589,614 644,665 5
S 160851,162023 540,569 570,575 2
S 157144,84930 572,589 633,675 3
S 127404,125734 563,605 645,663 2
S 160839,126254 540,565 636,672 4
S 127402,125744 575,595 596,609 1
S 84931,254103 583,619 642,666 4
S 125744,126259 590,606 636,673 5
S 160830,125935 540,576 643,666 3
S 126255,254125 582,601 643,665 5
S 160515,259443 550,566 634,674 5
S 125933,160613 572,613 637,671 4
S 126334,254099 566,607 634,675 5
S 160840,124754 540,568 583,615 3
S 162023,157645 552,575 638,671 2
S 157139,125932 561,597 645,663 2
S 254123,160469 563,581 640,669 2
S 160479,157651 541,581 640,668 5
S 162023,162400 553,573 633,675 4
S 160605,160853 540,558 645,663 2
S 157138,127405 561,595 640,669 2
S 160470,125938 547,573 574,616 1
S 126333,160533 572,601 644,664 5
S 84931,254125 582,621 641,667 5
S 124763,160862 582,620 645,663 3
S 160609,125938 540,552 634,675 3
S 126333,160376 568,606 642,667 5
S 125732,126274 574,616 636,672 5
S 160532,160862 540,560 632,677 3
S 162405,259442 555,578 634,675 4
S 259443,157140 575,618 635,674 2
S 160375,157383 555,579 580,590 4
S 160377,157383 551,584 585,593 4
S 125742,157383 586,609 640,668 1
S 162259,254101 556,581 637,671 1
S 254123,160605 556,589 644,664 2
S 160602,84927 540,561 636,672 2
S 157648,254104 556,595 637,671 5
S 126333,160528 578,595 641,668 3
S 157137,125734 560,595 596,611 1
S 162023,160852 548,579 646,663 4
S 126254,254116 579,603 646,663 2
S 160844,126274 540,567 568,607 2
S 126334,160521 578,595 641,668 1
S 160900,126274 542,571 644,665 4
S 126338,160480 564,607 635,674 2
S 254129,126273 552,588 642,666 2
S 84930,124761 592,610 637,671 5
S 160601,162404 540,562 563,577 1
S 126259,160564 569,613 637,671 3
S 125742,126259 582,612 647,662 3
S 160752,126269 547,566 580,597 5
S 160845,124759 542,557 637,671 4
S 126269,157138 574,604 647,662 3
S 160606,126333 540,555 574,600 5
S 126255,162400 579,603 632,677 4
S 124760,160470 593,608 634,674 4
S 160379,126269 553,584 585,609 1
S 160842,157647 540,569 570,595 1
S 124761,254426 584,617 637,671 3
S 124756,157651 580,620 637,671 5
S 254125,127405 550,593 594,595 3
S 160617,254129 540,556 557,584 1
S 254118,125938 565,582 583,614 1
S 160374,126338 556,577 578,594 4
S 160606,125733 540,549 583,609 1
S 125935,157421 581,606 643,665 2
S 124762,254100 591,611 633,675 2
S 124757,84927 590,611 646,663 3
S 160533,84931 540,565 589,613 3
S 160830,124763 540,577 640,669 3
S 126273,160518 569,605 646,662 2
S 160841,125744 540,572 639,669 1
S 160847,254105 540,568 636,673 1
S 157648,124759 565,585 589,612 2
S 254116,160526 550,595 642,667 3
S 160469,157421 545,575 642,667 4
S 162405,157145 559,574 640,668 5
S 254090,124759 563,578 644,665 5
S 162401,124753 543,587 632,677 2
S 157142,126274 559,601 638,670 1
S 160604,254106 540,558 636,672 3
S 160837,127404 545,562 564,605 1
S 162401,157421 552,578 633,676 1
S 160832,151714 544,566 641,667 5
S 254119,126338 564,585 637,671 3
S 124755,124753 586,613 641,668 3
S 125931,157421 576,608 634,674 5
S 160830,160617 540,573 637,672 4