D 60417
C 9
S 60416,61018 540,551 618,651 4
S 61173,37066 540,582 620,649 2
S 40080,37402 547,590 621,648 4
S 63048,37040 540,553 573,590 2
S 61174,56871 548,571 626,642 5
S 56876,39317 549,581 616,652 5
S 37030,63061 558,600 615,654 3
S 61110,61016 542,586 623,645 4
S 39367,60653 564,582 624,644 3
S 37009,60605 569,587 623,645 5
S 60486,60481 540,558 614,655 5
S 37081,60579 570,602 614,655 2
S 60591,37041 540,575 576,596 2
S 37065,60489 566,604 614,655 2
S 40537,61152 568,608 615,654 3
S 61174,37065 541,578 579,600 5
S 37010,37061 569,586 627,642 5
S 40549,39261 571,607 615,653 4
S 60482,61078 540,553 623,646 4
S 56867,39367 545,588 616,653 5
S 60488,40019 540,564 565,587 2
S 37404,60669 556,597 612,657 4
S 60400,40027 540,555 618,651 4
S 61171,37048 550,572 573,597 3
S 57046,61177 540,569 616,653 3
S 60589,37030 540,567 571,588 4
S 39365,37118 559,588 623,646 2
S 37064,61198 576,593 616,653 4
S 60671,37324 540,564 567,590 5
S 57048,37404 542,566 567,588 1
S 61109,37010 549,578 579,591 5
S 39244,56864 551,592 622,646 3
S 61180,61197 547,570 618,650 2
S 40022,40074 552,588 618,650 2
S 40078,37074 554,584 624,644 4
S 61188,37311 543,574 624,645 1
S 37014,61106 564,593 622,646 1
S 63081,40023 540,556 557,586 1
S 57046,39383 547,562 563,584 3
S 37040,39332 560,602 624,644 1
S 60653,39383 540,562 563,586 3
S 40523,60653 567,608 625,644 1
S 37030,37073 566,592 621,647 2
S 39245,60604 558,586 621,648 4
S 61180,61158 540,581 617,652 3
S 57033,60664 540,572 620,649 2
S 60591,56865 540,568 619,650 3
S 60453,61179 540,559 627,642 3
S 39347,57033 566,582 616,653 5
S 37086,57034 568,606 618,650 3
S 40074,60662 550,588 622,647 5
S 29738,40535 568,607 619,650 2
S 60653,61105 540,566 567,575 4
S 37402,37403 559,594 627,642 4
S 37083,60487 573,601 614,654 2
S 40553,61175 574,605 619,649 1
S 61082,39332 545,579 626,643 5
S 60580,63042 542,564 619,649 1
S 37114,61020 574,592 619,649 2
S 37086,61017 575,600 623,645 3
S 40523,39381 566,609 621,647 3
S 60416,60752 540,554 627,642 1
S 61159,61106 541,584 617,651 4
S 61162,40537 552,573 616,652 3
S 57046,37014 540,569 570,595 3
S 40081,37072 546,590 612,656 4
S 37008,40023 566,589 622,647 5
S 37010,56825 558,598 617,652 1
S 60413,40019 540,552 560,580 2
S 63057,63059 540,558 612,656 2
S 60741,61109 540,568 612,656 2
S 37109,37383 572,595 624,644 1
S 61077,39368 550,571 572,587 1
S 60440,61019 540,553 554,579 3
S 61016,61109 540,574 625,644 1
S 63039,37060 540,563 619,650 4
S 40537,37284 568,609 625,643 4
S 61015,276701 542,569 570,581 4
S 40074,61108 547,591 620,648 4
S 37065,37066 567,603 615,653 4
S 39332,61077 558,592 616,652 2
S 63055,39383 540,557 558,589 1
S 60603,39266 540,568 569,596 5
S 61175,60491 546,574 621,648 5
S 60439,61022 540,554 555,568 1
S 60671,61175 540,572 613,656 5
S 37062,61076 566,603 618,651 4
S 61020,37048 544,570 571,598 5
S 60416,61076 540,548 626,642 1
S 60491,57034 540,554 624,644 1
S 60490,61076 540,569 618,650 1
S 37384,61106 555,598 622,646 2
S 61083,39347 553,571 617,651 4
S 63054,37060 540,564 574,594 3
S 60963,37318 547,564 624,645 2
S 60756,60742 540,564 616,652 1
S 39260,60453 554,593 616,653 5
S 40553,61171 575,603 624,644 1
S 37081,61084 566,606 612,656 4
S 60587,272743 542,563 620,648 3