D 208797
C 11
S 169650,210448 589,617 655,682 2
S 208395,210218 540,568 658,678 2
S 241426,184665 540,569 601,634 5
S 184768,247575 596,640 648,689 5
S 199078,247550 545,561 657,680 4
S 198120,209263 542,570 659,678 2
S 170512,180473 573,600 601,628 3
S 208182,170188 540,569 575,594 4
S 179738,180428 562,600 601,620 2
S 198026,180470 552,567 585,629 3
S 170886,210305 586,615 651,686 4
S 170837,208860 584,615 657,680 1
S 180338,184693 584,625 650,686 3
S 192725,182752 546,581 582,584 4
S 180444,194705 593,619 656,681 5
S 182554,210615 562,594 652,684 5
S 177555,219410 601,621 646,691 1
S 180436,194555 598,613 654,683 4
S 170690,195310 581,611 655,682 2
S 177480,209264 592,632 656,681 4
S 181097,194564 605,628 656,680 3
S 191877,184579 551,584 595,639 4
S 191868,184580 559,577 600,633 5
S 182670,209260 560,591 654,682 5
S 182556,170683 566,589 590,617 2
S 170888,194708 592,610 659,678 4
S 180473,196159 596,620 649,688 3
S 182556,184765 567,589 660,677 2
S 192934,184500 541,582 659,678 1
S 184764,195521 608,630 649,687 2
S 180470,184546 588,627 656,681 4
S 252561,219359 575,619 654,683 5
S 170683,180444 575,615 616,621 4
S 170868,195416 589,608 646,691 2
S 179709,170886 558,601 602,623 4
S 177728,184504 593,614 655,682 5
S 170057,208798 578,602 653,684 1
S 177411,195308 604,622 647,690 3
S 182749,170170 559,590 591,599 5
S 208796,219358 540,549 660,676 5
S 198122,210594 544,568 656,680 1
S 198022,208862 542,576 658,679 2
S 180940,184568 593,635 648,688 4
S 191663,184530 552,590 649,687 1
S 191857,210304 553,580 647,689 4
S 182385,208928 570,589 648,688 2
S 199078,170836 540,576 579,621 2
S 170197,177407 571,596 597,632 2
S 177726,190990 585,622 647,690 2
S 191864,210300 557,580 646,690 2
S 208739,217407 540,560 653,683 1
S 179518,210206 561,584 659,678 3
S 198063,196358 547,569 655,681 2
S 191868,177406 559,577 599,626 3
S 182643,177563 563,591 592,631 5
S 182388,169918 559,599 600,616 5
S 170459,217674 570,598 655,681 3
S 177724,195291 585,623 648,688 5
S 191660,178116 555,587 588,600 1
S 169920,195521 578,617 657,679 2
S 208748,170052 540,550 583,600 3
S 182751,219365 565,583 648,689 5
S 177411,184503 604,622 659,678 2
S 170663,177411 576,611 612,627 2
S 250249,210593 601,630 658,678 4
S 177408,217407 598,626 656,681 5
S 177458,217676 599,628 658,678 4
S 177526,196370 602,619 650,687 1
S 184772,194710 608,629 650,686 1
S 184765,194553 606,633 647,690 5
S 199078,208859 540,573 650,686 5
S 170512,217676 564,609 649,687 1
S 198120,196161 546,566 660,677 3
S 177790,208659 578,618 654,682 2
S 250292,210593 604,626 650,686 2
S 208748,170678 540,559 582,608 5
S 182669,170508 556,595 596,598 1
S 193094,178325 542,578 579,595 4
S 179711,195319 563,596 647,690 5
S 177555,194705 595,626 651,685 4
S 199081,170869 540,568 578,620 2
S 170841,247550 580,619 652,684 3
S 184770,195292 597,641 658,678 4
S 167921,219359 582,600 657,680 2
S 180436,196266 584,628 647,689 3
S 192934,169926 543,579 580,613 5
S 192342,177481 548,581 595,628 1
S 184580,184776 596,638 648,689 2
S 241425,184502 540,562 655,681 1
S 184770,194554 605,632 649,687 1
S 191871,196266 552,585 653,684 4
S 247940,196369 554,572 652,684 2
S 208750,179598 540,550 558,592 1
S 180486,195308 590,627 660,676 2
S 208750,177727 540,562 583,624 3
S 208715,182580 540,552 570,585 1
S 170440,194555 571,594 655,681 3
S 179735,170886 563,599 600,616 2
S 170870,208820 581,617 654,682 2
S 191748,167942 551,588 589,607 3