D 195704
C 10
S 197418,195933 540,576 577,587 1
S 196901,195943 540,563 566,582 1
S 195830,193965 540,553 561,587 5
S 195757,197826 540,555 561,587 4
S 197416,198833 540,577 578,593 3
S 196859,198852 540,565 566,590 3
S 195826,195909 540,553 565,583 4
S 197479,197088 540,567 568,592 5
S 195699,195844 540,559 560,591 3
S 197089,196901 541,560 565,583 1
S 197411,196922 540,574 575,595 1
S 197581,196897 540,573 574,586 3
S 197458,195843 540,576 577,585 2
S 197813,195967 540,579 580,595 2
S 196782,197853 540,557 559,589 4
S 198859,196839 550,569 570,585 5
S 197456,197510 544,564 565,592 4
S 195918,196923 540,556 564,585 5
S 196904,197507 540,560 565,584 1
S 197479,195693 540,572 573,592 4
S 247320,196899 545,562 563,587 5
S 195975,196899 540,556 560,588 3
S 198853,195947 541,579 580,592 2
S 198879,197087 543,576 577,583 5
S 195747,195968 540,553 554,597 3
S 197492,195692 540,574 575,587 4
S 197860,198853 548,567 568,596 3
S 197458,197559 540,569 570,590 3
S 197855,196924 540,579 580,589 3
S 195695,195973 540,562 563,586 2
S 195972,196897 540,558 560,589 5
S 195815,197450 540,555 556,571 4
S 197463,195932 542,565 566,589 5
S 197411,196895 544,564 566,583 3
S 197088,195818 540,568 569,596 5
S 198835,196892 549,567 568,588 4
S 196895,196923 540,565 566,585 3
S 195694,198841 540,556 557,579 1
S 195962,197515 540,557 558,594 1
S 195709,195971 540,548 552,596 1
S 198587,197091 546,569 570,587 4
S 195824,198879 540,552 553,571 3
S 198879,196853 543,576 577,588 4
S 195959,195748 540,556 557,596 1
S 195959,195816 540,557 560,588 4
S 195971,197829 540,560 561,591 1
S 197457,195838 542,566 567,593 3
S 193964,195698 540,569 570,592 3
S 197859,195844 543,572 573,588 5
S 197490,197559 540,568 569,589 5
S 197415,197826 540,576 577,586 2
S 198842,197839 542,576 577,584 2
S 197087,197538 542,560 561,597 2
S 198844,195696 546,572 573,592 4
S 195919,193964 540,562 563,594 3
S 197414,197829 546,564 566,582 3
S 195706,196922 540,547 557,592 2
S 198833,195825 540,577 578,588 1
S 196925,197537 540,564 565,591 4
S 195758,197581 540,564 565,575 2
S 195917,195920 540,557 558,591 4
S 197856,195845 545,569 570,588 2
S 195958,195945 540,567 568,589 4
S 195694,198850 540,560 561,574 5
S 198588,196839 540,576 577,589 1
S 197415,195694 547,563 564,596 1
S 197581,196922 548,565 566,596 5
S 196893,195825 540,556 566,583 3
S 196892,195817 540,568 569,590 2
S 197860,197839 544,570 571,589 3
S 198858,195837 540,580 581,589 4
S 197413,195976 540,577 578,593 3
S 197490,196922 540,567 568,592 3
S 247320,195749 544,563 564,593 4
S 195706,198849 540,560 561,567 5
S 197415,198588 540,573 574,594 2
S 197463,195832 540,573 574,597 1
S 197812,196924 544,569 570,592 5
S 195960,197088 540,563 564,586 3
S 195747,197411 540,560 561,571 4
S 197414,195970 543,567 568,588 5
S 197413,195948 540,575 576,586 1
S 198853,198854 541,579 580,596 4
S 197454,198854 540,572 573,590 4
S 195747,195951 540,553 560,588 1
S 195971,198589 540,556 557,593 1
S 198853,196854 548,571 572,587 2
S 198846,196897 551,567 568,587 4
S 197091,197560 540,573 574,587 4
S 195709,195844 540,550 561,587 1
S 196922,195748 540,568 569,587 3
S 197412,195697 540,577 578,583 2
S 198854,195717 543,577 578,595 3
S 195705,197463 540,561 562,564 5
S 198835,198587 540,580 581,585 2
S 198878,198589 540,579 580,583 3
S 195759,197492 540,554 555,568 3
S 197457,195815 544,564 565,585 4
S 198854,197853 550,570 571,582 5
S 197415,196894 540,577 578,587 3