D 47642
C 12
S 21069,20719 546,591 635,651 4
S 27170,21074 544,565 566,590 5
S 40846,47632 540,564 629,656 5
S 26724,27149 540,576 630,656 2
S 12112,29394 568,589 620,665 5
S 21247,21258 543,583 625,660 4
S 6262,20855 559,601 626,660 3
S 26724,8910 541,573 625,660 5
S 497,20782 578,605 624,662 5
S 21248,3402 553,575 576,603 2
S 27010,3363 549,565 572,605 1
S 21089,5832 548,582 631,655 1
S 29396,21083 540,557 620,665 2
S 8739,12112 571,586 627,659 4
S 27718,9016 545,562 631,655 5
S 5889,27175 571,594 635,650 1
S 27718,12002 540,574 633,652 1
S 47639,9026 540,555 631,655 5
S 27718,22000 540,569 627,659 5
S 22692,9016 547,569 631,655 1
S 9032,511 553,595 596,606 4
S 3413,29394 564,608 634,652 5
S 4309,27774 572,596 634,652 4
S 511,29244 569,610 632,654 3
S 5832,279173 567,600 633,653 3
S 21247,21927 543,583 632,653 2
S 20765,4310 559,585 624,662 4
S 20719,514 551,594 595,604 3
S 27009,28305 542,572 622,663 2
S 3402,9025 575,600 627,659 1
S 3371,279200 574,601 625,661 1
S 20718,27776 558,587 628,658 3
S 8910,495 564,590 632,654 5
S 29411,21076 540,562 563,583 1
S 6093,27702 561,601 630,656 4
S 27154,12094 540,571 572,596 5
S 3410,22137 573,600 620,665 4
S 3409,27021 572,602 620,665 2
S 279172,3486 540,574 575,604 5
S 20855,8740 557,581 631,654 5
S 27162,40711 545,565 631,655 4
S 27150,22013 540,575 632,653 4
S 3413,28306 571,600 622,663 4
S 29402,20858 540,571 572,588 3
S 29420,22138 540,566 621,664 1
S 22717,9028 543,574 575,586 1
S 8742,8740 564,596 627,658 1
S 21998,20721 544,582 635,650 2
S 21078,47640 549,584 635,650 2
S 9016,21249 564,586 621,665 4
S 21249,22001 542,586 628,657 1
S 514,27701 569,611 622,663 5
S 22137,276529 547,573 634,652 3
S 3345,5889 574,603 627,659 5
S 47632,22138 540,550 624,662 5
S 9025,22702 562,589 630,655 5
S 29401,3344 540,565 626,660 5
S 8947,6267 567,584 628,657 4
S 40847,20763 540,560 561,593 2
S 22702,21071 552,567 624,661 4
S 21075,26720 557,577 629,656 3
S 22011,21075 551,572 634,651 3
S 519,519 576,606 635,651 1
S 21079,3414 555,576 634,651 1
S 515,518 574,607 626,659 1
S 27010,514 548,565 635,650 4
S 516,29404 570,610 621,665 5
S 9025,3481 567,583 633,652 4
S 22692,9032 540,577 578,589 5
S 28296,21072 540,559 560,580 4
S 27009,6088 540,574 633,652 2
S 40873,5866 540,562 568,599 4
S 27718,28304 544,563 625,661 5
S 27009,26720 545,568 626,660 2
S 26718,29403 540,575 627,659 1
S 6262,22702 565,596 633,653 3
S 22693,3409 540,579 622,664 3
S 21252,27148 547,581 625,661 4
S 12090,28305 568,589 632,653 4
S 3403,12112 579,596 622,664 3
S 12090,40848 557,599 623,662 5
S 40642,21075 540,558 559,580 1
S 21076,21070 547,586 620,665 5
S 279176,9026 540,572 573,595 4
S 20718,29394 552,593 624,661 4
S 26717,9016 549,565 566,596 3
S 22140,21142 546,574 634,651 1
S 6068,8943 574,589 626,660 5
S 20765,3345 554,590 634,652 3
S 3486,3362 566,605 624,661 5
S 27174,20824 547,562 627,659 4
S 47635,3409 540,560 627,658 1
S 22691,27170 540,579 622,663 3
S 496,21085 572,612 627,659 3
S 495,28296 571,614 622,663 3
S 21074,12000 550,584 628,657 5
S 27174,40712 540,569 624,662 4
S 516,20761 571,610 626,660 2
S 20859,6092 553,584 626,660 2
S 12113,21249 561,596 625,660 1