D 2358
C 8
S 7742,2416 548,570 640,673 1
S 7000,284191 544,584 641,671 4
S 6784,378 551,587 588,605 5
S 7721,419 550,573 590,606 5
S 594,419 584,601 648,664 5
S 2976,595 572,589 590,605 5
S 1001,14746 577,602 637,676 2
S 7000,2957 551,578 579,599 4
S 14739,2887 542,557 562,603 5
S 2995,602 572,587 588,607 2
S 2407,283048 540,563 648,664 4
S 14754,2896 542,563 640,672 4
S 2949,284190 562,592 649,664 4
S 2396,3148 540,553 557,599 5
S 2978,14698 558,603 644,668 4
S 794,2814 572,611 637,676 5
S 2814,2959 568,607 643,670 3
S 2809,413 571,600 601,616 2
S 6730,2896 557,590 645,667 5
S 14698,2949 540,571 572,587 2
S 790,7736 572,607 644,669 1
S 14584,791 540,578 579,609 2
S 7028,7001 551,585 644,669 5
S 281475,7031 540,561 562,579 4
S 283048,2400 562,583 646,666 4
S 2974,2397 563,597 635,678 2
S 2811,14640 567,606 642,670 4
S 7681,2696 545,580 644,669 2
S 387,7023 586,606 642,671 5
S 2375,2948 540,557 638,675 2
S 2694,418 551,591 592,606 5
S 2815,7733 572,602 648,665 4
S 2807,424 573,597 598,612 1
S 14640,2336 540,571 638,674 5
S 13975,2858 540,578 579,597 2
S 7733,2975 541,580 641,672 2
S 6780,2809 562,577 578,594 3
S 14755,283048 540,574 575,582 1
S 3148,7023 558,599 637,675 1
S 284328,597 563,588 636,677 4
S 2806,14584 570,600 647,665 3
S 1006,7741 566,611 648,664 2
S 2978,281466 572,590 644,668 3
S 2976,13981 565,596 638,675 3
S 2378,6785 540,550 639,673 3
S 3179,281473 556,595 643,670 1
S 7022,2813 548,583 584,604 4
S 413,14808 580,614 649,664 2
S 2696,7496 561,583 640,672 5
S 2804,2397 575,594 642,671 5
S 7494,421 552,580 636,676 4
S 2693,805 555,588 648,665 4
S 6780,6780 562,578 642,671 2
S 2897,7733 562,602 638,674 5
S 2978,601 562,599 647,666 5
S 14753,6785 545,560 634,678 3
S 14736,14805 540,563 647,666 5
S 2356,2396 540,562 645,668 1
S 379,6735 580,608 637,675 4
S 7738,6734 553,568 637,676 2
S 2405,1006 540,554 644,669 5
S 2695,422 554,589 590,617 5
S 6732,794 563,583 584,607 1
S 14739,413 540,566 581,612 1
S 14805,2697 540,574 575,582 2
S 14727,14581 540,570 648,664 5
S 7744,560 545,575 580,607 3
S 2354,6998 540,552 553,577 1
S 426,3178 586,613 639,673 1
S 422,13980 577,621 637,676 3
S 2815,559 579,595 645,668 2
S 7738,13982 551,570 639,673 2
S 6733,2694 554,592 634,679 5
S 7030,6779 559,577 644,668 1
S 281474,2807 540,568 642,671 3
S 14806,7026 543,564 565,588 5
S 2995,790 562,596 597,610 3
S 382,7682 579,609 644,669 4
S 14725,2979 541,556 568,595 2
S 7518,7721 547,580 641,671 5
S 7027,418 546,590 645,667 1
S 413,2338 580,614 638,674 2
S 2958,1001 562,596 597,600 5
S 14753,418 544,561 584,611 5
S 14726,413 540,563 574,619 2
S 2812,2978 567,607 642,670 3
S 14583,419 540,578 590,607 1
S 2696,2857 550,594 595,603 5
S 2814,284183 570,604 648,665 5
S 7022,603 557,574 634,678 3
S 2892,2889 575,591 634,679 3
S 7001,597 553,576 648,665 2
S 378,14582 582,605 639,674 2
S 2812,2896 569,605 645,667 1
S 13980,14581 547,569 646,667 3
S 7024,1013 546,587 588,605 1
S 419,14599 587,609 640,672 3
S 7737,3187 545,576 644,668 4
S 2396,417 540,564 648,665 3
S 2374,7025 540,558 559,584 1