D 60924
C 10
S 63454,121380 544,562 563,590 5
S 119784,80622 549,592 613,628 3
S 139174,90058 560,597 600,641 1
S 128822,70112 561,592 598,642 5
S 140183,150063 565,597 605,635 1
S 140191,80621 567,594 602,639 4
S 80718,119847 543,575 576,594 2
S 139180,267845 567,592 602,639 5
S 150061,128823 576,594 600,640 4
S 60907,80730 540,554 555,579 3
S 140193,150064 565,598 613,628 5
S 79767,119319 543,569 570,592 4
S 62979,86205 540,562 606,634 3
S 150006,128812 573,593 610,631 2
S 60905,257436 540,548 598,642 2
S 63162,80897 540,573 574,575 4
S 62980,80851 540,557 558,582 3
S 70052,139175 540,575 576,601 5
S 89985,86156 549,586 612,629 1
S 62950,140190 540,563 566,596 1
S 90066,150032 552,586 587,596 1
S 80694,128836 545,571 572,597 1
S 140394,267845 562,602 610,631 3
S 128831,79582 563,593 609,631 4
S 150055,140391 574,595 602,638 4
S 140183,140155 571,591 603,637 4
S 86212,150004 546,583 598,642 3
S 150061,85602 569,601 606,635 3
S 89985,150065 560,575 606,635 4
S 150038,86408 564,605 606,642 5
S 86398,155595 543,588 589,604 5
S 60912,267846 540,561 611,630 5
S 62956,140190 540,560 566,597 3
S 121398,150055 562,587 588,605 5
S 80723,154214 543,576 577,601 1
S 60925,63239 540,562 563,565 1
S 150007,89985 567,599 600,642 5
S 60906,63340 540,551 612,629 4
S 63185,140193 541,560 598,642 5
S 63160,80753 540,563 564,572 5
S 80694,257332 549,567 605,636 4
S 80693,63340 548,568 600,641 3
S 155591,140155 578,596 602,639 1
S 150004,155595 564,603 604,638 2
S 155590,119845 579,594 599,642 3
S 119851,89996 559,585 598,642 4
S 63453,90005 540,575 576,585 4
S 86396,80609 556,575 602,639 5
S 86210,140155 555,576 600,641 2
S 90009,150065 557,577 601,639 2
S 150056,62922 567,602 603,640 2
S 80695,79695 544,572 602,639 5
S 80747,121398 544,578 608,633 5
S 121392,62924 561,589 606,634 1
S 70055,150009 546,562 574,591 4
S 63232,150046 540,567 603,637 2
S 62957,150008 540,564 604,636 1
S 154143,89986 572,600 601,641 2
S 139175,79701 558,599 601,639 2
S 60913,90004 540,558 559,582 3
S 62979,120471 540,558 564,582 1
S 140395,80543 566,598 604,636 4
S 60913,80523 540,549 607,634 4
S 154214,155593 568,605 606,636 3
S 119782,155597 556,585 586,600 4
S 63452,70113 540,568 603,637 3
S 62986,140184 540,559 609,632 5
S 119847,154143 565,580 611,629 1
S 63281,140394 544,561 568,596 5
S 60906,119847 540,560 607,634 4
S 90026,150047 554,580 581,594 2
S 128831,86156 561,595 607,633 1
S 150037,79698 567,602 608,633 1
S 86395,63380 544,589 598,643 4
S 62986,90066 540,561 562,584 4
S 128828,120470 568,586 612,629 3
S 119784,150047 552,589 590,592 3
S 85504,63375 542,586 606,634 2
S 60905,85504 540,561 562,580 2
S 70056,63304 541,568 612,629 4
S 90010,140191 549,585 602,639 2
S 62938,62924 540,562 603,638 4
S 86210,128833 550,580 581,600 4
S 80730,139278 553,568 610,631 4
S 150031,150031 572,596 601,640 3
S 140184,140184 560,601 602,642 5
S 90009,139180 558,575 576,588 4
S 63280,267848 540,567 607,633 1
S 150061,79591 569,602 612,629 1
S 128828,86179 558,597 613,628 1
S 150061,150064 564,607 608,637 4
S 128829,79584 556,600 601,642 2
S 119322,79700 554,585 600,641 2
S 62956,120470 540,556 605,635 5
S 60907,80444 540,558 559,577 2
S 80874,86177 555,570 609,632 5
S 128829,86177 559,596 612,629 4
S 62980,79699 541,556 611,629 2
S 128817,86407 563,588 612,628 2
S 154143,86152 573,598 609,631 5