D 55106
C 10
S 99964,54937 560,587 597,627 2
S 98493,100040 548,584 585,590 5
S 98496,94692 553,576 590,633 4
S 98612,98620 546,571 593,630 1
S 94601,100035 540,567 568,589 4
S 94683,100226 540,574 598,625 2
S 99923,100145 565,584 591,633 1
S 100090,55057 557,598 599,624 3
S 94681,100032 540,574 575,589 2
S 100077,55072 566,590 603,621 5
S 100037,98615 560,593 597,627 4
S 99578,100182 560,581 597,627 5
S 55061,99661 540,556 557,593 5
S 55059,99521 540,556 557,588 1
S 55159,99812 540,563 564,592 2
S 94601,100059 540,572 573,589 4
S 94695,100089 540,573 574,592 3
S 100077,105432 568,588 590,634 1
S 100053,100168 570,588 602,621 2
S 99577,100193 547,592 593,633 1
S 100087,94688 566,591 601,623 2
S 94607,100034 540,567 568,589 1
S 98409,100198 557,578 589,634 4
S 100134,94540 569,587 594,629 4
S 94572,94688 540,567 595,628 3
S 100077,94682 562,594 600,624 1
S 100054,100203 563,594 603,620 5
S 100039,94701 565,590 595,629 5
S 55071,94554 540,564 594,630 2
S 100033,94555 564,589 592,631 2
S 95164,100191 542,572 595,629 5
S 100092,100191 564,590 603,621 4
S 100048,94625 568,590 593,631 5
S 55071,98411 540,560 561,579 5
S 100055,99310 564,594 595,634 5
S 99664,100228 556,587 598,625 1
S 99327,100054 540,582 583,600 2
S 265318,99925 541,583 584,591 4
S 99850,100032 559,583 592,632 3
S 99489,100047 542,585 586,589 2
S 100130,100154 561,594 599,625 5
S 265318,55149 553,570 603,621 2
S 100040,94617 557,597 598,630 5
S 54937,100154 540,568 601,622 5
S 100080,55149 557,599 603,621 5
S 99493,100156 545,583 592,632 3
S 55155,94699 540,550 551,566 5
S 94571,55140 540,563 594,629 1
S 94570,100132 540,571 572,596 5
S 100130,100148 560,594 602,622 2
S 100092,94683 562,593 599,624 1
S 94652,98606 542,559 600,624 4
S 99976,100040 552,595 603,620 1
S 100094,54938 565,590 591,633 5
S 100095,100024 561,594 602,622 1
S 98496,100075 543,587 588,589 5
S 99849,95161 561,581 603,621 1
S 55069,99992 540,561 567,585 5
S 94712,94916 541,570 601,623 3
S 55105,100133 540,556 560,595 3
S 99497,100031 545,585 597,626 5
S 100092,100188 560,595 601,623 2
S 99812,100175 551,590 593,631 1
S 94568,100233 540,568 592,632 1
S 94651,100041 540,573 574,592 5
S 100059,55140 570,587 597,627 3
S 94554,100030 540,557 595,629 4
S 99992,100195 558,595 596,628 1
S 99976,100197 559,588 590,634 1
S 98406,98611 557,580 590,633 2
S 100034,100227 558,595 602,622 4
S 99573,55073 551,587 595,629 5
S 55121,94539 540,560 596,627 1
S 100077,99326 566,590 592,632 2
S 98615,99332 542,575 603,620 2
S 94688,100038 540,576 577,599 1
S 94682,105433 544,561 604,619 3
S 94694,94628 540,570 597,627 2
S 55159,98412 540,560 561,587 2
S 94571,55061 540,563 596,627 2
S 94915,99330 543,571 597,626 4
S 94916,54935 540,579 596,628 4
S 100059,100029 568,588 599,625 2
S 94607,99662 540,568 569,594 2
S 99521,55070 555,577 598,625 5
S 100032,100032 567,586 602,621 5
S 94570,100038 540,564 565,597 5
S 94914,94638 540,578 596,627 5
S 54935,100192 540,560 601,623 4
S 94572,54934 540,563 595,629 2
S 55071,55148 540,566 592,631 1
S 55155,99495 540,557 558,573 4
S 55155,99307 540,557 603,621 5
S 94604,94554 540,561 595,629 3
S 55155,100032 540,553 589,634 5
S 94553,100167 540,560 597,627 3
S 100088,55135 567,591 594,630 5
S 55059,99577 540,560 561,583 2
S 99331,100036 541,577 578,592 5
S 100043,100040 558,597 598,628 5