D 199380
C 8
S 162651,156952 540,564 580,610 4
S 163129,159067 549,584 585,607 3
S 159472,163150 541,567 568,573 2
S 159800,156957 551,569 573,616 5
S 162698,160284 540,570 583,606 5
S 199378,199378 540,557 584,606 4
S 159312,160185 546,582 583,610 4
S 159462,158241 540,577 582,607 5
S 163167,157023 551,581 582,608 3
S 162667,157023 540,555 584,605 5
S 156825,158259 546,591 592,603 5
S 159249,156832 550,575 576,616 1
S 159365,158825 540,584 585,607 5
S 162662,156957 540,561 585,604 2
S 162685,159067 540,555 583,607 5
S 162664,156976 540,559 578,612 1
S 159623,199378 546,571 582,607 3
S 163164,254498 547,583 585,604 5
S 156827,160292 554,584 585,608 2
S 158894,163146 540,569 570,584 3
S 162672,156828 540,561 562,590 3
S 253504,159086 547,592 593,617 1
S 159621,160177 544,574 583,606 1
S 163164,158406 546,584 585,613 4
S 159622,158246 540,577 579,611 4
S 158893,158234 540,568 575,615 4
S 159312,156977 543,584 585,609 2
S 159547,158409 542,572 581,609 1
S 253503,159082 554,584 585,610 3
S 163152,158125 542,586 587,612 4
S 162699,158829 540,569 577,613 5
S 162671,158412 540,567 578,612 4
S 162649,163166 540,558 559,575 3
S 163152,158134 554,574 576,614 1
S 199375,253503 540,551 575,614 3
S 163128,158408 547,586 587,612 2
S 159798,253496 544,576 577,614 4
S 163164,160206 555,576 578,612 2
S 159361,158398 544,581 582,612 1
S 162674,159464 540,557 558,569 3
S 159365,159082 547,577 587,603 3
S 163236,158838 549,586 587,617 3
S 159498,160294 540,571 585,605 4
S 159472,163129 540,569 570,586 2
S 159312,160177 547,581 582,610 5
S 162675,159314 540,553 554,574 2
S 162681,158835 540,567 579,611 5
S 163128,160296 554,580 581,614 2
S 162708,160294 540,561 587,603 1
S 253502,158808 552,588 589,607 4
S 162700,159623 540,558 559,575 3
S 159479,159065 540,572 580,609 5
S 158763,163130 540,568 569,588 4
S 159479,158206 542,566 579,610 2
S 162700,158407 540,557 581,609 1
S 162699,253495 540,559 560,588 2
S 163148,158250 556,573 586,603 5
S 162667,159501 540,566 567,570 4
S 162685,159080 540,557 582,607 2
S 163165,157922 545,586 587,605 1
S 162697,160174 540,555 579,610 1
S 159480,156951 543,567 585,604 2
S 159622,158404 541,577 583,606 5
S 159689,160206 549,573 587,602 5
S 159471,158406 540,571 572,617 3
S 163152,158259 547,580 582,608 3
S 158895,160296 540,568 586,603 4
S 159433,159080 540,576 587,602 4
S 162664,158435 540,560 585,605 4
S 159622,159071 540,579 580,615 4
S 156828,160285 557,580 582,608 1
S 163146,159087 550,580 581,617 1
S 159463,158173 540,574 577,612 5
S 162665,158822 540,553 579,611 3
S 158771,199378 540,563 584,606 3
S 159499,158839 540,576 577,616 4
S 159685,158250 540,581 582,611 4
S 162672,158819 540,561 582,607 5
S 159479,158404 540,572 576,613 4
S 159548,156828 540,579 580,588 1
S 158765,158809 540,570 581,608 1
S 162672,159546 540,563 564,569 4
S 162667,163135 540,565 566,588 1
S 159621,156832 543,575 584,606 5
S 156828,158402 559,578 583,606 3
S 156826,159086 557,580 583,606 1
S 159365,158413 548,576 578,612 3
S 163151,157023 556,572 583,606 3
S 158770,158125 540,564 587,603 3
S 159246,158279 548,578 579,612 3
S 159463,253495 540,578 585,605 4
S 159462,163129 543,568 569,582 1
S 253504,156977 548,590 591,615 4
S 158770,160187 540,568 587,602 3
S 162668,159626 540,552 553,580 2
S 162699,158125 540,562 587,602 5
S 159687,158135 550,573 575,615 5
S 163128,160198 556,578 579,614 2
S 163163,158435 550,581 582,611 4
S 158769,157922 540,567 579,611 5