D 215661
C 12
S 182279,215649 578,594 632,648 2
S 215725,184094 540,560 620,659 1
S 184178,215649 542,586 622,657 5
S 183672,180190 549,592 620,660 5
S 248171,194817 558,590 620,660 1
S 248179,184062 562,586 627,652 4
S 191064,181929 550,575 618,661 4
S 211345,179870 540,560 625,654 1
S 211612,194801 540,555 556,576 2
S 216513,182503 540,558 583,600 1
S 182360,183139 562,605 624,655 2
S 191280,180023 564,582 617,662 3
S 194814,182387 542,571 572,606 2
S 194790,182287 543,574 626,653 5
S 194523,183530 547,576 577,597 1
S 191064,182506 544,582 583,604 2
S 216495,212001 540,559 631,649 3
S 194821,249962 540,576 577,593 2
S 182545,179962 580,601 629,651 4
S 191037,183139 545,576 630,650 4
S 191039,183534 541,579 580,597 5
S 183536,191062 562,587 625,654 2
S 248181,183139 552,597 632,647 5
S 194788,182545 550,566 583,599 1
S 209640,183492 540,575 576,597 5
S 183534,180060 566,585 632,648 3
S 183668,191076 554,588 624,655 2
S 215757,182393 540,552 572,608 4
S 183677,179851 563,579 627,653 5
S 239724,195117 540,548 631,648 4
S 184178,191039 543,585 622,658 1
S 209642,182506 541,565 618,662 3
S 194817,183836 542,572 622,658 1
S 183395,182505 554,599 630,650 5
S 215732,182176 540,564 621,658 3
S 249962,250402 573,593 627,652 3
S 182508,250402 583,602 629,650 1
S 211364,181900 540,568 624,656 5
S 216495,211992 540,557 627,652 2
S 248181,179702 553,595 596,606 1
S 183525,180191 564,588 632,647 4
S 209640,249654 542,565 622,658 1
S 209456,195119 540,577 631,649 3
S 183534,180057 562,589 627,652 1
S 191040,194823 550,572 617,662 5
S 182543,191038 577,603 622,658 3
S 216488,215657 540,551 620,660 2
S 182505,191036 582,602 630,650 3
S 182505,179872 584,599 618,662 1
S 195145,195109 540,576 617,662 5
S 183671,181925 559,583 631,649 1
S 182545,182287 575,606 624,655 1
S 183527,182547 558,594 595,607 1
S 184181,182503 556,572 579,604 2
S 191065,248181 555,571 572,589 3
S 179708,179873 577,598 628,651 4
S 191064,191058 549,576 618,662 2
S 249616,182196 552,578 620,659 5
S 179691,183139 579,595 618,662 2
S 216519,209455 540,560 561,576 3
S 182546,181953 572,609 621,658 3
S 194787,191063 550,565 623,657 1
S 216510,191058 540,559 626,654 4
S 209641,183858 540,567 623,656 5
S 211335,194524 540,573 620,660 5
S 215759,184183 540,554 623,656 4
S 194808,183401 543,571 572,594 2
S 249619,183479 546,586 587,591 5
S 249620,183850 546,587 626,654 5
S 183453,194787 570,593 632,648 5
S 216518,183844 540,562 622,658 1
S 179707,209679 567,608 629,650 2
S 194787,182128 540,575 620,660 4
S 211614,180208 540,567 619,660 4
S 211446,183482 540,566 567,594 1
S 248181,194801 562,586 622,658 4
S 211346,191281 540,562 565,580 2
S 191076,181958 547,577 624,656 5
S 194807,247637 540,576 627,653 1
S 211335,248170 540,572 573,584 3
S 182385,183865 573,604 630,650 1
S 182280,194817 570,601 632,648 2
S 182285,182131 571,599 621,659 3
S 194787,248171 544,571 572,586 1
S 216494,191037 540,555 628,652 2
S 211342,191063 540,562 626,654 2
S 183678,180060 550,592 619,661 3
S 183480,249652 566,596 617,662 1
S 216488,182301 540,556 576,591 5
S 194821,179848 548,565 619,660 3
S 209642,183696 540,570 618,661 1
S 248181,182565 558,590 621,658 2
S 183524,180186 563,589 630,650 3
S 211368,183943 544,559 623,656 3
S 183396,181959 554,599 631,648 5
S 194802,183493 540,582 583,585 3
S 211356,195134 540,571 628,651 2
S 194807,212001 540,579 631,649 3
S 191076,248182 540,584 585,589 4
S 184142,191059 558,580 625,654 2