D 176181
C 11
S 176178,176176 540,559 594,609 3
S 176180,171750 540,558 592,611 3
S 176869,165428 540,565 566,581 4
S 133503,172377 562,596 597,610 5
S 142577,172376 554,590 591,616 2
S 177303,133490 549,570 571,588 1
S 134210,136051 555,600 601,623 2
S 135441,143520 568,587 588,620 4
S 142505,133499 567,582 593,611 5
S 142809,133530 551,590 591,616 1
S 177063,134213 543,568 569,598 1
S 176868,133497 540,569 570,598 4
S 176868,135495 540,565 592,612 3
S 177058,142896 540,577 583,620 1
S 133493,135494 564,594 595,610 5
S 176131,171750 540,559 586,617 4
S 149086,172050 556,580 581,622 1
S 172448,177321 540,558 559,568 5
S 176175,165450 540,549 550,585 4
S 136024,133496 564,586 587,616 3
S 142580,143173 561,583 584,621 2
S 133499,176110 570,589 590,622 1
S 176586,177320 540,561 562,576 4
S 176606,137066 540,561 562,592 4
S 177017,165451 540,569 570,576 4
S 176865,142546 540,573 574,591 3
S 172352,135455 540,560 564,590 1
S 172350,176175 540,569 590,613 3
S 177015,165451 540,569 570,576 5
S 149086,133495 556,579 591,613 5
S 176178,172374 540,555 593,611 4
S 176609,135452 540,564 565,597 4
S 133493,176110 569,589 593,610 1
S 172353,143517 540,564 588,615 4
S 177014,142877 546,561 584,620 2
S 176106,143224 540,558 587,617 5
S 172351,177142 540,556 557,579 5
S 165423,148897 548,588 589,614 1
S 177312,134207 543,580 582,622 3
S 143415,137132 547,591 594,609 4
S 176177,137130 540,561 585,619 4
S 177317,172357 541,577 587,616 5
S 176869,136048 540,567 585,618 1
S 177348,143435 546,568 569,590 3
S 176131,134213 540,560 570,586 5
S 135455,172144 563,591 592,612 3
S 176842,142544 543,567 568,589 2
S 172350,142588 540,555 559,584 3
S 177019,133496 540,572 573,589 2
S 176100,135860 540,552 563,589 4
S 177067,165423 540,575 576,579 3
S 137067,176109 559,590 592,611 1
S 177022,135453 540,563 564,597 1
S 171666,133504 542,587 588,596 4
S 177019,176131 540,571 584,619 3
S 176131,172357 540,563 587,617 4
S 133499,137129 557,602 603,620 5
S 172446,176132 540,567 590,613 1
S 177023,171763 540,573 582,622 1
S 142546,176109 565,580 592,612 2
S 136024,172200 556,595 596,612 1
S 172460,171750 540,566 584,620 4
S 177058,142855 542,567 589,615 3
S 165427,133490 548,587 588,591 5
S 177057,136047 540,576 589,615 3
S 176180,137067 540,547 553,597 5
S 176596,137134 540,571 590,613 2
S 134210,176175 568,588 589,615 3
S 177303,172443 555,570 593,611 3
S 176707,137046 545,583 590,613 2
S 176610,172375 540,569 589,615 1
S 177014,137134 542,564 580,624 5
S 177314,133529 550,568 593,611 4
S 176864,177144 541,562 563,572 2
S 177349,143438 540,577 578,584 1
S 165448,134206 557,576 581,622 2
S 133489,172377 568,591 592,622 3
S 165424,176167 555,581 582,622 4
S 137066,172051 567,583 587,617 2
S 172444,171666 540,567 568,575 5
S 176604,176707 540,568 569,582 5
S 176839,133511 542,568 583,620 3
S 176167,176167 540,555 594,610 5
S 142544,176166 553,591 592,618 5
S 135862,135483 563,588 589,621 4
S 176606,135494 540,567 587,617 4
S 176587,137131 540,566 584,620 1
S 142800,133516 557,584 588,615 5
S 142513,134207 551,595 596,622 3
S 176707,172195 552,576 583,621 1
S 172455,177310 540,560 561,584 2
S 133495,176101 570,589 590,619 1
S 172446,135861 540,564 567,585 1
S 136024,143224 561,590 591,621 3
S 142544,135483 552,593 594,617 2
S 143436,148971 557,580 590,614 4
S 176105,135495 540,558 590,614 5
S 165433,176109 555,579 589,614 4
S 142799,172356 560,582 586,618 5
S 176101,133499 540,551 581,622 3