D 242155
C 11
S 205512,204319 598,623 624,637 1
S 207600,204509 566,606 674,710 5
S 245914,204475 640,663 683,702 2
S 204278,203778 619,634 635,662 2
S 203781,245577 630,654 676,708 2
S 246136,204279 637,658 678,707 3
S 207218,203905 549,577 678,706 4
S 207201,245577 579,615 680,705 4
S 218134,205487 570,594 597,630 3
S 245920,204319 637,663 671,714 1
S 205534,204277 591,625 679,705 5
S 245899,204338 638,660 672,713 1
S 205488,205477 602,626 683,702 1
S 204622,205491 610,627 684,701 3
S 202653,205479 588,630 680,705 1
S 246140,204274 629,665 684,700 2
S 203909,203900 616,655 672,712 3
S 218134,203954 563,598 619,646 4
S 245583,203958 611,634 635,655 5
S 205531,205477 540,559 595,638 2
S 204638,204326 596,641 673,712 5
S 203779,203660 626,658 681,704 3
S 218022,203769 572,595 628,653 2
S 206992,203776 547,563 684,701 2
S 245860,203770 630,658 680,704 1
S 205532,204323 594,623 683,702 4
S 207216,203957 545,583 615,651 4
S 241990,245888 594,619 629,669 5
S 203883,204280 624,650 678,706 1
S 207276,205504 555,573 593,629 3
S 207272,205477 579,610 679,706 4
S 204356,205479 606,638 670,715 5
S 206993,203768 584,620 679,706 5
S 207275,203765 551,578 629,649 1
S 242003,204156 540,566 617,639 3
S 207368,245863 574,612 626,662 4
S 206994,203664 544,568 676,709 1
S 207217,204475 548,578 675,709 4
S 245857,245882 631,659 671,714 3
S 218128,207005 565,596 597,614 4
S 206992,204339 540,574 609,647 3
S 218122,204513 557,601 670,715 3
S 203769,203960 633,648 672,712 5
S 245577,203961 612,634 635,647 3
S 202789,204277 597,626 680,704 3
S 207271,204318 574,615 616,639 2
S 207601,245578 564,607 684,701 4
S 218057,203766 565,609 679,705 5
S 218129,203769 566,600 623,658 1
S 241988,244957 540,563 594,616 1
S 246140,203848 627,667 674,710 2
S 205513,203765 597,623 672,712 2
S 241658,203661 557,582 683,702 5
S 205494,204275 540,560 677,707 4
S 218135,203663 570,594 670,715 1
S 207273,203960 543,588 678,706 5
S 203963,245878 617,653 684,701 5
S 205519,218069 540,567 577,596 4
S 218057,242149 565,586 684,700 2
S 203957,203769 611,655 673,711 3
S 204791,205491 607,628 672,712 3
S 203906,203884 625,648 674,710 1
S 241659,245907 572,610 645,660 5
S 207057,218133 545,574 575,591 1
S 205519,207602 540,557 568,602 1
S 218053,202664 564,589 602,617 5
S 207202,218069 546,578 579,597 5
S 205483,203883 602,628 684,700 2
S 203769,203957 621,659 674,710 3
S 207204,204474 576,618 619,635 5
S 206998,203766 542,569 630,649 5
S 207120,246140 540,579 672,712 1
S 203900,245913 628,645 675,709 3
S 218022,204338 576,591 670,715 5
S 203958,245886 612,655 656,669 4
S 241656,203665 578,603 676,708 4
S 241659,204319 583,600 607,642 2
S 241961,203962 591,621 622,647 4
S 207274,241960 544,585 594,617 1
S 244966,207548 546,562 563,590 2
S 207600,203909 578,594 618,653 2
S 207154,203660 581,615 616,644 4
S 241958,204793 540,565 598,636 3
S 244963,207526 540,566 569,611 5
S 207203,204276 540,584 671,713 3
S 207003,207201 543,570 582,611 2
S 207561,205484 575,602 603,635 4
S 244966,204339 594,612 685,700 3
S 203961,203765 622,646 684,700 5
S 244963,205478 589,619 677,708 1
S 207200,245576 546,579 672,712 1
S 207272,244958 584,604 605,612 5
S 202662,245862 601,617 636,652 3
S 245911,205485 645,663 677,708 5
S 241960,245899 598,613 631,668 2
S 203765,245637 631,647 680,705 5
S 207271,242148 581,607 678,706 1
S 207542,206845 575,603 604,622 4
S 205497,203771 540,552 684,701 4
S 245862,203664 623,665 682,703 3