D 231113
C 11
S 218626,198394 544,569 570,585 1
S 199031,230881 550,593 601,621 1
S 198441,208001 563,585 592,630 2
S 231063,207764 540,563 564,581 5
S 217748,198441 551,567 568,584 3
S 208551,222576 543,583 592,629 2
S 222546,198467 540,566 567,592 3
S 222542,207762 540,563 564,583 5
S 218653,222623 547,563 592,630 2
S 198447,231118 557,593 594,630 4
S 217778,207940 544,571 592,629 4
S 218649,219587 540,578 592,629 1
S 218582,219588 545,569 590,631 3
S 217777,217549 540,578 597,625 4
S 198521,198318 556,598 602,619 2
S 219911,207921 542,557 558,585 1
S 208634,219241 540,583 593,629 4
S 231078,198328 540,557 602,620 3
S 219647,198984 540,572 590,631 1
S 219230,222418 540,575 596,625 5
S 222420,222546 542,557 593,629 1
S 198411,208040 561,591 599,622 1
S 208460,217630 556,572 602,619 5
S 208538,217546 545,579 598,623 3
S 231078,222542 540,554 595,627 1
S 208660,198509 551,571 572,591 1
S 231113,198417 540,556 557,596 4
S 222499,217779 540,562 563,568 2
S 219643,219251 541,561 601,620 3
S 222491,208659 540,557 558,580 2
S 235353,219517 540,556 603,619 1
S 208657,217532 541,580 589,632 2
S 198311,198982 557,589 592,629 3
S 208655,219585 542,578 595,627 5
S 198467,197946 552,596 597,624 5
S 235353,219638 540,553 554,573 5
S 207762,231118 551,584 594,628 4
S 208112,197944 549,584 600,622 4
S 198312,219557 556,590 595,627 2
S 198505,219585 565,582 593,628 3
S 231063,219219 540,554 555,565 4
S 208459,198328 556,573 588,633 2
S 231078,230874 540,557 591,630 3
S 222486,239375 540,568 598,624 4
S 241506,207934 550,588 601,620 5
S 198443,198975 560,588 590,632 2
S 208634,219255 546,577 598,623 4
S 218650,217549 546,564 590,631 3
S 219646,231061 540,567 590,632 5
S 218966,219581 545,564 601,620 2
S 208550,219518 545,580 597,624 4
S 217748,222480 551,567 593,629 4
S 219648,219588 540,569 599,623 3
S 207919,219916 550,585 602,619 2
S 198417,198320 559,592 597,624 2
S 219218,198390 540,573 591,631 1
S 219217,208001 540,568 597,625 2
S 222467,219240 540,558 592,630 3
S 207940,231088 548,592 594,627 4
S 219644,217551 540,564 593,629 1
S 198411,208001 556,595 596,633 3
S 198312,207941 557,588 600,621 4
S 219635,222480 540,566 589,633 5
S 222553,198441 540,553 560,587 1
S 222554,208112 540,555 556,580 1
S 208823,207940 545,575 576,583 3
S 208655,198393 543,577 601,620 1
S 222555,231089 540,564 600,622 1
S 222420,198354 540,568 592,630 3
S 219636,198447 540,567 568,586 2
S 217770,198389 544,574 600,622 1
S 208039,217533 559,574 591,631 4
S 198971,207935 555,588 591,631 3
S 219644,208493 540,570 571,574 2
S 222552,198499 540,567 568,584 3
S 199031,198373 555,588 591,630 3
S 222620,208634 540,567 568,576 1
S 207762,198952 555,579 596,626 1
S 208488,219249 552,576 592,630 1
S 231061,208659 540,564 565,573 1
S 207769,219556 557,579 595,626 5
S 222621,217777 540,562 563,568 2
S 222422,198466 540,561 562,591 2
S 208101,231114 547,585 589,633 4
S 219230,217631 540,565 602,620 5
S 198448,231062 553,596 597,632 1
S 208099,198978 547,584 598,624 3
S 235352,222622 540,556 588,633 4
S 222422,198505 540,571 572,594 5
S 219216,208460 541,565 566,584 1
S 208039,208003 547,586 594,628 2
S 222558,231078 540,563 600,621 2
S 198447,222542 554,595 596,628 2
S 219649,219590 540,561 591,630 3
S 208422,231061 551,580 601,620 3
S 198417,219915 558,592 601,620 2
S 218626,207934 547,565 595,626 2
S 208658,219575 544,577 591,630 1
S 222558,198987 540,562 563,584 5
S 222623,222480 540,558 603,619 5