D 9205
C 11
S 24655,52872 549,589 642,665 4
S 11168,274235 540,563 632,674 4
S 49482,11137 566,594 642,665 3
S 94519,94520 581,611 643,664 5
S 52874,47372 571,600 631,675 2
S 266528,9237 577,621 638,668 5
S 24540,11116 550,583 638,669 1
S 47365,9233 568,598 641,665 3
S 26276,54938 561,582 636,671 4
S 94521,94521 575,616 633,673 1
S 23074,49490 545,566 642,664 5
S 9240,26282 540,563 564,583 4
S 52767,94539 573,596 634,673 5
S 54936,24340 568,610 635,672 5
S 24647,54935 556,582 640,667 2
S 9233,94517 540,559 581,616 4
S 55077,24424 570,606 643,664 4
S 9235,41194 540,556 563,592 3
S 24310,55077 553,573 581,596 5
S 266473,11605 571,615 638,668 5
S 24311,94554 543,583 584,607 1
S 24314,11143 544,580 643,663 4
S 266497,24492 577,617 642,665 1
S 41189,26368 554,599 631,676 3
S 11114,11146 546,563 633,674 4
S 24053,23077 542,578 645,662 3
S 266497,26406 580,614 641,665 1
S 26280,94569 559,583 643,664 2
S 24080,49110 547,572 637,670 2
S 282593,266527 540,552 578,621 3
S 52767,49489 569,600 637,670 5
S 24541,47511 548,585 631,676 4
S 94522,55071 584,606 632,674 1
S 49108,40939 566,593 643,664 4
S 47411,47366 560,595 635,672 2
S 23074,54933 547,565 573,607 5
S 21483,24421 540,573 646,661 2
S 11115,55061 542,568 635,671 3
S 24604,47367 559,577 578,591 1
S 21484,26406 542,567 631,675 3
S 266549,266513 583,615 632,674 4
S 11136,9236 540,564 632,675 1
S 11137,49393 540,573 642,664 2
S 94618,47371 580,603 633,674 2
S 11138,52777 540,565 635,672 4
S 24281,41185 550,574 575,594 2
S 26282,9188 555,586 634,672 3
S 52761,48823 571,597 637,669 4
S 11166,94555 540,567 574,605 4
S 266499,9234 580,615 631,676 3
S 21464,47365 540,567 631,675 2
S 21466,47375 545,560 569,595 2
S 55070,94569 568,606 636,670 5
S 26276,52874 563,581 640,667 3
S 9241,24424 540,552 636,671 2
S 41155,47513 553,598 645,661 1
S 266559,49491 580,619 636,671 3
S 11135,26416 544,560 633,674 2
S 23057,41194 546,567 568,597 5
S 47365,40941 575,592 638,668 5
S 55077,11145 570,607 644,663 1
S 11168,24282 540,554 555,575 4
S 24277,94553 548,575 576,606 1
S 52778,266526 574,597 598,616 5
S 266559,9240 578,620 637,670 3
S 24080,24340 540,580 631,676 2
S 23059,47374 547,566 634,672 4
S 49483,24248 566,596 640,666 1
S 49397,24425 572,588 643,663 5
S 94527,26366 586,602 642,665 4
S 11145,47375 540,565 645,661 1
S 52767,266529 571,597 598,616 3
S 266526,48956 591,607 632,674 1
S 11135,47423 540,564 639,667 1
S 55073,24512 571,604 640,667 4
S 49105,54935 564,595 596,609 4
S 11148,47423 540,569 641,665 5
S 11166,48839 540,563 642,664 2
S 47366,23098 570,597 635,672 3
S 11142,266496 540,573 582,613 1
S 41157,49396 556,593 638,668 5
S 55071,94554 579,596 643,664 3
S 49487,94568 570,592 644,662 3
S 24314,48838 549,575 633,673 3
S 11169,94624 540,556 576,610 4
S 24309,24423 556,571 644,662 3
S 26281,21483 548,593 631,675 1
S 9240,49396 540,558 634,673 5
S 21465,24428 544,560 642,664 2
S 266526,47419 581,618 645,662 4
S 52761,94617 572,595 645,662 5
S 24080,47367 540,581 582,597 3
S 41156,266494 560,589 590,606 5
S 24620,266513 548,587 635,672 2
S 23102,41193 540,576 577,588 3
S 54938,24102 579,598 640,666 3
S 24656,94617 557,582 583,608 4
S 55062,47440 569,604 639,667 4
S 41159,47513 557,591 637,670 4
S 21484,52777 541,567 645,662 5