D 208686
C 9
S 206039,162781 546,589 590,594 3
S 205773,179191 554,586 600,633 5
S 206069,254170 555,572 574,590 4
S 205775,198119 550,591 594,639 4
S 208125,198119 540,552 604,630 2
S 207750,162738 540,575 595,639 1
S 254166,192379 565,600 601,636 2
S 199157,192486 540,564 565,583 2
S 208146,179365 540,565 599,634 2
S 206066,192794 557,573 595,639 2
S 207752,179275 540,571 572,591 3
S 208415,250511 540,554 605,628 2
S 208142,198252 540,558 600,633 5
S 208127,179199 540,566 607,626 3
S 205768,208574 558,579 602,631 3
S 206082,250499 552,573 598,635 1
S 192463,208184 564,581 604,629 1
S 192378,179365 558,589 608,625 5
S 207741,208182 543,572 607,626 5
S 207751,198122 542,568 594,639 1
S 208583,208184 540,548 604,629 4
S 206040,250501 553,582 605,628 1
S 160144,198103 571,590 604,629 3
S 205770,250516 550,588 608,626 5
S 206059,254172 557,572 609,625 5
S 208575,198032 540,559 600,634 3
S 162738,208132 558,602 603,635 3
S 208684,205772 540,562 563,591 3
S 208142,198254 540,561 599,634 1
S 205773,198073 549,590 609,624 2
S 205777,162781 552,585 603,630 3
S 206060,208130 546,582 606,627 1
S 192609,198253 562,579 603,630 5
S 206061,160145 546,582 601,632 2
S 192460,198063 554,591 596,637 3
S 207744,205772 550,566 567,583 1
S 179287,179199 562,588 594,639 2
S 208146,179190 540,567 607,626 2
S 208125,198072 540,553 608,626 1
S 208574,179190 540,548 555,595 5
S 206035,192366 552,584 605,628 5
S 208683,208413 540,556 606,627 1
S 250499,208148 569,587 596,637 2
S 208573,206139 540,550 551,568 5
S 199164,250510 540,562 595,638 1
S 206061,179191 543,586 606,627 5
S 192379,192688 553,595 603,631 2
S 207753,205769 546,563 564,582 5
S 179192,198253 556,595 596,638 5
S 162781,208682 570,588 600,633 3
S 208574,162754 540,549 569,590 1
S 206051,208172 550,585 601,633 3
S 160141,208463 564,597 601,633 2
S 208684,254167 540,561 567,598 4
S 206432,193093 558,575 605,629 3
S 206433,198073 549,585 609,625 1
S 208129,192937 540,556 596,637 2
S 179395,192795 560,589 605,629 3
S 192460,160143 564,581 594,639 3
S 208683,208473 540,554 609,625 2
S 192487,162782 556,587 595,639 2
S 250506,192794 561,593 605,629 5
S 192483,208174 556,588 602,632 4
S 160143,208476 561,600 601,635 2
S 179365,160148 564,584 605,628 4
S 205772,160145 558,581 582,593 4
S 208132,198022 540,564 605,628 2
S 206067,198026 547,586 609,624 1
S 206134,250507 550,571 572,585 2
S 179287,208184 568,583 608,625 1
S 192460,208683 563,582 603,630 3
S 208130,206061 540,558 559,575 1
S 208130,192461 540,567 568,589 5
S 162739,179199 558,602 607,626 4
S 160151,208146 566,597 598,636 3
S 199157,208140 540,575 598,635 4
S 206131,160144 549,574 598,636 1
S 208682,208683 540,551 597,637 1
S 162781,208185 571,586 595,638 5
S 254170,208179 567,598 603,630 1
S 207748,192377 542,578 601,632 4
S 160145,208465 570,591 607,626 4
S 208148,192701 540,563 608,625 1
S 206050,250498 548,588 608,626 3
S 179274,208142 554,598 599,639 1
S 208414,198063 540,558 595,638 3
S 162776,199077 559,598 599,639 2
S 254170,192939 572,593 596,638 1
S 208461,250501 540,563 595,639 3
S 206433,250507 553,580 601,633 4
S 206134,250511 542,578 579,594 3
S 250502,162776 558,597 605,628 4
S 208583,198141 540,550 601,632 1
S 179287,208128 553,597 598,639 2
S 208130,207745 540,556 557,576 2
S 160144,199081 567,594 603,630 4
S 192459,160142 560,585 608,626 5
S 207750,208185 542,570 600,633 4
S 206434,192936 545,587 599,635 5
S 207744,179193 544,573 574,596 5