D 244046
C 12
S 195817,207106 574,610 628,671 5
S 198582,207176 552,594 636,662 2
S 206706,198303 540,578 629,670 3
S 207177,196090 544,565 627,672 4
S 195836,198578 580,609 638,661 1
S 241941,195946 540,570 580,598 1
S 198298,196924 548,581 582,602 2
S 199150,193965 548,578 579,593 3
S 206699,198913 542,576 638,661 4
S 195931,207737 575,607 629,670 5
S 198565,196861 555,588 640,659 5
S 196858,198907 563,608 641,657 1
S 196903,195680 575,592 593,607 1
S 195680,197853 575,619 630,669 3
S 207134,198971 540,570 629,670 2
S 197832,243734 556,597 630,668 4
S 244061,196903 540,557 567,600 5
S 207106,195842 544,561 629,669 4
S 197091,195975 570,592 629,669 4
S 198903,206702 554,587 641,657 3
S 195951,206700 571,610 638,661 4
S 195842,197536 579,609 634,664 2
S 207058,195974 540,572 635,663 4
S 243727,196095 540,553 584,612 3
S 196095,195961 581,614 632,667 4
S 195949,195835 576,605 641,658 2
S 207105,195689 544,561 635,663 2
S 244063,198897 540,557 558,588 3
S 195836,195751 577,612 635,663 3
S 243742,199031 540,560 561,577 5
S 206905,241942 540,577 632,667 5
S 197507,197088 560,597 627,672 2
S 198566,198971 555,588 631,667 4
S 195815,206911 575,609 633,666 4
S 243738,195750 540,569 639,660 1
S 206906,198585 548,564 639,660 5
S 198578,195958 563,583 633,665 4
S 199101,197538 548,579 580,595 1
S 207094,195681 540,575 576,619 2
S 197089,198564 569,592 633,666 3
S 195836,198588 580,609 630,669 2
S 198588,206699 563,585 640,659 1
S 207753,243739 551,573 633,666 3
S 199032,206393 550,585 629,670 1
S 197091,244042 568,595 641,657 5
S 207104,207752 540,567 640,659 1
S 207405,196924 545,574 640,658 3
S 198910,195974 560,580 581,607 2
S 198564,195752 560,583 642,657 5
S 196892,195825 566,603 634,664 2
S 195751,196904 583,607 627,671 1
S 196899,197839 574,594 641,658 2
S 207406,206394 542,577 637,661 3
S 206700,207179 546,570 628,670 4
S 198589,243742 557,593 636,663 2
S 199151,241943 547,577 637,661 5
S 193965,199033 559,604 641,657 3
S 195683,196090 585,609 638,660 2
S 207753,195680 554,570 582,613 4
S 198567,195752 561,584 585,609 1
S 243729,207749 540,553 554,580 2
S 197090,207137 559,603 631,667 1
S 198916,241936 553,585 629,670 2
S 196782,198567 576,595 628,670 1
S 196921,243728 568,598 628,671 1
S 207058,198584 544,560 561,595 4
S 244061,195958 540,556 635,663 4
S 244061,206904 540,556 557,569 4
S 197559,195959 567,589 638,660 3
S 195975,195680 572,602 603,619 1
S 195676,206189 585,611 640,658 5
S 198568,195931 555,589 590,610 2
S 207095,195920 540,569 579,603 5
S 207123,196839 540,568 640,659 1
S 243734,198910 540,555 556,591 5
S 195843,197559 584,604 630,669 1
S 198585,207738 559,589 630,669 2
S 195952,199077 569,611 634,665 2
S 197855,207059 566,585 629,669 1
S 244055,196901 540,550 569,599 2
S 207102,207753 540,575 636,663 4
S 244111,199150 540,559 560,570 4
S 197514,195835 560,598 627,671 2
S 244049,206189 540,549 630,669 2
S 207137,196782 540,565 573,598 4
S 197860,207102 560,589 633,666 2
S 243729,206699 540,554 555,567 4
S 197088,195817 570,591 592,607 3
S 197832,207176 563,591 635,663 2
S 206903,207137 540,575 641,658 1
S 196893,197551 563,606 627,672 3
S 193965,197855 559,603 627,672 3
S 198578,198951 564,581 632,666 5
S 241944,207102 540,570 627,671 4
S 195933,196095 583,599 641,658 4
S 196899,197091 566,601 627,672 2
S 197839,195826 558,594 595,602 4
S 206394,195817 543,576 628,671 1
S 198565,195909 564,580 642,657 3
S 197515,197826 561,597 632,667 4