D 67595
C 10
S 199326,157651 565,599 644,668 3
S 160180,205986 565,591 592,608 1
S 124526,67592 557,581 649,664 5
S 124535,207006 548,586 639,674 4
S 206994,82195 586,606 645,667 2
S 69344,205551 540,564 572,605 4
S 205706,67828 567,605 648,664 4
S 207012,205978 592,608 636,676 3
S 124528,124571 553,584 647,665 1
S 199287,260410 571,589 639,673 1
S 69344,124524 540,568 640,673 5
S 127425,205549 553,586 641,672 4
S 205986,67574 581,599 646,666 2
S 124535,260410 550,583 637,676 3
S 84830,207137 540,571 584,613 4
S 67587,124605 540,567 640,673 3
S 199291,124538 571,587 639,673 5
S 206747,207006 569,613 634,679 4
S 124686,201956 542,571 637,676 1
S 124688,205978 543,568 634,678 3
S 268061,206809 540,577 580,603 1
S 206993,202033 573,618 644,668 5
S 67630,84981 540,560 643,669 3
S 67887,157142 540,555 556,592 5
S 157655,201953 553,598 645,667 1
S 157137,199293 558,588 636,676 2
S 206808,259950 582,602 644,669 1
S 205549,202008 580,598 635,678 3
S 67888,124606 540,564 644,669 3
S 199322,124593 565,599 641,671 5
S 84974,82055 540,571 645,668 4
S 207043,201951 577,622 649,664 2
S 207012,201950 580,621 635,678 5
S 205551,124529 568,609 643,669 1
S 67884,124589 540,559 643,670 3
S 84830,124607 543,564 644,669 4
S 206992,124605 587,603 634,678 3
S 207124,124607 589,610 643,670 1
S 201956,202032 567,601 639,674 1
S 201308,206998 575,590 591,619 3
S 124536,205997 550,584 585,602 2
S 82134,157655 540,564 565,597 4
S 124703,207137 540,578 579,619 5
S 157133,207042 557,591 592,614 2
S 84821,207002 540,567 582,612 1
S 124526,82057 560,578 641,672 3
S 202009,201307 571,600 642,671 5
S 124571,127424 541,584 646,666 4
S 67888,205986 540,565 577,603 5
S 67575,67828 540,556 642,670 4
S 199298,157383 570,591 648,665 2
S 157142,67573 551,592 647,665 2
S 260208,206849 548,573 646,666 5
S 67594,67561 540,562 634,679 4
S 157144,206990 556,585 648,665 4
S 205553,67846 576,600 648,665 4
S 199289,206991 561,597 598,616 2
S 124537,206808 544,589 590,609 1
S 69383,205706 540,565 569,604 2
S 84833,157137 540,571 572,587 4
S 207002,205553 581,613 639,674 5
S 206991,157384 581,608 643,669 4
S 206994,206825 582,610 640,672 5
S 205556,199321 578,595 634,679 4
S 205978,205710 566,611 643,670 2
S 260207,160181 540,583 584,594 1
S 157134,260378 562,584 643,669 2
S 124700,206989 540,576 634,678 2
S 124537,205985 548,584 585,603 1
S 206808,82058 572,611 644,669 5
S 206831,205986 579,606 647,666 4
S 69391,157142 540,570 646,667 4
S 157144,260340 549,592 634,678 5
S 206836,67849 575,612 647,666 5
S 199321,67571 566,597 634,679 1
S 124534,67841 547,587 641,671 2
S 260406,207048 551,579 590,606 2
S 207006,201957 583,619 639,674 5
S 260409,199321 549,582 583,592 2
S 124703,199294 540,575 646,666 5
S 67592,260208 540,554 555,582 2
S 84821,207007 540,572 638,674 5
S 201956,127422 565,602 642,671 1
S 260344,192591 552,575 576,596 3
S 207000,205549 581,612 647,665 5
S 192590,67859 561,592 639,673 2
S 124528,157665 551,585 645,667 3
S 199321,157142 574,589 639,674 5
S 69376,199288 540,564 644,669 2
S 124701,199322 550,565 572,591 1
S 124700,202010 540,579 580,605 3
S 268061,82197 545,565 637,676 5
S 205552,201957 572,603 644,668 3
S 202035,206823 571,601 646,666 5
S 207012,206836 589,612 634,679 5
S 124728,199286 540,581 582,602 4
S 124728,199321 549,567 636,677 5
S 82118,157924 540,570 571,587 1
S 82130,199294 540,574 641,671 1
S 260336,206994 543,581 585,607 5