D 671
C 10
S 1372,769 569,593 626,650 2
S 1645,2694 575,595 603,638 4
S 1314,1645 560,581 582,596 5
S 1357,2670 588,615 616,635 3
S 2732,2669 540,563 601,627 1
S 1315,1319 555,587 596,621 5
S 1196,756 542,581 626,651 3
S 1363,2975 584,615 628,648 3
S 1320,2571 556,588 590,623 5
S 2695,1018 600,642 643,648 4
S 2578,2697 596,614 626,651 3
S 1401,1023 581,603 622,655 3
S 1256,2577 551,576 597,613 4
S 1650,2980 575,613 617,660 4
S 2697,6730 604,641 642,648 2
S 2743,1360 540,569 592,609 4
S 1112,2691 540,575 607,632 4
S 1387,284895 577,592 593,622 3
S 284849,284591 579,596 597,612 5
S 2682,2898 600,635 636,656 4
S 1256,1693 553,575 576,593 3
S 1338,1314 558,591 601,617 2
S 2692,706 606,634 635,654 5
S 284432,1325 540,572 573,587 1
S 1371,1312 580,614 615,622 1
S 1679,3152 566,600 621,656 3
S 1251,2686 542,584 603,635 4
S 1256,759 548,580 630,647 4
S 1348,757 594,614 627,649 2
S 1322,3172 559,587 620,656 1
S 1208,1353 540,575 576,595 5
S 1320,284856 553,590 591,611 4
S 2692,1018 605,635 636,647 4
S 1693,2683 573,592 605,631 3
S 284596,2978 571,587 630,646 3
S 2731,1645 540,574 575,595 3
S 722,1195 540,559 560,582 2
S 284595,2676 558,601 602,631 1
S 1337,757 564,585 622,654 2
S 1359,3151 593,609 629,648 5
S 1650,1319 566,600 601,630 2
S 1198,2694 548,573 602,640 4
S 2733,1386 543,559 572,614 1
S 1400,6733 575,595 617,660 4
S 1354,2974 588,616 618,659 5
S 2730,2892 542,561 618,658 5
S 1194,2670 551,573 602,628 2
S 1347,3199 589,619 630,646 1
S 1320,284866 561,583 584,603 2
S 2678,2975 599,634 635,654 4
S 1679,2680 577,611 612,626 4
S 1321,1693 561,584 585,616 1
S 1322,6848 565,581 596,630 4
S 1319,709 587,629 630,653 4
S 2735,283048 540,562 624,653 4
S 1355,2949 579,624 625,657 4
S 1354,2678 557,594 605,627 3
S 1194,1319 548,576 590,627 1
S 2692,2974 606,635 636,650 5
S 284426,2691 543,563 601,638 4
S 1650,6732 571,616 629,648 1
S 2667,2949 601,627 628,650 3
S 1207,2664 550,566 594,631 5
S 1357,2667 554,599 600,636 5
S 2748,3187 540,555 631,646 3
S 1678,765 570,595 618,659 4
S 284855,1347 579,595 596,613 2
S 1250,1402 552,574 575,608 4
S 1370,2694 589,606 607,634 3
S 2739,769 540,565 628,649 2
S 1314,3171 594,624 625,652 4
S 1370,1320 562,598 599,626 1
S 1311,3171 556,583 621,656 3
S 2677,3199 598,634 635,653 5
S 6852,1023 602,621 628,649 1
S 2681,2977 604,630 631,651 3
S 715,2677 540,559 604,628 3
S 1319,2693 590,626 627,639 3
S 715,2667 540,555 594,634 3
S 1213,284849 548,565 569,606 4
S 1360,1018 589,612 616,661 4
S 1679,1694 575,591 592,615 2
S 1197,2994 540,582 623,653 1
S 6852,1353 558,578 580,625 1
S 6849,2949 550,584 630,647 1
S 2746,2666 540,567 568,580 5
S 2680,765 605,628 629,655 4
S 1679,2976 571,595 620,656 1
S 1209,2685 547,568 600,638 4
S 6848,3151 597,629 630,652 5
S 6853,1371 551,586 587,606 5
S 1679,1322 576,591 592,628 3
S 284794,2976 586,606 622,655 5
S 284432,2897 540,574 625,651 1
S 1198,2670 548,573 601,628 1
S 1208,6853 542,574 575,580 4
S 1364,2696 583,614 615,636 2
S 2679,2887 605,628 629,651 2
S 1353,2694 584,620 621,635 2
S 2577,763 596,615 630,646 4