D 153570
C 8
S 82213,153420 562,582 586,617 2
S 82050,153414 562,585 586,622 3
S 260920,150924 540,578 579,624 2
S 260922,123992 540,576 580,623 2
S 153586,123923 540,562 563,581 1
S 153583,82254 540,555 585,617 1
S 128235,153417 545,565 582,621 2
S 153597,123666 540,570 571,578 4
S 85071,128236 557,581 582,621 1
S 153592,69492 540,563 564,590 4
S 153604,153418 540,555 585,618 2
S 153621,260920 540,555 593,609 4
S 153590,150919 540,560 586,616 3
S 124061,82218 547,571 572,585 1
S 69505,153572 564,586 587,620 3
S 123664,153416 546,584 593,609 4
S 124057,82212 543,575 576,593 3
S 82263,128234 561,580 589,613 4
S 153617,124058 540,562 563,577 2
S 156912,85071 540,559 560,582 4
S 153619,123929 540,550 589,614 3
S 150921,153575 540,572 591,612 1
S 156913,123666 540,559 560,581 5
S 123922,82051 551,572 573,585 1
S 153585,150923 540,550 591,612 3
S 153580,150926 540,559 583,620 4
S 82213,128238 563,581 585,617 4
S 128237,82237 540,577 589,613 5
S 153607,124058 540,559 560,576 1
S 153610,69492 540,558 559,594 5
S 153571,124074 540,559 560,567 1
S 123654,82019 548,576 594,609 2
S 153607,82232 540,556 579,623 2
S 153413,150924 540,571 585,618 3
S 69504,82019 559,590 591,622 2
S 124061,69524 547,570 581,621 3
S 123989,82211 548,573 574,595 3
S 153605,150923 540,562 593,610 2
S 123667,123943 551,580 588,615 4
S 123772,260921 557,578 582,620 5
S 153618,85072 540,559 560,585 2
S 82210,82030 562,584 589,613 2
S 82050,69530 566,582 583,621 1
S 153574,69525 540,564 565,597 4
S 82218,260921 561,583 584,623 4
S 123492,260922 551,570 586,616 3
S 123770,124074 554,583 586,616 2
S 153599,123843 540,554 555,585 1
S 153572,123655 540,560 561,577 2
S 124061,153422 551,567 594,609 5
S 123772,153420 549,586 587,620 4
S 153621,69524 540,563 564,586 1
S 128237,123666 540,573 574,580 3
S 153600,260786 540,557 558,577 4
S 69505,123943 563,586 593,609 5
S 153598,69492 540,551 564,584 5
S 153575,123845 540,550 558,576 3
S 69525,69529 567,584 592,611 4
S 153584,69504 540,567 589,614 1
S 153575,153571 540,553 583,619 1
S 123663,260790 547,583 594,609 3
S 153608,82031 540,557 586,617 2
S 153572,82051 540,572 573,591 4
S 85136,150921 549,588 589,618 3
S 82218,153576 563,582 583,622 3
S 123981,82033 551,572 583,619 5
S 123989,69525 541,580 581,592 2
S 153413,123667 540,563 564,582 5
S 153577,123762 540,559 560,581 2
S 85072,69504 550,588 589,619 4
S 123989,69494 547,575 576,597 1
S 153621,123930 540,556 591,612 1
S 123655,153574 546,579 586,617 5
S 128239,150925 543,565 580,623 2
S 85070,82018 553,586 592,611 3
S 153597,123842 540,551 552,580 2
S 153588,123644 540,561 562,575 5
S 153622,85134 540,552 555,581 1
S 82262,123493 563,578 590,612 3
S 153600,123762 540,556 557,588 1
S 153596,123761 540,556 557,582 3
S 82051,123940 555,592 593,615 1
S 85069,82033 548,591 592,611 3
S 153588,123930 540,563 593,610 1
S 123664,123981 556,574 583,620 2
S 260923,82212 546,566 567,585 2
S 153603,128237 540,553 554,575 2
S 85135,69506 551,587 588,618 1
S 124061,150919 548,569 589,614 2
S 69504,260787 564,585 586,620 3
S 123646,153571 549,577 581,622 5
S 153599,123930 540,560 582,620 4
S 123922,123493 551,573 580,623 1
S 69525,69506 563,587 590,612 5
S 123660,128236 545,584 592,610 4
S 123994,153573 547,573 592,611 1
S 123333,69506 540,575 576,583 3
S 123644,123493 550,578 582,620 5
S 82211,153576 563,582 589,613 1
S 153619,268624 540,550 591,611 3