D 96097
C 10
S 97087,112830 540,570 615,648 3
S 112529,96085 547,592 615,648 5
S 112532,96238 559,579 611,651 3
S 96247,96098 540,564 622,640 5
S 112265,256296 546,581 582,601 1
S 112532,146329 554,584 585,603 3
S 146434,112261 573,599 611,651 3
S 112831,146253 553,595 609,653 5
S 97087,146267 540,572 573,589 2
S 96323,96053 540,563 624,639 1
S 112831,96084 556,591 620,643 4
S 98070,110906 544,576 611,652 5
S 112699,96054 559,586 623,639 4
S 98070,112543 540,580 611,651 2
S 146433,96073 572,601 612,651 4
S 112531,112528 547,591 616,647 5
S 146334,112534 573,594 619,644 3
S 112261,112264 551,580 610,652 3
S 96057,146297 540,555 617,646 5
S 112262,96051 551,579 621,641 3
S 97879,112699 548,565 566,588 1
S 97097,97937 543,561 616,647 4
S 96324,97089 540,559 609,653 2
S 112265,112832 544,583 623,640 2
S 110900,146284 544,578 579,588 2
S 112528,96067 556,584 609,654 5
S 96056,96068 540,564 615,647 1
S 146346,146250 562,598 617,645 5
S 96069,146288 540,559 611,651 2
S 97118,96053 540,572 623,639 4
S 112532,96324 549,589 614,649 3
S 112829,146434 565,584 585,603 2
S 112827,112261 566,584 610,653 1
S 112545,146346 555,575 576,591 2
S 96321,256296 540,564 578,596 2
S 112699,97941 561,584 620,642 1
S 146256,96100 567,583 619,644 5
S 112262,256314 543,586 609,654 1
S 146281,96065 561,595 616,647 2
S 146253,112829 568,583 614,648 5
S 146288,96319 558,600 621,642 5
S 146337,96085 566,600 614,649 2
S 96056,112537 540,568 616,647 2
S 112543,96356 549,584 610,652 2
S 112527,146388 550,591 592,601 2
S 112828,110907 566,582 621,642 2
S 96072,146337 540,562 563,603 4
S 96084,146346 540,551 561,599 3
S 96096,96057 540,549 615,648 1
S 112535,97119 546,590 616,647 3
S 96247,262780 540,555 556,593 5
S 146341,98104 571,591 617,646 5
S 112543,146434 555,578 613,649 4
S 146267,112830 567,588 620,642 3
S 112538,146288 554,580 622,641 2
S 146256,97119 554,597 609,653 5
S 146378,146267 573,596 619,643 4
S 146251,112262 564,589 618,644 4
S 146253,262777 556,594 613,649 2
S 96319,146290 542,560 613,649 2
S 97087,112829 540,573 618,644 2
S 112535,112831 545,590 612,650 1
S 96054,146286 540,555 557,600 4
S 146281,262778 563,592 611,651 3
S 96237,146285 540,565 612,650 5
S 98072,146281 549,569 613,649 3
S 112538,110902 551,583 621,641 5
S 146384,96067 572,598 621,641 5
S 96323,97120 540,571 611,652 4
S 146252,110909 568,584 611,651 4
S 98073,112535 550,569 623,639 1
S 146253,112529 561,590 621,642 3
S 97944,146427 546,568 574,601 2
S 97938,112525 543,569 622,640 4
S 96086,146338 540,563 564,602 4
S 146334,146379 563,604 616,647 1
S 146338,97120 567,597 615,647 4
S 98074,146251 551,567 568,596 4
S 96072,96096 540,558 612,650 3
S 112531,262780 556,583 621,642 2
S 96095,96320 540,559 623,639 2
S 110899,96357 547,577 610,652 3
S 96095,97941 540,552 613,650 4
S 262777,96237 563,579 610,652 1
S 112529,146284 547,592 617,645 4
S 96055,146296 540,569 620,642 1
S 112263,146379 549,579 580,599 2
S 146337,97089 575,590 619,644 4
S 96051,96083 540,563 623,639 1
S 96356,262777 540,570 571,582 5
S 146266,112529 569,585 611,651 5
S 112538,146346 553,580 581,600 4
S 97117,146339 540,574 575,598 1
S 146380,97121 576,593 617,645 2
S 112576,112543 557,578 621,641 1
S 146432,112530 569,603 614,648 4
S 112829,262777 561,587 619,643 5
S 112545,146379 549,582 583,592 3
S 146337,96050 567,599 617,645 3
S 112264,97118 549,580 620,642 4