D 165438
C 12
S 165111,170459 540,564 607,647 3
S 154273,168004 559,595 608,646 1
S 155675,168187 571,589 607,647 2
S 138080,167951 541,573 606,649 4
S 132341,155997 557,575 576,601 3
S 141599,164059 565,582 583,598 3
S 137917,156090 561,576 577,604 3
S 165276,132341 540,552 553,586 2
S 138521,132330 542,570 571,588 1
S 164002,165431 569,601 614,640 3
S 165247,169025 540,565 613,642 1
S 170391,170391 570,610 611,648 5
S 163973,170158 568,605 614,640 3
S 164529,168020 540,564 613,642 2
S 142147,164009 540,576 577,592 5
S 178348,168191 574,608 609,645 1
S 138682,164008 553,585 586,596 4
S 167448,252534 574,600 612,642 1
S 118646,167469 542,586 587,599 4
S 137854,165399 553,583 617,638 5
S 165300,164067 540,551 574,596 2
S 163974,167818 565,607 614,641 4
S 149906,170152 554,597 617,637 2
S 165301,132337 540,561 562,583 2
S 132348,167605 551,581 606,649 1
S 138521,168690 540,574 614,640 4
S 141576,170401 561,582 583,598 2
S 164067,252905 567,602 614,641 1
S 141186,169878 559,584 612,642 1
S 164008,169878 561,606 619,636 3
S 155653,168117 566,592 611,643 5
S 164462,155997 545,560 561,603 5
S 165168,155996 540,557 563,600 3
S 141595,168126 555,590 606,649 1
S 118645,169877 543,584 605,650 4
S 141577,168120 554,589 619,635 5
S 155184,170153 565,589 617,638 5
S 132362,165468 540,582 611,643 1
S 165051,155957 540,565 566,596 3
S 163974,165399 571,602 615,639 5
S 155957,167601 566,595 610,644 2
S 164702,168199 540,563 608,647 1
S 137853,169830 558,579 613,641 1
S 164001,168108 565,605 611,643 2
S 132340,169823 554,578 619,636 4
S 132352,253429 553,577 578,604 5
S 155655,170126 558,602 606,648 2
S 132342,253422 548,583 584,602 2
S 165107,168542 540,569 605,649 3
S 165110,169879 540,567 607,648 5
S 170400,165411 580,598 609,645 5
S 137884,167830 555,582 612,643 5
S 165287,141607 540,556 560,587 3
S 132354,178333 545,576 578,601 3
S 141596,170209 562,584 585,605 4
S 165147,168108 540,562 607,648 1
S 142178,170454 540,572 616,639 5
S 164530,170188 540,563 614,641 3
S 132386,155649 540,581 582,592 4
S 166979,165474 573,599 607,648 5
S 141600,167786 559,588 617,638 4
S 138697,167600 558,581 614,641 4
S 132353,164025 555,576 577,598 2
S 118640,168599 551,576 612,643 3
S 165418,155186 540,560 561,593 1
S 137649,167963 559,575 617,638 2
S 170402,178347 568,610 620,635 1
S 118646,170391 555,572 573,607 2
S 138699,164008 562,577 578,600 3
S 167480,167600 569,607 608,647 1
S 118681,168672 549,574 613,642 5
S 165264,169735 540,554 618,637 2
S 132387,170198 540,581 615,640 2
S 118683,164009 544,580 581,600 1
S 138672,169072 553,585 619,635 3
S 167478,165410 576,600 616,639 4
S 137499,155260 540,581 582,599 2
S 149084,167447 540,558 573,601 2
S 170389,165406 577,603 614,641 5
S 167468,167580 575,600 618,636 4
S 165287,155652 540,555 559,600 1
S 118646,167796 547,581 607,648 4
S 141607,170402 554,593 594,606 2
S 149877,170439 565,584 605,649 1
S 178348,168020 573,609 619,635 3
S 170392,170111 574,605 613,641 3
S 142150,167578 546,565 607,648 3
S 165418,149872 540,555 556,597 2
S 178333,168542 571,608 619,635 3
S 140953,165409 557,583 616,639 4
S 140930,164059 556,583 584,604 5
S 138081,168126 540,573 605,650 5
S 137884,167449 556,581 582,600 4
S 164021,170159 570,594 608,647 3
S 118646,170174 540,584 613,642 2
S 132340,155652 547,585 586,591 2
S 170387,170177 572,608 609,648 4
S 164066,168428 572,596 612,642 5
S 132325,164026 549,585 586,595 2
S 155184,178247 559,595 610,645 3