D 135106
C 12
S 141040,191785 540,559 570,592 5
S 156787,154274 565,581 609,625 3
S 141040,149880 540,556 609,626 5
S 156553,178979 553,574 575,590 3
S 140974,178970 541,556 568,588 1
S 149757,178882 540,565 566,591 4
S 137991,149909 540,563 564,570 1
S 178569,156427 555,593 608,626 1
S 141030,141032 540,565 603,632 3
S 155694,135101 551,569 598,636 4
S 170260,170341 561,578 600,634 1
S 156501,155649 550,574 595,640 1
S 170267,141020 551,589 603,631 4
S 155933,141033 552,568 607,628 1
S 138552,155184 540,553 607,627 5
S 178590,155503 564,585 601,634 3
S 163765,178965 547,582 583,590 1
S 178993,163946 566,593 598,637 4
S 141029,178886 540,568 605,629 5
S 138650,155546 540,555 597,637 2
S 149757,191786 540,564 600,634 3
S 170302,155186 550,590 599,636 5
S 154311,178441 540,570 601,634 1
S 155934,149760 542,578 596,639 3
S 141031,163943 540,569 570,585 2
S 170302,178586 561,580 597,638 5
S 141030,156507 540,563 564,573 1
S 170300,154274 552,590 602,633 4
S 137492,178780 540,556 567,585 5
S 178779,154309 566,585 597,637 2
S 178442,178395 562,583 607,627 3
S 155494,178983 542,571 572,595 4
S 141031,178787 540,561 562,596 1
S 170299,170268 553,589 601,634 5
S 170231,149870 546,591 609,626 1
S 155222,170214 547,565 566,590 4
S 155557,138554 540,579 597,638 4
S 149782,178442 540,572 573,595 3
S 149906,155648 540,568 595,639 5
S 141035,137491 540,560 601,633 2
S 170229,140973 547,590 607,627 4
S 137479,155563 540,560 561,576 3
S 149868,170232 545,561 562,590 3
S 254675,191785 546,576 577,603 5
S 179453,149857 568,590 599,635 4
S 138551,155186 540,558 601,634 1
S 156553,155683 555,573 601,633 4
S 170265,191785 557,584 599,636 1
S 141035,149880 540,559 596,639 5
S 156510,191785 553,572 573,599 2
S 137544,178569 540,556 600,635 4
S 179453,178601 561,596 597,640 2
S 154280,138555 540,576 602,633 5
S 179440,156786 565,594 596,638 2
S 149864,163939 540,575 576,585 2
S 149908,178916 541,567 609,626 5
S 138053,156421 540,552 605,629 4
S 254677,155539 550,572 599,635 5
S 155643,178784 542,576 577,583 1
S 178787,141643 554,598 599,638 4
S 178993,178979 559,599 602,633 1
S 163881,178965 548,584 585,596 1
S 178861,141092 559,594 605,629 1
S 149906,178603 540,569 607,628 3
S 178590,155646 562,587 596,639 3
S 178936,170341 560,595 603,631 5
S 178970,155540 566,590 607,628 3
S 141035,252448 540,555 557,581 2
S 141646,191866 542,558 572,590 3
S 178983,140974 566,591 607,627 5
S 191866,141031 567,594 606,629 1
S 156501,191788 541,582 583,593 3
S 155652,137990 540,580 606,629 1
S 156101,149765 544,580 609,626 2
S 138052,155648 540,552 553,575 4
S 163852,179446 556,574 575,601 3
S 140971,149859 540,567 606,629 4
S 149883,178586 540,574 598,636 3
S 178965,140974 567,589 609,626 2
S 178442,141644 560,586 597,638 3
S 257733,163854 540,554 604,631 1
S 149883,155647 540,570 597,637 4
S 156103,135077 540,583 598,637 5
S 154319,252450 540,569 606,628 3
S 137989,154307 540,564 600,634 5
S 155653,156785 547,569 597,637 4
S 170215,179448 556,580 597,637 2
S 156508,178877 546,579 580,599 2
S 138014,191786 540,561 569,592 5
S 155694,178603 552,567 603,631 1
S 140974,170228 540,556 557,591 1
S 170310,178781 560,581 609,626 5
S 178442,155549 557,589 605,629 3
S 155647,138650 547,569 600,634 1
S 178600,155197 557,594 595,639 4
S 137481,141642 540,554 596,638 5
S 156789,170291 565,581 600,634 5
S 178983,156787 559,597 598,636 2
S 257731,170301 540,555 556,587 5
S 167472,156564 558,576 600,635 3