D 137473
C 11
S 114997,104374 546,578 579,591 5
S 134815,107784 540,565 566,586 5
S 115735,108969 544,570 597,637 4
S 107975,137466 558,584 608,626 5
S 104424,138136 564,593 598,636 1
S 107774,108325 557,579 599,635 2
S 132998,138236 541,560 609,624 4
S 115990,108328 540,577 604,629 3
S 107863,138270 547,586 598,635 1
S 134556,109041 540,565 597,637 1
S 115002,135333 553,571 606,628 5
S 132912,135334 540,568 600,633 4
S 114918,137468 544,582 594,639 2
S 115736,107761 543,573 574,577 4
S 134805,138379 540,556 599,634 4
S 104502,138088 566,584 606,627 3
S 138082,104500 540,558 559,593 2
S 104448,104787 566,590 601,632 4
S 104476,134341 558,594 604,630 5
S 107848,137288 554,578 598,636 4
S 115349,104749 543,575 609,625 3
S 107762,134331 559,575 607,626 1
S 134925,114656 540,559 560,573 2
S 107864,137276 551,582 595,639 1
S 107587,137463 551,595 596,639 5
S 104293,137280 570,586 603,631 2
S 108006,104760 549,594 595,639 3
S 104375,137463 569,591 600,633 5
S 104398,134285 561,597 609,625 3
S 137475,107704 540,557 560,580 3
S 104430,264516 570,586 599,634 5
S 134926,114945 540,560 561,570 2
S 135125,109031 540,564 606,627 5
S 261990,134290 540,572 596,638 1
S 108004,108319 564,579 608,626 1
S 138032,108964 540,549 595,638 3
S 115738,104785 540,579 600,633 3
S 104400,134332 559,600 605,629 3
S 104448,134289 558,597 601,632 4
S 138085,104747 540,553 608,626 3
S 107781,134477 554,585 595,639 4
S 138087,132818 540,552 553,569 1
S 132982,107767 540,573 574,583 1
S 115990,138251 540,577 594,639 5
S 137348,108006 540,559 560,593 3
S 134557,108004 540,565 566,582 4
S 114953,134341 546,580 595,639 2
S 107781,108969 553,585 594,639 2
S 132823,135332 540,575 601,632 5
S 107783,108963 559,580 601,632 1
S 104368,135341 567,595 609,625 3
S 115293,109031 540,580 596,638 3
S 108010,114509 553,589 594,639 3
S 104368,135343 572,590 596,638 5
S 104425,134367 569,590 595,639 1
S 107704,134480 561,580 603,630 5
S 115733,107705 548,567 568,588 2
S 107604,135343 552,593 594,639 5
S 132997,138269 540,567 609,624 1
S 107705,104785 551,588 598,636 5
S 138032,104499 540,550 555,596 4
S 107704,137286 559,581 609,625 4
S 132998,138089 540,566 609,625 3
S 135129,138270 540,562 600,633 4
S 115346,137284 545,574 601,632 5
S 135127,115733 540,559 560,576 2
S 264567,115709 569,592 597,636 5
S 261990,114833 540,572 573,576 5
S 107762,135343 556,578 601,633 1
S 104505,104749 557,592 594,639 3
S 117241,137467 540,573 603,630 4
S 107976,104369 552,590 607,627 5
S 138033,137466 540,560 600,634 4
S 132995,137273 540,573 595,638 3
S 132980,107604 540,573 574,593 3
S 114836,138089 558,573 600,634 1
S 115346,138250 540,581 597,637 5
S 107844,104367 550,582 599,635 5
S 107587,108978 559,588 604,629 5
S 132919,104407 540,574 603,630 5
S 134813,135339 540,558 598,636 4
S 107704,134367 560,581 608,625 2
S 114661,108329 557,572 595,639 1
S 132983,108968 540,572 602,631 5
S 107956,264516 557,583 602,631 5
S 138086,104441 540,562 563,596 5
S 104501,108325 564,587 601,632 4
S 107771,137466 559,577 594,639 3
S 138084,104371 540,555 600,633 1
S 135123,108320 540,564 599,635 5
S 132817,138391 540,573 598,635 3
S 107772,109066 552,584 596,637 5
S 107774,137466 547,589 600,634 4
S 104395,104750 569,588 598,636 2
S 104666,134480 557,591 608,626 5
S 104504,135337 564,585 599,634 3
S 115798,104371 540,576 577,588 4
S 104372,109065 560,600 601,638 1
S 137471,137271 540,566 605,629 4
S 134821,104368 540,571 572,597 3