D 23927
C 10
S 276163,42403 540,570 588,624 2
S 43769,23930 540,577 586,626 4
S 94948,276123 560,585 592,620 1
S 94967,276120 558,592 593,625 4
S 276095,276060 540,569 583,628 5
S 276107,45484 540,568 590,622 3
S 94968,276238 552,597 598,626 1
S 43769,276154 540,572 585,626 5
S 41549,53050 543,564 565,581 4
S 41556,53047 540,564 565,579 3
S 94970,45484 556,594 595,619 4
S 24842,45484 540,557 558,571 3
S 25378,276152 540,562 598,613 3
S 23931,53125 540,559 588,623 1
S 276081,54894 540,564 565,583 1
S 94653,43757 563,578 588,623 5
S 54894,54899 561,576 591,620 5
S 94972,45480 566,584 591,620 2
S 43763,45478 541,569 589,622 2
S 43762,94562 540,571 572,581 4
S 94650,94946 549,592 596,615 4
S 94970,25360 557,592 593,628 1
S 43765,54895 540,571 598,613 3
S 47055,52909 541,581 598,613 3
S 94653,47055 557,583 598,614 5
S 43766,94973 540,570 590,622 2
S 43766,94954 540,575 576,596 1
S 53035,94681 553,579 591,620 5
S 53037,47235 549,581 595,617 5
S 43764,94592 540,577 598,613 3
S 45483,94562 540,575 592,619 2
S 25378,94970 540,561 562,593 3
S 45696,47046 542,577 583,628 3
S 45478,53124 544,572 588,624 5
S 94649,276095 558,584 595,616 1
S 45482,54894 541,575 576,580 1
S 23938,54894 540,549 585,627 5
S 53035,45482 543,588 595,616 3
S 24844,276155 540,560 598,614 2
S 276107,47055 540,559 560,568 4
S 26190,45684 540,562 591,621 2
S 23939,94650 540,556 557,589 1
S 276081,276107 540,565 598,613 3
S 53125,45393 559,574 592,619 5
S 94947,47050 558,587 588,626 2
S 276088,94663 540,561 562,587 4
S 276094,53125 540,561 586,625 1
S 94584,53047 558,581 587,625 4
S 41553,94966 543,562 563,596 4
S 23930,53034 540,565 584,627 2
S 47052,42410 544,578 591,620 5
S 94562,94944 547,590 596,615 2
S 94587,45474 551,587 588,626 5
S 45427,94948 541,573 574,592 5
S 25358,43758 540,557 592,619 3
S 41549,53124 545,563 564,586 3
S 26192,45748 540,557 596,616 1
S 45683,94945 540,580 581,593 1
S 45683,42410 541,577 591,620 2
S 24844,47054 540,550 585,627 4
S 53114,53113 547,585 597,614 2
S 276152,45395 540,567 590,621 5
S 276284,45684 540,561 562,574 2
S 45417,94975 547,567 587,624 2
S 24841,43762 540,556 557,573 5
S 41549,43759 542,566 594,617 1
S 45696,45474 540,582 597,614 2
S 53114,53125 546,587 598,614 3
S 94950,276089 551,596 597,625 4
S 45746,94649 552,569 570,587 3
S 53049,47047 545,585 597,614 4
S 41548,276088 540,573 590,622 1
S 94649,41556 554,588 589,624 5
S 54899,94650 555,580 590,622 1
S 94945,94652 564,581 588,623 5
S 23935,94650 540,558 584,627 5
S 276109,94663 540,566 587,624 3
S 53037,54901 556,575 593,618 2
S 94945,45747 565,580 596,615 5
S 94971,45480 562,588 594,617 3
S 94971,276153 556,595 596,617 2
S 94944,42410 551,593 594,625 1
S 53048,43769 551,578 593,618 4
S 94592,53034 551,588 589,625 3
S 45409,276240 540,576 597,614 3
S 45395,94664 548,563 564,593 5
S 47234,25378 550,577 588,624 4
S 23935,47049 540,558 559,572 1
S 53035,42403 555,577 589,622 5
S 23931,47050 540,554 555,569 5
S 41554,94970 543,562 563,592 5
S 94970,45474 561,589 590,628 3
S 25094,94947 540,563 564,586 2
S 47056,276240 540,582 588,624 3
S 43762,94584 540,576 577,579 1
S 54897,276062 546,590 598,614 1
S 94944,54898 558,586 588,623 5
S 45394,53124 540,573 587,625 4
S 276091,94969 540,571 572,595 3
S 47052,94952 546,577 578,593 5