D 164447
C 8
S 136490,136787 544,589 590,628 1
S 136771,138283 561,586 587,629 3
S 134282,135339 542,574 598,615 2
S 134469,154756 540,574 594,620 3
S 149566,136342 540,561 588,626 5
S 149565,136788 540,560 561,592 2
S 164449,136486 540,554 584,629 5
S 164448,136788 540,555 588,626 4
S 164430,136796 540,558 561,578 1
S 135575,137279 541,583 598,616 1
S 136486,136780 545,589 590,627 2
S 136775,149429 565,580 594,619 5
S 135579,134204 554,572 591,623 5
S 164448,136725 540,557 558,592 1
S 138267,135587 540,559 560,586 1
S 136781,134111 550,593 598,615 5
S 135548,136860 542,580 596,618 2
S 136777,134110 563,581 592,622 1
S 134340,136708 542,569 570,591 5
S 137297,136443 540,560 561,587 5
S 134207,136722 548,570 571,587 5
S 154753,136796 540,549 552,588 1
S 164445,136771 540,556 557,594 3
S 138266,136536 540,555 590,624 2
S 137285,137281 540,556 594,619 4
S 138380,136440 540,562 563,574 4
S 134280,134339 543,573 591,622 2
S 137276,149437 540,562 592,621 3
S 135660,135671 546,583 584,629 5
S 134282,134109 540,579 590,623 2
S 134474,136789 540,572 593,620 3
S 138267,138283 540,567 593,620 5
S 257905,135673 562,582 594,620 2
S 136443,136861 555,578 591,622 5
S 134340,136706 544,567 568,587 4
S 142176,149552 540,565 592,622 5
S 134182,136774 541,580 585,629 5
S 142178,135693 540,562 587,627 1
S 138265,134283 540,562 563,573 2
S 134473,134202 540,570 588,625 4
S 142178,134154 540,561 594,619 2
S 135582,134477 541,586 597,616 2
S 138253,149471 540,557 589,624 4
S 154756,138286 540,560 586,628 1
S 164430,138271 540,560 597,616 1
S 135344,136444 540,569 570,577 5
S 138270,136731 540,562 564,586 3
S 134210,136794 540,580 581,587 3
S 137296,136488 540,557 558,588 4
S 135545,134339 550,572 585,628 4
S 257905,138287 551,593 599,614 5
S 134260,136794 540,574 595,619 2
S 142178,135576 540,558 559,570 5
S 136789,136485 561,580 592,622 1
S 134339,164430 543,567 584,629 4
S 134472,134333 543,565 593,621 5
S 135662,134290 547,583 594,620 2
S 134379,134477 540,575 595,619 5
S 134292,134340 549,564 598,616 1
S 136769,134163 556,591 598,616 3
S 136488,134108 553,580 590,623 2
S 136793,135345 550,590 597,617 3
S 134278,134479 546,569 590,623 4
S 134340,134339 540,576 599,615 3
S 134332,136705 547,565 567,582 3
S 135479,135674 549,570 588,625 2
S 136794,134477 550,590 599,614 3
S 137296,136441 540,569 597,616 4
S 136786,135684 562,580 598,616 2
S 136485,136774 558,576 585,629 4
S 137280,136707 540,570 571,588 4
S 136721,136444 553,597 598,619 1
S 164442,135341 540,548 549,573 5
S 137285,136797 540,561 562,577 2
S 137299,137286 540,561 591,623 3
S 136726,134365 562,588 595,619 1
S 137280,138285 540,569 595,618 5
S 135663,138269 554,577 596,618 3
S 136729,137286 554,597 598,629 4
S 134365,134364 540,572 589,624 4
S 134208,136781 540,581 582,592 1
S 135578,136792 547,579 592,622 1
S 134291,134154 549,564 587,626 1
S 137284,135660 540,558 559,581 5
S 136707,136485 566,585 593,620 5
S 135343,138380 540,567 598,615 1
S 149566,257905 540,565 591,622 2
S 133903,134083 557,575 598,616 5
S 136770,258125 560,587 589,624 5
S 154756,133553 540,561 595,619 2
S 137286,258125 540,560 593,620 4
S 133904,136486 552,580 586,628 4
S 137276,134085 540,564 594,619 5
S 135660,136774 552,578 587,626 3
S 136705,138269 565,583 597,617 3
S 133904,257905 549,582 597,616 3
S 149436,136775 540,564 565,595 3
S 135406,136790 542,573 588,625 1
S 136809,133553 554,584 598,616 3
S 134279,154755 540,578 590,624 2